"Locality","DailyAvgNewCasesPast7Days","TotalCases","State","Date","TotalCases7DaysAgo","NewCasesPast7Days","FIPS-Code","PercentIncreaseTotalCasesPast7Days"
"Autauga","5","248","Alabama","6/5/20","212","36","01001","16.98"
"Baldwin","2","296","Alabama","6/5/20","282","14","01003","4.96"
"Barbour","5","183","Alabama","6/5/20","147","36","01005","24.49"
"Bibb","1","76","Alabama","6/5/20","71","5","01007","7.04"
"Blount","1","64","Alabama","6/5/20","60","4","01009","6.67"
"Bullock","3","219","Alabama","6/5/20","201","18","01011","8.96"
"Butler","5","431","Alabama","6/5/20","396","35","01013","8.84"
"Calhoun","2","169","Alabama","6/5/20","153","16","01015","10.46"
"Chambers","2","363","Alabama","6/5/20","352","11","01017","3.12"
"Cherokee","0","38","Alabama","6/5/20","36","2","01019","5.56"
"Chilton","1","108","Alabama","6/5/20","99","9","01021","9.09"
"Choctaw","1","153","Alabama","6/5/20","149","4","01023","2.68"
"Clarke","2","149","Alabama","6/5/20","134","15","01025","11.19"
"Clay","0","28","Alabama","6/5/20","27","1","01027","3.7"
"Cleburne","0","15","Alabama","6/5/20","14","1","01029","7.14"
"Coffee","2","240","Alabama","6/5/20","226","14","01031","6.19"
"Colbert","5","197","Alabama","6/5/20","165","32","01033","19.39"
"Conecuh","1","42","Alabama","6/5/20","38","4","01035","10.53"
"Coosa","0","40","Alabama","6/5/20","38","2","01037","5.26"
"Covington","1","83","Alabama","6/5/20","77","6","01039","7.79"
"Crenshaw","1","80","Alabama","6/5/20","73","7","01041","9.59"
"Cullman","7","163","Alabama","6/5/20","114","49","01043","42.98"
"Dale","3","125","Alabama","6/5/20","106","19","01045","17.92"
"Dallas","6","296","Alabama","6/5/20","255","41","01047","16.08"
"DeKalb","2","260","Alabama","6/5/20","243","17","01049","7"
"Elmore","8","381","Alabama","6/5/20","323","58","01051","17.96"
"Escambia","3","79","Alabama","6/5/20","57","22","01053","38.6"
"Etowah","3","265","Alabama","6/5/20","247","18","01055","7.29"
"Fayette","0","16","Alabama","6/5/20","13","3","01057","23.08"
"Franklin","8","593","Alabama","6/5/20","540","53","01059","9.81"
"Geneva","1","45","Alabama","6/5/20","39","6","01061","15.38"
"Greene","0","95","Alabama","6/5/20","93","2","01063","2.15"
"Hale","5","192","Alabama","6/5/20","157","35","01065","22.29"
"Henry","2","84","Alabama","6/5/20","73","11","01067","15.07"
"Houston","3","227","Alabama","6/5/20","204","23","01069","11.27"
"Jackson","1","86","Alabama","6/5/20","76","10","01071","13.16"
"Jefferson","26","1927","Alabama","6/5/20","1744","183","01073","10.49"
"Lamar","1","28","Alabama","6/5/20","23","5","01075","21.74"
"Lauderdale","3","175","Alabama","6/5/20","156","19","01077","12.18"
"Lawrence","0","51","Alabama","6/5/20","48","3","01079","6.25"
"Lee","4","563","Alabama","6/5/20","536","27","01081","5.04"
"Limestone","3","110","Alabama","6/5/20","92","18","01083","19.57"
"Lowndes","6","269","Alabama","6/5/20","227","42","01085","18.5"
"Macon","3","94","Alabama","6/5/20","72","22","01087","30.56"
"Madison","5","359","Alabama","6/5/20","324","35","01089","10.8"
"Marengo","3","179","Alabama","6/5/20","160","19","01091","11.88"
"Marion","1","125","Alabama","6/5/20","120","5","01093","4.17"
"Marshall","5","714","Alabama","6/5/20","681","33","01095","4.85"
"Mobile","26","2341","Alabama","6/5/20","2162","179","01097","8.28"
"Monroe","2","49","Alabama","6/5/20","36","13","01099","36.11"
"Montgomery","45","1905","Alabama","6/5/20","1590","315","01101","19.81"
"Morgan","10","314","Alabama","6/5/20","244","70","01103","28.69"
"Perry","1","43","Alabama","6/5/20","35","8","01105","22.86"
"Pickens","2","121","Alabama","6/5/20","109","12","01107","11.01"
"Pike","5","223","Alabama","6/5/20","191","32","01109","16.75"
"Randolph","0","128","Alabama","6/5/20","125","3","01111","2.4"
"Russell","4","187","Alabama","6/5/20","162","25","01113","15.43"
"Shelby","6","536","Alabama","6/5/20","497","39","01117","7.85"
"St. Clair","3","137","Alabama","6/5/20","118","19","01115","16.1"
"Sumter","3","236","Alabama","6/5/20","216","20","01119","9.26"
"Talladega","2","121","Alabama","6/5/20","106","15","01121","14.15"
"Tallapoosa","2","435","Alabama","6/5/20","422","13","01123","3.08"
"Tuscaloosa","19","853","Alabama","6/5/20","720","133","01125","18.47"
"Walker","10","397","Alabama","6/5/20","330","67","01127","20.3"
"Washington","1","74","Alabama","6/5/20","67","7","01129","10.45"
"Wilcox","2","158","Alabama","6/5/20","141","17","01131","12.06"
"Winston","1","92","Alabama","6/5/20","87","5","01133","5.75"
"Anchorage","7","264","Alaska","6/5/20","213","51","02020","23.94"
"Bethel","0","3","Alaska","6/5/20","3","0","02050","0"
"Fairbanks North Star","0","85","Alaska","6/5/20","85","0","02090","0"
"Juneau","0","33","Alaska","6/5/20","33","0","02110","0"
"Kenai Peninsula","5","68","Alaska","6/5/20","36","32","02122","88.89"
"Ketchikan Gateway","0","16","Alaska","6/5/20","16","0","02130","0"
"Kodiak Island","0","1","Alaska","6/5/20","1","0","02150","0"
"Matanuska-Susitna","2","35","Alaska","6/5/20","24","11","02170","45.83"
"Nome","0","3","Alaska","6/5/20","3","0","02180","0"
"North Slope","0","1","Alaska","6/5/20","1","0","02185","0"
"Northwest Arctic","0","2","Alaska","6/5/20","2","0","02188","0"
"Petersburg","0","4","Alaska","6/5/20","4","0","02195","0"
"Prince of Wales-Hyder","0","2","Alaska","6/5/20","2","0","02198","0"
"Sitka","0","2","Alaska","6/5/20","2","0","02220","0"
"Southeast Fairbanks","0","3","Alaska","6/5/20","3","0","02240","0"
"Yukon-Koyukuk","0","1","Alaska","6/5/20","1","0","02290","0"
"Apache","35","1656","Arizona","6/5/20","1414","242","04001","17.11"
"Cochise","8","120","Arizona","6/5/20","67","53","04003","79.1"
"Coconino","21","1248","Arizona","6/5/20","1104","144","04005","13.04"
"Gila","2","42","Arizona","6/5/20","28","14","04007","50"
"Graham","2","40","Arizona","6/5/20","27","13","04009","48.15"
"Greenlee","1","9","Arizona","6/5/20","4","5","04011","125"
"La Paz","14","149","Arizona","6/5/20","54","95","04012","175.93"
"Maricopa","426","12091","Arizona","6/5/20","9112","2979","04013","32.69"
"Mohave","11","447","Arizona","6/5/20","369","78","04015","21.14"
"Navajo","50","2104","Arizona","6/5/20","1752","352","04017","20.09"
"Pima","93","2883","Arizona","6/5/20","2234","649","04019","29.05"
"Pinal","29","1018","Arizona","6/5/20","814","204","04021","25.06"
"Santa Cruz","34","503","Arizona","6/5/20","262","241","04023","91.98"
"Yavapai","3","314","Arizona","6/5/20","295","19","04025","6.44"
"Yuma","126","1815","Arizona","6/5/20","936","879","04027","93.91"
"Arkansas","0","7","Arkansas","6/5/20","4","3","05001","75"
"Ashley","1","29","Arkansas","6/5/20","19","10","05003","52.63"
"Baxter","0","12","Arkansas","6/5/20","9","3","05005","33.33"
"Benton","51","826","Arkansas","6/5/20","468","358","05007","76.5"
"Boone","0","7","Arkansas","6/5/20","6","1","05009","16.67"
"Bradley","1","26","Arkansas","6/5/20","18","8","05011","44.44"
"Carroll","1","33","Arkansas","6/5/20","24","9","05015","37.5"
"Chicot","1","19","Arkansas","6/5/20","15","4","05017","26.67"
"Clark","0","40","Arkansas","6/5/20","39","1","05019","2.56"
"Clay","0","5","Arkansas","6/5/20","4","1","05021","25"
"Cleburne","0","74","Arkansas","6/5/20","73","1","05023","1.37"
"Cleveland","0","19","Arkansas","6/5/20","19","0","05025","0"
"Columbia","0","23","Arkansas","6/5/20","21","2","05027","9.52"
"Conway","0","15","Arkansas","6/5/20","14","1","05029","7.14"
"Craighead","10","279","Arkansas","6/5/20","206","73","05031","35.44"
"Crawford","2","35","Arkansas","6/5/20","18","17","05033","94.44"
"Crittenden","14","436","Arkansas","6/5/20","341","95","05035","27.86"
"Cross","1","60","Arkansas","6/5/20","50","10","05037","20"
"Dallas","0","3","Arkansas","6/5/20","1","2","05039","200"
"Desha","0","19","Arkansas","6/5/20","19","0","05041","0"
"Drew","0","21","Arkansas","6/5/20","19","2","05043","10.53"
"Faulkner","1","108","Arkansas","6/5/20","102","6","05045","5.88"
"Franklin","0","5","Arkansas","6/5/20","4","1","05047","25"
"Fulton","0","7","Arkansas","6/5/20","7","0","05049","0"
"Garland","0","138","Arkansas","6/5/20","136","2","05051","1.47"
"Grant","0","18","Arkansas","6/5/20","18","0","05053","0"
"Greene","1","67","Arkansas","6/5/20","63","4","05055","6.35"
"Hempstead","1","23","Arkansas","6/5/20","15","8","05057","53.33"
"Hot Spring","0","34","Arkansas","6/5/20","32","2","05059","6.25"
"Howard","1","27","Arkansas","6/5/20","19","8","05061","42.11"
"Independence","0","33","Arkansas","6/5/20","30","3","05063","10"
"Izard","0","17","Arkansas","6/5/20","16","1","05065","6.25"
"Jackson","1","5","Arkansas","6/5/20","1","4","05067","400"
"Jefferson","4","545","Arkansas","6/5/20","516","29","05069","5.62"
"Johnson","2","55","Arkansas","6/5/20","42","13","05071","30.95"
"Lafayette","0","9","Arkansas","6/5/20","9","0","05073","0"
"Lawrence","1","87","Arkansas","6/5/20","82","5","05075","6.1"
"Lee","2","30","Arkansas","6/5/20","18","12","05077","66.67"
"Lincoln","1","985","Arkansas","6/5/20","975","10","05079","1.03"
"Little River","1","14","Arkansas","6/5/20","6","8","05081","133.33"
"Logan","1","12","Arkansas","6/5/20","5","7","05083","140"
"Lonoke","1","57","Arkansas","6/5/20","47","10","05085","21.28"
"Madison","4","43","Arkansas","6/5/20","13","30","05087","230.77"
"Marion","0","2","Arkansas","6/5/20","1","1","05089","100"
"Miller","1","52","Arkansas","6/5/20","42","10","05091","23.81"
"Mississippi","1","79","Arkansas","6/5/20","73","6","05093","8.22"
"Monroe","0","5","Arkansas","6/5/20","5","0","05095","0"
"Montgomery","0","2","Arkansas","6/5/20","2","0","05097","0"
"Nevada","1","10","Arkansas","6/5/20","5","5","05099","100"
"Newton","0","3","Arkansas","6/5/20","3","0","05101","0"
"Ouachita","0","12","Arkansas","6/5/20","10","2","05103","20"
"Perry","0","14","Arkansas","6/5/20","14","0","05105","0"
"Phillips","1","25","Arkansas","6/5/20","19","6","05107","31.58"
"Pike","0","6","Arkansas","6/5/20","5","1","05109","20"
"Poinsett","1","41","Arkansas","6/5/20","31","10","05111","32.26"
"Polk","2","29","Arkansas","6/5/20","17","12","05113","70.59"
"Pope","7","184","Arkansas","6/5/20","136","48","05115","35.29"
"Prairie","0","3","Arkansas","6/5/20","2","1","05117","50"
"Pulaski","31","1065","Arkansas","6/5/20","846","219","05119","25.89"
"Randolph","0","26","Arkansas","6/5/20","26","0","05121","0"
"Saline","2","123","Arkansas","6/5/20","110","13","05125","11.82"
"Scott","0","1","Arkansas","6/5/20","1","0","05127","0"
"Searcy","0","7","Arkansas","6/5/20","7","0","05129","0"
"Sebastian","6","69","Arkansas","6/5/20","29","40","05131","137.93"
"Sevier","20","301","Arkansas","6/5/20","162","139","05133","85.8"
"Sharp","0","48","Arkansas","6/5/20","46","2","05135","4.35"
"St. Francis","4","694","Arkansas","6/5/20","664","30","05123","4.52"
"Stone","0","10","Arkansas","6/5/20","8","2","05137","25"
"Union","3","185","Arkansas","6/5/20","166","19","05139","11.45"
"Van Buren","0","29","Arkansas","6/5/20","28","1","05141","3.57"
"Washington","59","824","Arkansas","6/5/20","410","414","05143","100.98"
"White","1","48","Arkansas","6/5/20","43","5","05145","11.63"
"Woodruff","0","1","Arkansas","6/5/20","2","-1","05147","-50"
"Yell","11","202","Arkansas","6/5/20","128","74","05149","57.81"
"Alameda","76","3725","California","6/5/20","3195","530","06001","16.59"
"Alpine","0","2","California","6/5/20","2","0","06003","0"
"Amador","0","10","California","6/5/20","10","0","06005","0"
"Butte","3","65","California","6/5/20","44","21","06007","47.73"
"Calaveras","1","19","California","6/5/20","15","4","06009","26.67"
"Colusa","0","7","California","6/5/20","5","2","06011","40"
"Contra Costa","25","1577","California","6/5/20","1404","173","06013","12.32"
"Del Norte","0","47","California","6/5/20","44","3","06015","6.82"
"El Dorado","3","102","California","6/5/20","84","18","06017","21.43"
"Fresno","51","2014","California","6/5/20","1658","356","06019","21.47"
"Glenn","0","17","California","6/5/20","14","3","06021","21.43"
"Humboldt","1","104","California","6/5/20","98","6","06023","6.12"
"Imperial","133","2568","California","6/5/20","1634","934","06025","57.16"
"Inyo","0","20","California","6/5/20","20","0","06027","0"
"Kern","65","2534","California","6/5/20","2076","458","06029","22.06"
"Kings","105","1452","California","6/5/20","714","738","06031","103.36"
"Lake","1","30","California","6/5/20","23","7","06033","30.43"
"Lassen","0","6","California","6/5/20","5","1","06035","20"
"Los Angeles","1341","61068","California","6/5/20","51678","9390","06037","18.17"
"Madera","6","141","California","6/5/20","98","43","06039","43.88"
"Marin","13","530","California","6/5/20","436","94","06041","21.56"
"Mariposa","0","16","California","6/5/20","16","0","06043","0"
"Mendocino","0","33","California","6/5/20","30","3","06045","10"
"Merced","6","320","California","6/5/20","280","40","06047","14.29"
"Mono","0","37","California","6/5/20","35","2","06051","5.71"
"Monterey","23","640","California","6/5/20","477","163","06053","34.17"
"Napa","3","129","California","6/5/20","111","18","06055","16.22"
"Nevada","1","49","California","6/5/20","41","8","06057","19.51"
"Orange","163","7064","California","6/5/20","5923","1141","06059","19.26"
"Placer","9","265","California","6/5/20","199","66","06061","33.17"
"Plumas","0","4","California","6/5/20","4","0","06063","0"
"Riverside","184","8777","California","6/5/20","7486","1291","06065","17.25"
"Sacramento","21","1519","California","6/5/20","1373","146","06067","10.63"
"San Benito","2","102","California","6/5/20","85","17","06069","20"
"San Bernardino","128","5930","California","6/5/20","5034","896","06071","17.8"
"San Diego","120","7940","California","6/5/20","7100","840","06073","11.83"
"San Francisco","32","2698","California","6/5/20","2473","225","06075","9.1"
"San Joaquin","27","1050","California","6/5/20","858","192","06077","22.38"
"San Luis Obispo","3","291","California","6/5/20","269","22","06079","8.18"
"San Mateo","34","2299","California","6/5/20","2061","238","06081","11.55"
"Santa Barbara","14","1737","California","6/5/20","1636","101","06083","6.17"
"Santa Clara","26","2892","California","6/5/20","2707","185","06085","6.83"
"Santa Cruz","2","221","California","6/5/20","206","15","06087","7.28"
"Shasta","1","42","California","6/5/20","37","5","06089","13.51"
"Sierra","0","1","California","6/5/20","1","0","06091","0"
"Siskiyou","0","9","California","6/5/20","7","2","06093","28.57"
"Solano","8","565","California","6/5/20","509","56","06095","11"
"Sonoma","11","610","California","6/5/20","531","79","06097","14.88"
"Stanislaus","19","816","California","6/5/20","683","133","06099","19.47"
"Sutter","1","51","California","6/5/20","42","9","06101","21.43"
"Tehama","0","7","California","6/5/20","4","3","06103","75"
"Trinity","0","2","California","6/5/20","1","1","06105","100"
"Tulare","39","2116","California","6/5/20","1844","272","06107","14.75"
"Tuolumne","0","5","California","6/5/20","4","1","06109","25"
"Ventura","22","1216","California","6/5/20","1062","154","06111","14.5"
"Yolo","1","216","California","6/5/20","207","9","06113","4.35"
"Yuba","0","31","California","6/5/20","29","2","06115","6.9"
"Adams","53","3515","Colorado","6/5/20","3142","373","08001","11.87"
"Alamosa","3","87","Colorado","6/5/20","65","22","08003","33.85"
"Arapahoe","48","4591","Colorado","6/5/20","4254","337","08005","7.92"
"Archuleta","0","8","Colorado","6/5/20","8","0","08007","0"
"Baca","0","12","Colorado","6/5/20","12","0","08009","0"
"Bent","0","2","Colorado","6/5/20","2","0","08011","0"
"Boulder","6","1008","Colorado","6/5/20","964","44","08013","4.56"
"Broomfield","3","252","Colorado","6/5/20","232","20","08014","8.62"
"Chaffee","1","77","Colorado","6/5/20","72","5","08015","6.94"
"Cheyenne","0","5","Colorado","6/5/20","5","0","08017","0"
"Clear Creek","0","17","Colorado","6/5/20","16","1","08019","6.25"
"Conejos","0","4","Colorado","6/5/20","1","3","08021","300"
"Costilla","0","6","Colorado","6/5/20","5","1","08023","20"
"Crowley","0","66","Colorado","6/5/20","63","3","08025","4.76"
"Custer","0","2","Colorado","6/5/20","2","0","08027","0"
"Delta","1","72","Colorado","6/5/20","68","4","08029","5.88"
"Denver","67","6041","Colorado","6/5/20","5569","472","08031","8.48"
"Douglas","7","751","Colorado","6/5/20","705","46","08035","6.52"
"Eagle","2","603","Colorado","6/5/20","586","17","08037","2.9"
"El Paso","18","1802","Colorado","6/5/20","1674","128","08041","7.65"
"Elbert","0","53","Colorado","6/5/20","52","1","08039","1.92"
"Fremont","0","26","Colorado","6/5/20","26","0","08043","0"
"Garfield","3","158","Colorado","6/5/20","137","21","08045","15.33"
"Gilpin","0","4","Colorado","6/5/20","3","1","08047","33.33"
"Grand","0","15","Colorado","6/5/20","12","3","08049","25"
"Gunnison","0","178","Colorado","6/5/20","177","1","08051","0.56"
"Hinsdale","0","3","Colorado","6/5/20","3","0","08053","0"
"Huerfano","0","3","Colorado","6/5/20","3","0","08055","0"
"Jefferson","25","2343","Colorado","6/5/20","2171","172","08059","7.92"
"Kit Carson","1","30","Colorado","6/5/20","26","4","08063","15.38"
"La Plata","0","82","Colorado","6/5/20","80","2","08067","2.5"
"Lake","1","35","Colorado","6/5/20","29","6","08065","20.69"
"Larimer","6","613","Colorado","6/5/20","570","43","08069","7.54"
"Las Animas","0","5","Colorado","6/5/20","5","0","08071","0"
"Lincoln","0","3","Colorado","6/5/20","3","0","08073","0"
"Logan","4","627","Colorado","6/5/20","601","26","08075","4.33"
"Mesa","1","60","Colorado","6/5/20","54","6","08077","11.11"
"Mineral","0","2","Colorado","6/5/20","2","0","08079","0"
"Moffat","0","8","Colorado","6/5/20","7","1","08081","14.29"
"Montezuma","1","46","Colorado","6/5/20","39","7","08083","17.95"
"Montrose","2","183","Colorado","6/5/20","168","15","08085","8.93"
"Morgan","3","641","Colorado","6/5/20","623","18","08087","2.89"
"Otero","0","21","Colorado","6/5/20","18","3","08089","16.67"
"Ouray","0","8","Colorado","6/5/20","8","0","08091","0"
"Park","0","23","Colorado","6/5/20","23","0","08093","0"
"Phillips","0","14","Colorado","6/5/20","13","1","08095","7.69"
"Pitkin","0","59","Colorado","6/5/20","57","2","08097","3.51"
"Prowers","0","15","Colorado","6/5/20","13","2","08099","15.38"
"Pueblo","4","306","Colorado","6/5/20","281","25","08101","8.9"
"Rio Blanco","0","1","Colorado","6/5/20","1","0","08103","0"
"Rio Grande","3","40","Colorado","6/5/20","16","24","08105","150"
"Routt","0","62","Colorado","6/5/20","61","1","08107","1.64"
"Saguache","6","92","Colorado","6/5/20","48","44","08109","91.67"
"San Juan","0","1","Colorado","6/5/20","1","0","08111","0"
"San Miguel","0","23","Colorado","6/5/20","23","0","08113","0"
"Summit","3","239","Colorado","6/5/20","219","20","08117","9.13"
"Teller","0","33","Colorado","6/5/20","32","1","08119","3.12"
"Washington","0","42","Colorado","6/5/20","40","2","08121","5"
"Weld","10","2540","Colorado","6/5/20","2472","68","08123","2.75"
"Yuma","1","43","Colorado","6/5/20","36","7","08125","19.44"
"Fairfield","72","15914","Connecticut","6/5/20","15409","505","09001","3.28"
"Hartford","76","10677","Connecticut","6/5/20","10146","531","09003","5.23"
"Litchfield","5","1409","Connecticut","6/5/20","1375","34","09005","2.47"
"Middlesex","11","1170","Connecticut","6/5/20","1090","80","09007","7.34"
"New Haven","62","11673","Connecticut","6/5/20","11241","432","09009","3.84"
"New London","6","1108","Connecticut","6/5/20","1068","40","09011","3.75"
"Tolland","5","859","Connecticut","6/5/20","827","32","09013","3.87"
"Windham","4","405","Connecticut","6/5/20","380","25","09015","6.58"
"Kent","9","1465","Delaware","6/5/20","1401","64","10001","4.57"
"New Castle","44","3937","Delaware","6/5/20","3629","308","10003","8.49"
"Sussex","24","4322","Delaware","6/5/20","4155","167","10005","4.02"
"","0","49","Diamond Princess","6/5/20","49","0",,"0"
"District of Columbia","94","9199","District of Columbia","6/5/20","8538","661","11001","7.74"
"Alachua","2","392","Florida","6/5/20","378","14","12001","3.7"
"Baker","0","29","Florida","6/5/20","28","1","12003","3.57"
"Bay","2","115","Florida","6/5/20","98","17","12005","17.35"
"Bradford","0","52","Florida","6/5/20","51","1","12007","1.96"
"Brevard","4","439","Florida","6/5/20","409","30","12009","7.33"
"Broward","85","7572","Florida","6/5/20","6975","597","12011","8.56"
"Calhoun","2","64","Florida","6/5/20","53","11","12013","20.75"
"Charlotte","5","481","Florida","6/5/20","446","35","12015","7.85"
"Citrus","1","125","Florida","6/5/20","120","5","12017","4.17"
"Clay","3","393","Florida","6/5/20","374","19","12019","5.08"
"Collier","60","1874","Florida","6/5/20","1454","420","12021","28.89"
"Columbia","4","167","Florida","6/5/20","140","27","12023","19.29"
"DeSoto","11","245","Florida","6/5/20","171","74","12027","43.27"
"Dixie","1","58","Florida","6/5/20","49","9","12029","18.37"
"Duval","25","1736","Florida","6/5/20","1561","175","12031","11.21"
"Escambia","11","871","Florida","6/5/20","791","80","12033","10.11"
"Flagler","2","195","Florida","6/5/20","182","13","12035","7.14"
"Franklin","0","2","Florida","6/5/20","2","0","12037","0"
"Gadsden","3","289","Florida","6/5/20","269","20","12039","7.43"
"Gilchrist","1","19","Florida","6/5/20","12","7","12041","58.33"
"Glades","8","81","Florida","6/5/20","27","54","12043","200"
"Gulf","0","3","Florida","6/5/20","1","2","12045","200"
"Hamilton","6","261","Florida","6/5/20","221","40","12047","18.1"
"Hardee","6","131","Florida","6/5/20","91","40","12049","43.96"
"Hendry","19","521","Florida","6/5/20","387","134","12051","34.63"
"Hernando","1","122","Florida","6/5/20","113","9","12053","7.96"
"Highlands","3","141","Florida","6/5/20","120","21","12055","17.5"
"Hillsborough","69","2554","Florida","6/5/20","2069","485","12057","23.44"
"Holmes","2","30","Florida","6/5/20","19","11","12059","57.89"
"Indian River","5","154","Florida","6/5/20","122","32","12061","26.23"
"Jackson","7","298","Florida","6/5/20","248","50","12063","20.16"
"Jefferson","0","30","Florida","6/5/20","29","1","12065","3.45"
"Lafayette","0","10","Florida","6/5/20","8","2","12067","25"
"Lake","4","317","Florida","6/5/20","291","26","12069","8.93"
"Lee","50","2200","Florida","6/5/20","1847","353","12071","19.11"
"Leon","5","434","Florida","6/5/20","401","33","12073","8.23"
"Levy","3","55","Florida","6/5/20","31","24","12075","77.42"
"Liberty","1","218","Florida","6/5/20","213","5","12077","2.35"
"Madison","0","72","Florida","6/5/20","69","3","12079","4.35"
"Manatee","20","1162","Florida","6/5/20","1022","140","12081","13.7"
"Marion","4","272","Florida","6/5/20","243","29","12083","11.93"
"Martin","30","810","Florida","6/5/20","601","209","12085","34.78"
"Miami-Dade","202","19056","Florida","6/5/20","17641","1415","12086","8.02"
"Monroe","0","110","Florida","6/5/20","108","2","12087","1.85"
"Nassau","1","82","Florida","6/5/20","74","8","12089","10.81"
"Okaloosa","6","250","Florida","6/5/20","207","43","12091","20.77"
"Okeechobee","7","122","Florida","6/5/20","70","52","12093","74.29"
"Orange","38","2210","Florida","6/5/20","1945","265","12095","13.62"
"Osceola","6","732","Florida","6/5/20","688","44","12097","6.4"
"Palm Beach","156","6859","Florida","6/5/20","5765","1094","12099","18.98"
"Pasco","6","416","Florida","6/5/20","377","39","12101","10.34"
"Pinellas","34","1478","Florida","6/5/20","1238","240","12103","19.39"
"Polk","21","1127","Florida","6/5/20","977","150","12105","15.35"
"Putnam","3","172","Florida","6/5/20","149","23","12107","15.44"
"Santa Rosa","2","256","Florida","6/5/20","240","16","12113","6.67"
"Sarasota","5","658","Florida","6/5/20","622","36","12115","5.79"
"Seminole","5","515","Florida","6/5/20","481","34","12117","7.07"
"St. Johns","3","270","Florida","6/5/20","252","18","12109","7.14"
"St. Lucie","16","561","Florida","6/5/20","449","112","12111","24.94"
"Sumter","1","261","Florida","6/5/20","253","8","12119","3.16"
"Suwannee","1","174","Florida","6/5/20","166","8","12121","4.82"
"Taylor","1","27","Florida","6/5/20","19","8","12123","42.11"
"Union","0","34","Florida","6/5/20","31","3","12125","9.68"
"Volusia","9","791","Florida","6/5/20","725","66","12127","9.1"
"Wakulla","0","35","Florida","6/5/20","33","2","12129","6.06"
"Walton","1","124","Florida","6/5/20","114","10","12131","8.77"
"Washington","4","79","Florida","6/5/20","54","25","12133","46.3"
"Appling","3","180","Georgia","6/5/20","156","24","13001","15.38"
"Atkinson","1","55","Georgia","6/5/20","46","9","13003","19.57"
"Bacon","7","141","Georgia","6/5/20","92","49","13005","53.26"
"Baker","0","35","Georgia","6/5/20","34","1","13007","2.94"
"Baldwin","6","387","Georgia","6/5/20","348","39","13009","11.21"
"Banks","-1","88","Georgia","6/5/20","92","-4","13011","-4.35"
"Barrow","2","341","Georgia","6/5/20","325","16","13013","4.92"
"Bartow","5","514","Georgia","6/5/20","477","37","13015","7.76"
"Ben Hill","2","87","Georgia","6/5/20","72","15","13017","20.83"
"Berrien","1","54","Georgia","6/5/20","46","8","13019","17.39"
"Bibb","7","502","Georgia","6/5/20","451","51","13021","11.31"
"Bleckley","1","50","Georgia","6/5/20","45","5","13023","11.11"
"Brantley","1","62","Georgia","6/5/20","54","8","13025","14.81"
"Brooks","1","78","Georgia","6/5/20","69","9","13027","13.04"
"Bryan","0","77","Georgia","6/5/20","74","3","13029","4.05"
"Bulloch","3","81","Georgia","6/5/20","60","21","13031","35"
"Burke","0","121","Georgia","6/5/20","121","0","13033","0"
"Butts","2","242","Georgia","6/5/20","229","13","13035","5.68"
"Calhoun","1","139","Georgia","6/5/20","131","8","13037","6.11"
"Camden","1","69","Georgia","6/5/20","62","7","13039","11.29"
"Candler","0","13","Georgia","6/5/20","13","0","13043","0"
"Carroll","8","578","Georgia","6/5/20","519","59","13045","11.37"
"Catoosa","3","147","Georgia","6/5/20","129","18","13047","13.95"
"Charlton","0","32","Georgia","6/5/20","33","-1","13049","-3.03"
"Chatham","7","542","Georgia","6/5/20","491","51","13051","10.39"
"Chattahoochee","19","172","Georgia","6/5/20","39","133","13053","341.03"
"Chattooga","0","25","Georgia","6/5/20","24","1","13055","4.17"
"Cherokee","8","944","Georgia","6/5/20","885","59","13057","6.67"
"Clarke","5","315","Georgia","6/5/20","279","36","13059","12.9"
"Clay","1","44","Georgia","6/5/20","39","5","13061","12.82"
"Clayton","13","1310","Georgia","6/5/20","1217","93","13063","7.64"
"Clinch","1","67","Georgia","6/5/20","58","9","13065","15.52"
"Cobb","34","3223","Georgia","6/5/20","2987","236","13067","7.9"
"Coffee","4","292","Georgia","6/5/20","265","27","13069","10.19"
"Colquitt","12","545","Georgia","6/5/20","461","84","13071","18.22"
"Columbia","3","270","Georgia","6/5/20","248","22","13073","8.87"
"Cook","0","51","Georgia","6/5/20","48","3","13075","6.25"
"Coweta","6","458","Georgia","6/5/20","414","44","13077","10.63"
"Crawford","0","29","Georgia","6/5/20","28","1","13079","3.57"
"Crisp","1","238","Georgia","6/5/20","231","7","13081","3.03"
"Dade","2","41","Georgia","6/5/20","28","13","13083","46.43"
"Dawson","0","112","Georgia","6/5/20","109","3","13085","2.75"
"Decatur","3","207","Georgia","6/5/20","185","22","13087","11.89"
"DeKalb","38","3986","Georgia","6/5/20","3718","268","13089","7.21"
"Dodge","0","52","Georgia","6/5/20","51","1","13091","1.96"
"Dooly","1","189","Georgia","6/5/20","179","10","13093","5.59"
"Dougherty","5","1796","Georgia","6/5/20","1764","32","13095","1.81"
"Douglas","6","583","Georgia","6/5/20","539","44","13097","8.16"
"Early","1","247","Georgia","6/5/20","238","9","13099","3.78"
"Echols","4","136","Georgia","6/5/20","107","29","13101","27.1"
"Effingham","0","78","Georgia","6/5/20","75","3","13103","4"
"Elbert","0","77","Georgia","6/5/20","74","3","13105","4.05"
"Emanuel","0","30","Georgia","6/5/20","27","3","13107","11.11"
"Evans","0","6","Georgia","6/5/20","5","1","13109","20"
"Fannin","1","49","Georgia","6/5/20","43","6","13111","13.95"
"Fayette","1","244","Georgia","6/5/20","234","10","13113","4.27"
"Floyd","7","311","Georgia","6/5/20","260","51","13115","19.62"
"Forsyth","4","541","Georgia","6/5/20","512","29","13117","5.66"
"Franklin","12","132","Georgia","6/5/20","46","86","13119","186.96"
"Fulton","43","4790","Georgia","6/5/20","4490","300","13121","6.68"
"Gilmer","2","159","Georgia","6/5/20","148","11","13123","7.43"
"Glascock","0","1","Georgia","6/5/20","1","0","13125","0"
"Glynn","5","147","Georgia","6/5/20","115","32","13127","27.83"
"Gordon","6","194","Georgia","6/5/20","152","42","13129","27.63"
"Grady","4","119","Georgia","6/5/20","94","25","13131","26.6"
"Greene","1","76","Georgia","6/5/20","68","8","13133","11.76"
"Gwinnett","91","4372","Georgia","6/5/20","3733","639","13135","17.12"
"Habersham","4","549","Georgia","6/5/20","519","30","13137","5.78"
"Hall","19","2596","Georgia","6/5/20","2465","131","13139","5.31"
"Hancock","0","196","Georgia","6/5/20","194","2","13141","1.03"
"Haralson","1","51","Georgia","6/5/20","43","8","13143","18.6"
"Harris","4","119","Georgia","6/5/20","91","28","13145","30.77"
"Hart","2","39","Georgia","6/5/20","28","11","13147","39.29"
"Heard","1","36","Georgia","6/5/20","32","4","13149","12.5"
"Henry","9","751","Georgia","6/5/20","686","65","13151","9.48"
"Houston","4","393","Georgia","6/5/20","364","29","13153","7.97"
"Irwin","1","34","Georgia","6/5/20","29","5","13155","17.24"
"Jackson","5","221","Georgia","6/5/20","184","37","13157","20.11"
"Jasper","2","46","Georgia","6/5/20","33","13","13159","39.39"
"Jeff Davis","0","38","Georgia","6/5/20","38","0","13161","0"
"Jefferson","2","49","Georgia","6/5/20","36","13","13163","36.11"
"Jenkins","1","26","Georgia","6/5/20","19","7","13165","36.84"
"Johnson","0","82","Georgia","6/5/20","82","0","13167","0"
"Jones","2","49","Georgia","6/5/20","35","14","13169","40"
"Lamar","1","76","Georgia","6/5/20","67","9","13171","13.43"
"Lanier","1","27","Georgia","6/5/20","21","6","13173","28.57"
"Laurens","1","108","Georgia","6/5/20","104","4","13175","3.85"
"Lee","0","361","Georgia","6/5/20","361","0","13177","0"
"Liberty","1","87","Georgia","6/5/20","81","6","13179","7.41"
"Lincoln","0","16","Georgia","6/5/20","16","0","13181","0"
"Long","0","16","Georgia","6/5/20","15","1","13183","6.67"
"Lowndes","12","385","Georgia","6/5/20","298","87","13185","29.19"
"Lumpkin","0","102","Georgia","6/5/20","99","3","13187","3.03"
"Macon","1","106","Georgia","6/5/20","100","6","13193","6"
"Madison","2","65","Georgia","6/5/20","54","11","13195","20.37"
"Marion","0","59","Georgia","6/5/20","57","2","13197","3.51"
"McDuffie","1","72","Georgia","6/5/20","67","5","13189","7.46"
"McIntosh","0","15","Georgia","6/5/20","16","-1","13191","-6.25"
"Meriwether","3","105","Georgia","6/5/20","84","21","13199","25"
"Miller","0","42","Georgia","6/5/20","41","1","13201","2.44"
"Mitchell","1","416","Georgia","6/5/20","409","7","13205","1.71"
"Monroe","0","123","Georgia","6/5/20","120","3","13207","2.5"
"Montgomery","0","12","Georgia","6/5/20","9","3","13209","33.33"
"Morgan","0","39","Georgia","6/5/20","37","2","13211","5.41"
"Murray","2","100","Georgia","6/5/20","86","14","13213","16.28"
"Muscogee","21","750","Georgia","6/5/20","602","148","13215","24.58"
"Newton","5","388","Georgia","6/5/20","351","37","13217","10.54"
"Oconee","1","123","Georgia","6/5/20","116","7","13219","6.03"
"Oglethorpe","1","66","Georgia","6/5/20","60","6","13221","10"
"Out of GA","52","2341","Georgia","6/5/20","1975","366","80013","18.53"
"Paulding","4","347","Georgia","6/5/20","320","27","13223","8.44"
"Peach","1","76","Georgia","6/5/20","72","4","13225","5.56"
"Pickens","0","50","Georgia","6/5/20","47","3","13227","6.38"
"Pierce","2","114","Georgia","6/5/20","98","16","13229","16.33"
"Pike","1","59","Georgia","6/5/20","54","5","13231","9.26"
"Polk","3","139","Georgia","6/5/20","118","21","13233","17.8"
"Pulaski","0","43","Georgia","6/5/20","42","1","13235","2.38"
"Putnam","1","99","Georgia","6/5/20","89","10","13237","11.24"
"Quitman","0","14","Georgia","6/5/20","12","2","13239","16.67"
"Rabun","1","26","Georgia","6/5/20","20","6","13241","30"
"Randolph","0","181","Georgia","6/5/20","179","2","13243","1.12"
"Richmond","3","619","Georgia","6/5/20","595","24","13245","4.03"
"Rockdale","3","304","Georgia","6/5/20","283","21","13247","7.42"
"Schley","0","18","Georgia","6/5/20","16","2","13249","12.5"
"Screven","1","57","Georgia","6/5/20","50","7","13251","14"
"Seminole","0","46","Georgia","6/5/20","44","2","13253","4.55"
"Spalding","2","292","Georgia","6/5/20","275","17","13255","6.18"
"Stephens","1","143","Georgia","6/5/20","138","5","13257","3.62"
"Stewart","0","55","Georgia","6/5/20","52","3","13259","5.77"
"Sumter","2","493","Georgia","6/5/20","476","17","13261","3.57"
"Talbot","0","40","Georgia","6/5/20","38","2","13263","5.26"
"Taliaferro","0","1","Georgia","6/5/20","1","0","13265","0"
"Tattnall","1","30","Georgia","6/5/20","23","7","13267","30.43"
"Taylor","0","23","Georgia","6/5/20","23","0","13269","0"
"Telfair","0","38","Georgia","6/5/20","37","1","13271","2.7"
"Terrell","1","217","Georgia","6/5/20","213","4","13273","1.88"
"Thomas","4","350","Georgia","6/5/20","324","26","13275","8.02"
"Tift","5","291","Georgia","6/5/20","255","36","13277","14.12"
"Toombs","1","62","Georgia","6/5/20","56","6","13279","10.71"
"Towns","1","29","Georgia","6/5/20","24","5","13281","20.83"
"Treutlen","1","14","Georgia","6/5/20","9","5","13283","55.56"
"Troup","15","395","Georgia","6/5/20","292","103","13285","35.27"
"Turner","3","139","Georgia","6/5/20","115","24","13287","20.87"
"Twiggs","0","18","Georgia","6/5/20","15","3","13289","20"
"Union","1","48","Georgia","6/5/20","44","4","13291","9.09"
"Upson","1","290","Georgia","6/5/20","280","10","13293","3.57"
"Walker","7","189","Georgia","6/5/20","138","51","13295","36.96"
"Walton","5","297","Georgia","6/5/20","261","36","13297","13.79"
"Ware","2","240","Georgia","6/5/20","229","11","13299","4.8"
"Warren","0","18","Georgia","6/5/20","18","0","13301","0"
"Washington","0","74","Georgia","6/5/20","74","0","13303","0"
"Wayne","1","23","Georgia","6/5/20","19","4","13305","21.05"
"Webster","0","14","Georgia","6/5/20","12","2","13307","16.67"
"Wheeler","0","13","Georgia","6/5/20","13","0","13309","0"
"White","1","111","Georgia","6/5/20","101","10","13311","9.9"
"Whitfield","15","438","Georgia","6/5/20","331","107","13313","32.33"
"Wilcox","1","117","Georgia","6/5/20","109","8","13315","7.34"
"Wilkes","0","34","Georgia","6/5/20","33","1","13317","3.03"
"Wilkinson","0","71","Georgia","6/5/20","69","2","13319","2.9"
"Worth","3","231","Georgia","6/5/20","209","22","13321","10.53"
"","0","103","Grand Princess","6/5/20","103","0",,"0"
"","1","179","Guam","6/5/20","172","7",,"4.07"
"Hawaii","0","81","Hawaii","6/5/20","82","-1","15001","-1.22"
"Honolulu","2","431","Hawaii","6/5/20","419","12","15003","2.86"
"Kauai","0","21","Hawaii","6/5/20","20","1","15007","5"
"Maui","0","120","Hawaii","6/5/20","118","2","15009","1.69"
"Out of HI","0","11","Hawaii","6/5/20","10","1","80015","10"
"Ada","4","833","Idaho","6/5/20","803","30","16001","3.74"
"Adams","0","3","Idaho","6/5/20","3","0","16003","0"
"Bannock","3","45","Idaho","6/5/20","24","21","16005","87.5"
"Benewah","1","17","Idaho","6/5/20","9","8","16009","88.89"
"Bingham","2","20","Idaho","6/5/20","6","14","16011","233.33"
"Blaine","0","514","Idaho","6/5/20","512","2","16013","0.39"
"Bonner","0","6","Idaho","6/5/20","4","2","16017","50"
"Bonneville","3","60","Idaho","6/5/20","37","23","16019","62.16"
"Camas","0","1","Idaho","6/5/20","1","0","16025","0"
"Canyon","6","336","Idaho","6/5/20","294","42","16027","14.29"
"Caribou","0","3","Idaho","6/5/20","1","2","16029","200"
"Cassia","8","109","Idaho","6/5/20","56","53","16031","94.64"
"Custer","0","2","Idaho","6/5/20","2","0","16037","0"
"Elmore","0","32","Idaho","6/5/20","31","1","16039","3.23"
"Franklin","1","8","Idaho","6/5/20","0","8","16041","1"
"Fremont","0","4","Idaho","6/5/20","3","1","16043","33.33"
"Gem","0","17","Idaho","6/5/20","17","0","16045","0"
"Gooding","1","55","Idaho","6/5/20","46","9","16047","19.57"
"Idaho","0","3","Idaho","6/5/20","3","0","16049","0"
"Jefferson","0","9","Idaho","6/5/20","7","2","16051","28.57"
"Jerome","5","194","Idaho","6/5/20","161","33","16053","20.5"
"Kootenai","2","81","Idaho","6/5/20","67","14","16055","20.9"
"Latah","0","7","Idaho","6/5/20","7","0","16057","0"
"Lemhi","0","1","Idaho","6/5/20","1","0","16059","0"
"Lincoln","0","33","Idaho","6/5/20","33","0","16063","0"
"Madison","1","27","Idaho","6/5/20","21","6","16065","28.57"
"Minidoka","4","71","Idaho","6/5/20","45","26","16067","57.78"
"Nez Perce","0","83","Idaho","6/5/20","82","1","16069","1.22"
"Owyhee","0","8","Idaho","6/5/20","8","0","16073","0"
"Payette","0","26","Idaho","6/5/20","23","3","16075","13.04"
"Power","1","7","Idaho","6/5/20","3","4","16077","133.33"
"Teton","0","11","Idaho","6/5/20","11","0","16081","0"
"Twin Falls","4","437","Idaho","6/5/20","410","27","16083","6.59"
"Valley","0","2","Idaho","6/5/20","2","0","16085","0"
"Washington","1","46","Idaho","6/5/20","36","10","16087","27.78"
"Adams","0","44","Illinois","6/5/20","44","0","17001","0"
"Alexander","1","14","Illinois","6/5/20","8","6","17003","75"
"Bond","0","12","Illinois","6/5/20","12","0","17005","0"
"Boone","10","498","Illinois","6/5/20","428","70","17007","16.36"
"Brown","0","10","Illinois","6/5/20","10","0","17009","0"
"Bureau","1","21","Illinois","6/5/20","15","6","17011","40"
"Calhoun","0","1","Illinois","6/5/20","1","0","17013","0"
"Carroll","0","17","Illinois","6/5/20","14","3","17015","21.43"
"Cass","1","76","Illinois","6/5/20","71","5","17017","7.04"
"Champaign","9","677","Illinois","6/5/20","617","60","17019","9.72"
"Christian","0","35","Illinois","6/5/20","33","2","17021","6.06"
"Clark","0","11","Illinois","6/5/20","11","0","17023","0"
"Clay","0","2","Illinois","6/5/20","2","0","17025","0"
"Clinton","1","190","Illinois","6/5/20","181","9","17027","4.97"
"Coles","2","138","Illinois","6/5/20","125","13","17029","10.4"
"Cook","725","81344","Illinois","6/5/20","76266","5078","17031","6.66"
"Crawford","0","11","Illinois","6/5/20","11","0","17033","0"
"Cumberland","0","10","Illinois","6/5/20","10","0","17035","0"
"De Witt","0","4","Illinois","6/5/20","4","0","17039","0"
"DeKalb","8","450","Illinois","6/5/20","392","58","17037","14.8"
"Douglas","0","28","Illinois","6/5/20","26","2","17041","7.69"
"DuPage","65","7997","Illinois","6/5/20","7543","454","17043","6.02"
"Edgar","0","1","Illinois","6/5/20","1","0","17045","0"
"Edwards","0","2","Illinois","6/5/20","2","0","17047","0"
"Effingham","0","8","Illinois","6/5/20","7","1","17049","14.29"
"Fayette","0","21","Illinois","6/5/20","20","1","17051","5"
"Ford","0","21","Illinois","6/5/20","20","1","17053","5"
"Franklin","0","12","Illinois","6/5/20","12","0","17055","0"
"Fulton","0","12","Illinois","6/5/20","11","1","17057","9.09"
"Gallatin","0","2","Illinois","6/5/20","2","0","17059","0"
"Greene","0","6","Illinois","6/5/20","5","1","17061","20"
"Grundy","2","111","Illinois","6/5/20","95","16","17063","16.84"
"Hamilton","0","2","Illinois","6/5/20","2","0","17065","0"
"Hancock","0","17","Illinois","6/5/20","16","1","17067","6.25"
"Hardin","0","1","Illinois","6/5/20","1","0","17069","0"
"Henderson","0","8","Illinois","6/5/20","8","0","17071","0"
"Henry","0","70","Illinois","6/5/20","68","2","17073","2.94"
"Iroquois","1","135","Illinois","6/5/20","131","4","17075","3.05"
"Jackson","5","300","Illinois","6/5/20","268","32","17077","11.94"
"Jasper","0","46","Illinois","6/5/20","45","1","17079","2.22"
"Jefferson","0","101","Illinois","6/5/20","101","0","17081","0"
"Jersey","1","24","Illinois","6/5/20","20","4","17083","20"
"Jo Daviess","0","32","Illinois","6/5/20","32","0","17085","0"
"Johnson","1","11","Illinois","6/5/20","7","4","17087","57.14"
"Kane","69","6672","Illinois","6/5/20","6188","484","17089","7.82"
"Kankakee","17","989","Illinois","6/5/20","871","118","17091","13.55"
"Kendall","10","839","Illinois","6/5/20","769","70","17093","9.1"
"Knox","1","102","Illinois","6/5/20","97","5","17095","5.15"
"Lake","83","8647","Illinois","6/5/20","8063","584","17097","7.24"
"LaSalle","2","160","Illinois","6/5/20","147","13","17099","8.84"
"Lawrence","0","4","Illinois","6/5/20","4","0","17101","0"
"Lee","0","82","Illinois","6/5/20","79","3","17103","3.8"
"Livingston","1","36","Illinois","6/5/20","32","4","17105","12.5"
"Logan","0","11","Illinois","6/5/20","10","1","17107","10"
"Macon","1","200","Illinois","6/5/20","195","5","17115","2.56"
"Macoupin","0","46","Illinois","6/5/20","45","1","17117","2.22"
"Madison","8","624","Illinois","6/5/20","565","59","17119","10.44"
"Marion","0","52","Illinois","6/5/20","50","2","17121","4"
"Marshall","0","5","Illinois","6/5/20","5","0","17123","0"
"Mason","0","18","Illinois","6/5/20","18","0","17125","0"
"Massac","0","7","Illinois","6/5/20","7","0","17127","0"
"McDonough","1","91","Illinois","6/5/20","87","4","17109","4.6"
"McHenry","23","1677","Illinois","6/5/20","1514","163","17111","10.77"
"McLean","1","226","Illinois","6/5/20","217","9","17113","4.15"
"Menard","0","22","Illinois","6/5/20","21","1","17129","4.76"
"Mercer","0","18","Illinois","6/5/20","17","1","17131","5.88"
"Monroe","1","100","Illinois","6/5/20","94","6","17133","6.38"
"Montgomery","0","41","Illinois","6/5/20","39","2","17135","5.13"
"Morgan","1","42","Illinois","6/5/20","35","7","17137","20"
"Moultrie","0","12","Illinois","6/5/20","11","1","17139","9.09"
"Ogle","3","225","Illinois","6/5/20","202","23","17141","11.39"
"Out of IL","0","116","Illinois","6/5/20","119","-3","80017","-2.52"
"Peoria","13","301","Illinois","6/5/20","212","89","17143","41.98"
"Perry","0","42","Illinois","6/5/20","42","0","17145","0"
"Piatt","0","11","Illinois","6/5/20","12","-1","17147","-8.33"
"Pike","0","1","Illinois","6/5/20","1","0","17149","0"
"Pope","0","1","Illinois","6/5/20","1","0","17151","0"
"Pulaski","1","58","Illinois","6/5/20","51","7","17153","13.73"
"Putnam","0","1","Illinois","6/5/20","1","0","17155","0"
"Randolph","1","273","Illinois","6/5/20","267","6","17157","2.25"
"Richland","0","4","Illinois","6/5/20","3","1","17159","33.33"
"Rock Island","8","703","Illinois","6/5/20","646","57","17161","8.82"
"Saline","0","7","Illinois","6/5/20","7","0","17165","0"
"Sangamon","2","360","Illinois","6/5/20","346","14","17167","4.05"
"Schuyler","0","13","Illinois","6/5/20","12","1","17169","8.33"
"Shelby","0","16","Illinois","6/5/20","16","0","17173","0"
"St. Clair","24","1262","Illinois","6/5/20","1091","171","17163","15.67"
"Stark","0","3","Illinois","6/5/20","3","0","17175","0"
"Stephenson","2","211","Illinois","6/5/20","199","12","17177","6.03"
"Tazewell","1","81","Illinois","6/5/20","71","10","17179","14.08"
"Union","3","171","Illinois","6/5/20","151","20","17181","13.25"
"Vermilion","0","42","Illinois","6/5/20","39","3","17183","7.69"
"Wabash","1","6","Illinois","6/5/20","2","4","17185","200"
"Warren","1","122","Illinois","6/5/20","113","9","17187","7.96"
"Washington","0","19","Illinois","6/5/20","18","1","17189","5.56"
"Wayne","0","9","Illinois","6/5/20","9","0","17191","0"
"White","0","2","Illinois","6/5/20","2","0","17193","0"
"Whiteside","2","149","Illinois","6/5/20","135","14","17195","10.37"
"Will","51","5799","Illinois","6/5/20","5442","357","17197","6.56"
"Williamson","2","75","Illinois","6/5/20","64","11","17199","17.19"
"Winnebago","44","2465","Illinois","6/5/20","2156","309","17201","14.33"
"Woodford","0","21","Illinois","6/5/20","19","2","17203","10.53"
"Adams","1","23","Indiana","6/5/20","13","10","18001","76.92"
"Allen","51","1810","Indiana","6/5/20","1451","359","18003","24.74"
"Bartholomew","4","531","Indiana","6/5/20","500","31","18005","6.2"
"Benton","0","32","Indiana","6/5/20","30","2","18007","6.67"
"Blackford","0","27","Indiana","6/5/20","24","3","18009","12.5"
"Boone","2","324","Indiana","6/5/20","309","15","18011","4.85"
"Brown","0","33","Indiana","6/5/20","33","0","18013","0"
"Carroll","0","95","Indiana","6/5/20","92","3","18015","3.26"
"Cass","0","1591","Indiana","6/5/20","1589","2","18017","0.13"
"Clark","7","539","Indiana","6/5/20","492","47","18019","9.55"
"Clay","1","53","Indiana","6/5/20","47","6","18021","12.77"
"Clinton","3","247","Indiana","6/5/20","223","24","18023","10.76"
"Crawford","0","25","Indiana","6/5/20","24","1","18025","4.17"
"Daviess","3","104","Indiana","6/5/20","85","19","18027","22.35"
"Dearborn","1","171","Indiana","6/5/20","166","5","18029","3.01"
"Decatur","1","231","Indiana","6/5/20","224","7","18031","3.12"
"DeKalb","2","45","Indiana","6/5/20","33","12","18033","36.36"
"Delaware","3","397","Indiana","6/5/20","377","20","18035","5.31"
"Dubois","3","211","Indiana","6/5/20","192","19","18037","9.9"
"Elkhart","60","1585","Indiana","6/5/20","1163","422","18039","36.29"
"Fayette","0","79","Indiana","6/5/20","76","3","18041","3.95"
"Floyd","0","319","Indiana","6/5/20","318","1","18043","0.31"
"Fountain","0","22","Indiana","6/5/20","20","2","18045","10"
"Franklin","1","116","Indiana","6/5/20","109","7","18047","6.42"
"Fulton","0","51","Indiana","6/5/20","48","3","18049","6.25"
"Gibson","1","20","Indiana","6/5/20","14","6","18051","42.86"
"Grant","3","229","Indiana","6/5/20","206","23","18053","11.17"
"Greene","1","172","Indiana","6/5/20","168","4","18055","2.38"
"Hamilton","5","1191","Indiana","6/5/20","1156","35","18057","3.03"
"Hancock","4","354","Indiana","6/5/20","327","27","18059","8.26"
"Harrison","1","196","Indiana","6/5/20","192","4","18061","2.08"
"Hendricks","6","1204","Indiana","6/5/20","1161","43","18063","3.7"
"Henry","2","185","Indiana","6/5/20","169","16","18065","9.47"
"Howard","7","442","Indiana","6/5/20","395","47","18067","11.9"
"Huntington","2","38","Indiana","6/5/20","27","11","18069","40.74"
"Jackson","3","401","Indiana","6/5/20","379","22","18071","5.8"
"Jasper","1","74","Indiana","6/5/20","65","9","18073","13.85"
"Jay","1","58","Indiana","6/5/20","50","8","18075","16"
"Jefferson","1","49","Indiana","6/5/20","43","6","18077","13.95"
"Jennings","0","132","Indiana","6/5/20","130","2","18079","1.54"
"Johnson","5","1125","Indiana","6/5/20","1093","32","18081","2.93"
"Knox","0","31","Indiana","6/5/20","29","2","18083","6.9"
"Kosciusko","13","205","Indiana","6/5/20","111","94","18085","84.68"
"LaGrange","8","128","Indiana","6/5/20","71","57","18087","80.28"
"Lake","48","3876","Indiana","6/5/20","3538","338","18089","9.55"
"LaPorte","3","448","Indiana","6/5/20","424","24","18091","5.66"
"Lawrence","2","171","Indiana","6/5/20","154","17","18093","11.04"
"Madison","2","600","Indiana","6/5/20","585","15","18095","2.56"
"Marion","82","10188","Indiana","6/5/20","9616","572","18097","5.95"
"Marshall","14","187","Indiana","6/5/20","90","97","18099","107.78"
"Martin","0","14","Indiana","6/5/20","11","3","18101","27.27"
"Miami","1","146","Indiana","6/5/20","141","5","18103","3.55"
"Monroe","1","171","Indiana","6/5/20","166","5","18105","3.01"
"Montgomery","2","249","Indiana","6/5/20","235","14","18107","5.96"
"Morgan","1","286","Indiana","6/5/20","278","8","18109","2.88"
"Newton","0","80","Indiana","6/5/20","77","3","18111","3.9"
"Noble","10","278","Indiana","6/5/20","211","67","18113","31.75"
"Ohio","0","13","Indiana","6/5/20","13","0","18115","0"
"Orange","1","131","Indiana","6/5/20","125","6","18117","4.8"
"Owen","0","34","Indiana","6/5/20","34","0","18119","0"
"Parke","0","18","Indiana","6/5/20","17","1","18121","5.88"
"Perry","1","39","Indiana","6/5/20","31","8","18123","25.81"
"Pike","0","6","Indiana","6/5/20","6","0","18125","0"
"Porter","7","562","Indiana","6/5/20","516","46","18127","8.91"
"Posey","0","16","Indiana","6/5/20","16","0","18129","0"
"Pulaski","1","50","Indiana","6/5/20","46","4","18131","8.7"
"Putnam","1","142","Indiana","6/5/20","136","6","18133","4.41"
"Randolph","1","52","Indiana","6/5/20","46","6","18135","13.04"
"Ripley","0","108","Indiana","6/5/20","108","0","18137","0"
"Rush","1","51","Indiana","6/5/20","46","5","18139","10.87"
"Scott","1","126","Indiana","6/5/20","119","7","18143","5.88"
"Shelby","4","397","Indiana","6/5/20","368","29","18145","7.88"
"Spencer","0","22","Indiana","6/5/20","19","3","18147","15.79"
"St. Joseph","16","1358","Indiana","6/5/20","1248","110","18141","8.81"
"Starke","1","42","Indiana","6/5/20","36","6","18149","16.67"
"Steuben","1","90","Indiana","6/5/20","81","9","18151","11.11"
"Sullivan","0","37","Indiana","6/5/20","34","3","18153","8.82"
"Switzerland","0","22","Indiana","6/5/20","20","2","18155","10"
"Tippecanoe","6","434","Indiana","6/5/20","390","44","18157","11.28"
"Tipton","0","26","Indiana","6/5/20","25","1","18159","4"
"Union","0","10","Indiana","6/5/20","8","2","18161","25"
"Vanderburgh","4","291","Indiana","6/5/20","265","26","18163","9.81"
"Vermillion","0","10","Indiana","6/5/20","10","0","18165","0"
"Vigo","3","182","Indiana","6/5/20","164","18","18167","10.98"
"Wabash","1","81","Indiana","6/5/20","76","5","18169","6.58"
"Warren","0","13","Indiana","6/5/20","12","1","18171","8.33"
"Warrick","0","167","Indiana","6/5/20","166","1","18173","0.6"
"Washington","0","50","Indiana","6/5/20","52","-2","18175","-3.85"
"Wayne","2","90","Indiana","6/5/20","77","13","18177","16.88"
"Wells","1","35","Indiana","6/5/20","28","7","18179","25"
"White","1","239","Indiana","6/5/20","231","8","18181","3.46"
"Whitley","1","45","Indiana","6/5/20","39","6","18183","15.38"
"Adair","0","9","Iowa","6/5/20","9","0","19001","0"
"Adams","0","7","Iowa","6/5/20","7","0","19003","0"
"Allamakee","0","120","Iowa","6/5/20","120","0","19005","0"
"Appanoose","0","17","Iowa","6/5/20","14","3","19007","21.43"
"Audubon","0","13","Iowa","6/5/20","12","1","19009","8.33"
"Benton","0","43","Iowa","6/5/20","40","3","19011","7.5"
"Black Hawk","8","1788","Iowa","6/5/20","1730","58","19013","3.35"
"Boone","2","72","Iowa","6/5/20","58","14","19015","24.14"
"Bremer","0","71","Iowa","6/5/20","69","2","19017","2.9"
"Buchanan","0","34","Iowa","6/5/20","32","2","19019","6.25"
"Buena Vista","49","1067","Iowa","6/5/20","721","346","19021","47.99"
"Butler","0","16","Iowa","6/5/20","15","1","19023","6.67"
"Calhoun","1","10","Iowa","6/5/20","2","8","19025","400"
"Carroll","1","15","Iowa","6/5/20","9","6","19027","66.67"
"Cass","0","13","Iowa","6/5/20","12","1","19029","8.33"
"Cedar","1","50","Iowa","6/5/20","46","4","19031","8.7"
"Cerro Gordo","1","33","Iowa","6/5/20","27","6","19033","22.22"
"Cherokee","2","41","Iowa","6/5/20","27","14","19035","51.85"
"Chickasaw","0","13","Iowa","6/5/20","10","3","19037","30"
"Clarke","3","69","Iowa","6/5/20","50","19","19039","38"
"Clay","2","27","Iowa","6/5/20","13","14","19041","107.69"
"Clayton","0","34","Iowa","6/5/20","33","1","19043","3.03"
"Clinton","1","65","Iowa","6/5/20","60","5","19045","8.33"
"Crawford","7","551","Iowa","6/5/20","501","50","19047","9.98"
"Dallas","9","952","Iowa","6/5/20","886","66","19049","7.45"
"Davis","1","28","Iowa","6/5/20","20","8","19051","40"
"Decatur","0","1","Iowa","6/5/20","1","0","19053","0"
"Delaware","1","19","Iowa","6/5/20","15","4","19055","26.67"
"Des Moines","1","68","Iowa","6/5/20","62","6","19057","9.68"
"Dickinson","2","35","Iowa","6/5/20","19","16","19059","84.21"
"Dubuque","3","359","Iowa","6/5/20","341","18","19061","5.28"
"Emmet","2","27","Iowa","6/5/20","13","14","19063","107.69"
"Fayette","0","27","Iowa","6/5/20","26","1","19065","3.85"
"Floyd","0","19","Iowa","6/5/20","19","0","19067","0"
"Franklin","1","20","Iowa","6/5/20","12","8","19069","66.67"
"Fremont","0","4","Iowa","6/5/20","4","0","19071","0"
"Greene","0","15","Iowa","6/5/20","13","2","19073","15.38"
"Grundy","0","20","Iowa","6/5/20","20","0","19075","0"
"Guthrie","1","55","Iowa","6/5/20","50","5","19077","10"
"Hamilton","7","76","Iowa","6/5/20","30","46","19079","153.33"
"Hancock","0","18","Iowa","6/5/20","16","2","19081","12.5"
"Hardin","1","24","Iowa","6/5/20","16","8","19083","50"
"Harrison","1","26","Iowa","6/5/20","21","5","19085","23.81"
"Henry","0","73","Iowa","6/5/20","70","3","19087","4.29"
"Howard","0","12","Iowa","6/5/20","12","0","19089","0"
"Humboldt","1","20","Iowa","6/5/20","16","4","19091","25"
"Ida","0","15","Iowa","6/5/20","14","1","19093","7.14"
"Iowa","0","34","Iowa","6/5/20","34","0","19095","0"
"Jackson","0","14","Iowa","6/5/20","12","2","19097","16.67"
"Jasper","1","269","Iowa","6/5/20","260","9","19099","3.46"
"Jefferson","2","36","Iowa","6/5/20","21","15","19101","71.43"
"Johnson","1","619","Iowa","6/5/20","610","9","19103","1.48"
"Jones","0","37","Iowa","6/5/20","36","1","19105","2.78"
"Keokuk","0","14","Iowa","6/5/20","14","0","19107","0"
"Kossuth","1","16","Iowa","6/5/20","9","7","19109","77.78"
"Lee","1","29","Iowa","6/5/20","25","4","19111","16"
"Linn","5","978","Iowa","6/5/20","945","33","19113","3.49"
"Louisa","1","350","Iowa","6/5/20","341","9","19115","2.64"
"Lucas","1","22","Iowa","6/5/20","13","9","19117","69.23"
"Lyon","1","24","Iowa","6/5/20","20","4","19119","20"
"Madison","0","29","Iowa","6/5/20","27","2","19121","7.41"
"Mahaska","1","99","Iowa","6/5/20","92","7","19123","7.61"
"Marion","0","35","Iowa","6/5/20","32","3","19125","9.38"
"Marshall","3","914","Iowa","6/5/20","891","23","19127","2.58"
"Mills","1","20","Iowa","6/5/20","16","4","19129","25"
"Mitchell","0","4","Iowa","6/5/20","5","-1","19131","-20"
"Monona","0","26","Iowa","6/5/20","24","2","19133","8.33"
"Monroe","0","41","Iowa","6/5/20","38","3","19135","7.89"
"Montgomery","0","9","Iowa","6/5/20","6","3","19137","50"
"Muscatine","2","567","Iowa","6/5/20","554","13","19139","2.35"
"O'Brien","2","40","Iowa","6/5/20","28","12","19141","42.86"
"Osceola","1","36","Iowa","6/5/20","32","4","19143","12.5"
"Page","0","14","Iowa","6/5/20","11","3","19145","27.27"
"Palo Alto","0","7","Iowa","6/5/20","6","1","19147","16.67"
"Plymouth","4","152","Iowa","6/5/20","127","25","19149","19.69"
"Pocahontas","1","20","Iowa","6/5/20","11","9","19151","81.82"
"Polk","80","4614","Iowa","6/5/20","4056","558","19153","13.76"
"Pottawattamie","11","319","Iowa","6/5/20","244","75","19155","30.74"
"Poweshiek","0","92","Iowa","6/5/20","89","3","19157","3.37"
"Ringgold","0","4","Iowa","6/5/20","4","0","19159","0"
"Sac","1","28","Iowa","6/5/20","18","10","19161","55.56"
"Scott","4","385","Iowa","6/5/20","357","28","19163","7.84"
"Shelby","0","37","Iowa","6/5/20","35","2","19165","5.71"
"Sioux","13","306","Iowa","6/5/20","214","92","19167","42.99"
"Story","4","131","Iowa","6/5/20","105","26","19169","24.76"
"Tama","1","411","Iowa","6/5/20","401","10","19171","2.49"
"Taylor","2","66","Iowa","6/5/20","51","15","19173","29.41"
"Union","0","10","Iowa","6/5/20","7","3","19175","42.86"
"Van Buren","0","9","Iowa","6/5/20","9","0","19177","0"
"Wapello","11","636","Iowa","6/5/20","556","80","19179","14.39"
"Warren","7","167","Iowa","6/5/20","121","46","19181","38.02"
"Washington","1","196","Iowa","6/5/20","187","9","19183","4.81"
"Wayne","0","1","Iowa","6/5/20","1","0","19185","0"
"Webster","5","74","Iowa","6/5/20","37","37","19187","100"
"Winnebago","0","11","Iowa","6/5/20","11","0","19189","0"
"Winneshiek","0","24","Iowa","6/5/20","23","1","19191","4.35"
"Woodbury","20","2861","Iowa","6/5/20","2721","140","19193","5.15"
"Worth","0","3","Iowa","6/5/20","3","0","19195","0"
"Wright","10","221","Iowa","6/5/20","153","68","19197","44.44"
"Allen","0","1","Kansas","6/5/20","1","0","20001","0"
"Anderson","0","1","Kansas","6/5/20","1","0","20003","0"
"Atchison","0","23","Kansas","6/5/20","22","1","20005","4.55"
"Barber","0","1","Kansas","6/5/20","1","0","20007","0"
"Barton","0","44","Kansas","6/5/20","45","-1","20009","-2.22"
"Bourbon","0","8","Kansas","6/5/20","7","1","20011","14.29"
"Brown","0","7","Kansas","6/5/20","6","1","20013","16.67"
"Butler","1","37","Kansas","6/5/20","31","6","20015","19.35"
"Chase","0","4","Kansas","6/5/20","4","0","20017","0"
"Chautauqua","0","4","Kansas","6/5/20","4","0","20019","0"
"Cherokee","0","10","Kansas","6/5/20","9","1","20021","11.11"
"Cheyenne","0","2","Kansas","6/5/20","2","0","20023","0"
"Clark","0","33","Kansas","6/5/20","33","0","20025","0"
"Clay","0","5","Kansas","6/5/20","5","0","20027","0"
"Cloud","0","5","Kansas","6/5/20","5","0","20029","0"
"Coffey","0","51","Kansas","6/5/20","50","1","20031","2"
"Comanche","0","2","Kansas","6/5/20","2","0","20033","0"
"Cowley","2","17","Kansas","6/5/20","5","12","20035","240"
"Crawford","0","8","Kansas","6/5/20","8","0","20037","0"
"Dickinson","0","5","Kansas","6/5/20","3","2","20041","66.67"
"Doniphan","0","18","Kansas","6/5/20","15","3","20043","20"
"Douglas","0","69","Kansas","6/5/20","66","3","20045","4.55"
"Edwards","0","5","Kansas","6/5/20","5","0","20047","0"
"Ellis","0","10","Kansas","6/5/20","8","2","20051","25"
"Ellsworth","0","2","Kansas","6/5/20","2","0","20053","0"
"Finney","6","1526","Kansas","6/5/20","1481","45","20055","3.04"
"Ford","12","1813","Kansas","6/5/20","1732","81","20057","4.68"
"Franklin","0","35","Kansas","6/5/20","34","1","20059","2.94"
"Geary","1","26","Kansas","6/5/20","20","6","20061","30"
"Gove","0","1","Kansas","6/5/20","1","0","20063","0"
"Grant","0","18","Kansas","6/5/20","18","0","20067","0"
"Gray","0","23","Kansas","6/5/20","22","1","20069","4.55"
"Greenwood","0","9","Kansas","6/5/20","8","1","20073","12.5"
"Hamilton","0","20","Kansas","6/5/20","17","3","20075","17.65"
"Harper","0","2","Kansas","6/5/20","2","0","20077","0"
"Harvey","0","11","Kansas","6/5/20","11","0","20079","0"
"Haskell","0","22","Kansas","6/5/20","21","1","20081","4.76"
"Hodgeman","0","5","Kansas","6/5/20","4","1","20083","25"
"Jackson","1","103","Kansas","6/5/20","96","7","20085","7.29"
"Jefferson","0","22","Kansas","6/5/20","22","0","20087","0"
"Jewell","0","4","Kansas","6/5/20","4","0","20089","0"
"Johnson","16","910","Kansas","6/5/20","801","109","20091","13.61"
"Kearny","0","45","Kansas","6/5/20","45","0","20093","0"
"Kiowa","0","3","Kansas","6/5/20","2","1","20097","50"
"Labette","0","22","Kansas","6/5/20","22","0","20099","0"
"Lane","0","4","Kansas","6/5/20","3","1","20101","33.33"
"Leavenworth","3","1100","Kansas","6/5/20","1082","18","20103","1.66"
"Linn","0","11","Kansas","6/5/20","11","0","20107","0"
"Lyon","5","387","Kansas","6/5/20","354","33","20111","9.32"
"Marion","0","5","Kansas","6/5/20","5","0","20115","0"
"McPherson","0","30","Kansas","6/5/20","27","3","20113","11.11"
"Meade","0","30","Kansas","6/5/20","29","1","20119","3.45"
"Miami","0","7","Kansas","6/5/20","7","0","20121","0"
"Mitchell","0","4","Kansas","6/5/20","4","0","20123","0"
"Montgomery","0","20","Kansas","6/5/20","20","0","20125","0"
"Morris","0","5","Kansas","6/5/20","5","0","20127","0"
"Morton","0","6","Kansas","6/5/20","5","1","20129","20"
"Nemaha","0","19","Kansas","6/5/20","16","3","20131","18.75"
"Neosho","0","2","Kansas","6/5/20","2","0","20133","0"
"Ness","0","4","Kansas","6/5/20","1","3","20135","300"
"Norton","0","2","Kansas","6/5/20","2","0","20137","0"
"Osage","0","9","Kansas","6/5/20","7","2","20139","28.57"
"Osborne","0","2","Kansas","6/5/20","2","0","20141","0"
"Ottawa","0","4","Kansas","6/5/20","4","0","20143","0"
"Pawnee","0","2","Kansas","6/5/20","0","2","20145","1"
"Phillips","0","2","Kansas","6/5/20","2","0","20147","0"
"Pottawatomie","0","27","Kansas","6/5/20","25","2","20149","8"
"Pratt","0","2","Kansas","6/5/20","2","0","20151","0"
"Reno","0","45","Kansas","6/5/20","43","2","20155","4.65"
"Republic","0","4","Kansas","6/5/20","4","0","20157","0"
"Rice","0","4","Kansas","6/5/20","4","0","20159","0"
"Riley","1","68","Kansas","6/5/20","64","4","20161","6.25"
"Rooks","0","7","Kansas","6/5/20","6","1","20163","16.67"
"Saline","0","25","Kansas","6/5/20","25","0","20169","0"
"Scott","0","14","Kansas","6/5/20","14","0","20171","0"
"Sedgwick","9","635","Kansas","6/5/20","575","60","20173","10.43"
"Seward","1","891","Kansas","6/5/20","883","8","20175","0.91"
"Shawnee","10","367","Kansas","6/5/20","294","73","20177","24.83"
"Sheridan","0","2","Kansas","6/5/20","2","0","20179","0"
"Sherman","0","7","Kansas","6/5/20","7","0","20181","0"
"Smith","0","2","Kansas","6/5/20","2","0","20183","0"
"Stafford","0","1","Kansas","6/5/20","1","0","20185","0"
"Stanton","0","10","Kansas","6/5/20","9","1","20187","11.11"
"Stevens","0","30","Kansas","6/5/20","29","1","20189","3.45"
"Sumner","0","8","Kansas","6/5/20","8","0","20191","0"
"Trego","0","1","Kansas","6/5/20","1","0","20195","0"
"Wabaunsee","0","31","Kansas","6/5/20","31","0","20197","0"
"Wilson","0","1","Kansas","6/5/20","1","0","20205","0"
"Woodson","0","6","Kansas","6/5/20","6","0","20207","0"
"Wyandotte","19","1471","Kansas","6/5/20","1335","136","20209","10.19"
"Adair","0","98","Kentucky","6/5/20","97","1","21001","1.03"
"Allen","5","102","Kentucky","6/5/20","70","32","21003","45.71"
"Anderson","1","22","Kentucky","6/5/20","18","4","21005","22.22"
"Ballard","0","12","Kentucky","6/5/20","10","2","21007","20"
"Barren","1","53","Kentucky","6/5/20","45","8","21009","17.78"
"Bath","0","9","Kentucky","6/5/20","9","0","21011","0"
"Bell","0","2","Kentucky","6/5/20","1","1","21013","100"
"Boone","12","508","Kentucky","6/5/20","423","85","21015","20.09"
"Bourbon","0","12","Kentucky","6/5/20","10","2","21017","20"
"Boyd","0","42","Kentucky","6/5/20","39","3","21019","7.69"
"Boyle","1","28","Kentucky","6/5/20","23","5","21021","21.74"
"Bracken","0","14","Kentucky","6/5/20","11","3","21023","27.27"
"Breathitt","0","3","Kentucky","6/5/20","3","0","21025","0"
"Breckinridge","0","19","Kentucky","6/5/20","17","2","21027","11.76"
"Bullitt","1","119","Kentucky","6/5/20","111","8","21029","7.21"
"Butler","1","236","Kentucky","6/5/20","228","8","21031","3.51"
"Caldwell","0","12","Kentucky","6/5/20","12","0","21033","0"
"Calloway","1","54","Kentucky","6/5/20","50","4","21035","8"
"Campbell","4","194","Kentucky","6/5/20","164","30","21037","18.29"
"Carlisle","0","5","Kentucky","6/5/20","5","0","21039","0"
"Carroll","1","15","Kentucky","6/5/20","11","4","21041","36.36"
"Carter","1","14","Kentucky","6/5/20","9","5","21043","55.56"
"Casey","1","8","Kentucky","6/5/20","3","5","21045","166.67"
"Christian","2","123","Kentucky","6/5/20","109","14","21047","12.84"
"Clark","3","58","Kentucky","6/5/20","39","19","21049","48.72"
"Clay","0","8","Kentucky","6/5/20","7","1","21051","14.29"
"Clinton","0","5","Kentucky","6/5/20","3","2","21053","66.67"
"Crittenden","0","7","Kentucky","6/5/20","6","1","21055","16.67"
"Cumberland","0","5","Kentucky","6/5/20","5","0","21057","0"
"Daviess","3","339","Kentucky","6/5/20","316","23","21059","7.28"
"Edmonson","0","58","Kentucky","6/5/20","56","2","21061","3.57"
"Elliott","0","1","Kentucky","6/5/20","1","0","21063","0"
"Estill","0","1","Kentucky","6/5/20","0","1","21065","1"
"Fayette","20","840","Kentucky","6/5/20","702","138","21067","19.66"
"Fleming","0","2","Kentucky","6/5/20","3","-1","21069","-33.33"
"Floyd","0","17","Kentucky","6/5/20","16","1","21071","6.25"
"Franklin","5","73","Kentucky","6/5/20","35","38","21073","108.57"
"Fulton","1","10","Kentucky","6/5/20","6","4","21075","66.67"
"Gallatin","2","46","Kentucky","6/5/20","33","13","21077","39.39"
"Garrard","0","5","Kentucky","6/5/20","5","0","21079","0"
"Grant","1","47","Kentucky","6/5/20","41","6","21081","14.63"
"Graves","1","166","Kentucky","6/5/20","162","4","21083","2.47"
"Grayson","1","134","Kentucky","6/5/20","124","10","21085","8.06"
"Green","0","2","Kentucky","6/5/20","1","1","21087","100"
"Greenup","0","14","Kentucky","6/5/20","14","0","21089","0"
"Hancock","0","7","Kentucky","6/5/20","7","0","21091","0"
"Hardin","3","119","Kentucky","6/5/20","100","19","21093","19"
"Harlan","0","4","Kentucky","6/5/20","1","3","21095","300"
"Harrison","1","28","Kentucky","6/5/20","18","10","21097","55.56"
"Hart","0","24","Kentucky","6/5/20","21","3","21099","14.29"
"Henderson","2","118","Kentucky","6/5/20","106","12","21101","11.32"
"Henry","1","23","Kentucky","6/5/20","19","4","21103","21.05"
"Hickman","0","5","Kentucky","6/5/20","5","0","21105","0"
"Hopkins","0","224","Kentucky","6/5/20","221","3","21107","1.36"
"Jackson","0","61","Kentucky","6/5/20","61","0","21109","0"
"Jefferson","73","2843","Kentucky","6/5/20","2329","514","21111","22.07"
"Jessamine","2","69","Kentucky","6/5/20","57","12","21113","21.05"
"Johnson","0","5","Kentucky","6/5/20","5","0","21115","0"
"Kenton","14","663","Kentucky","6/5/20","566","97","21117","17.14"
"Knott","0","4","Kentucky","6/5/20","4","0","21119","0"
"Knox","0","10","Kentucky","6/5/20","8","2","21121","25"
"Larue","0","9","Kentucky","6/5/20","7","2","21123","28.57"
"Laurel","0","21","Kentucky","6/5/20","21","0","21125","0"
"Lawrence","0","5","Kentucky","6/5/20","2","3","21127","150"
"Lee","0","1","Kentucky","6/5/20","1","0","21129","0"
"Leslie","0","6","Kentucky","6/5/20","6","0","21131","0"
"Letcher","0","3","Kentucky","6/5/20","4","-1","21133","-25"
"Lewis","0","7","Kentucky","6/5/20","7","0","21135","0"
"Lincoln","0","11","Kentucky","6/5/20","8","3","21137","37.5"
"Livingston","0","9","Kentucky","6/5/20","9","0","21139","0"
"Logan","4","164","Kentucky","6/5/20","139","25","21141","17.99"
"Lyon","0","15","Kentucky","6/5/20","14","1","21143","7.14"
"Madison","1","57","Kentucky","6/5/20","50","7","21151","14"
"Magoffin","0","2","Kentucky","6/5/20","2","0","21153","0"
"Marion","2","31","Kentucky","6/5/20","20","11","21155","55"
"Marshall","0","37","Kentucky","6/5/20","38","-1","21157","-2.63"
"Martin","0","3","Kentucky","6/5/20","3","0","21159","0"
"Mason","0","12","Kentucky","6/5/20","9","3","21161","33.33"
"McCracken","2","111","Kentucky","6/5/20","95","16","21145","16.84"
"McCreary","0","13","Kentucky","6/5/20","13","0","21147","0"
"McLean","0","22","Kentucky","6/5/20","22","0","21149","0"
"Meade","0","23","Kentucky","6/5/20","21","2","21163","9.52"
"Menifee","0","10","Kentucky","6/5/20","10","0","21165","0"
"Mercer","0","15","Kentucky","6/5/20","13","2","21167","15.38"
"Metcalfe","0","7","Kentucky","6/5/20","6","1","21169","16.67"
"Monroe","1","25","Kentucky","6/5/20","16","9","21171","56.25"
"Montgomery","0","25","Kentucky","6/5/20","23","2","21173","8.7"
"Morgan","0","3","Kentucky","6/5/20","1","2","21175","200"
"Muhlenberg","0","480","Kentucky","6/5/20","482","-2","21177","-0.41"
"Nelson","0","44","Kentucky","6/5/20","41","3","21179","7.32"
"Nicholas","0","4","Kentucky","6/5/20","3","1","21181","33.33"
"Ohio","1","151","Kentucky","6/5/20","141","10","21183","7.09"
"Oldham","5","109","Kentucky","6/5/20","74","35","21185","47.3"
"Owen","0","3","Kentucky","6/5/20","2","1","21187","50"
"Owsley","0","2","Kentucky","6/5/20","2","0","21189","0"
"Pendleton","1","14","Kentucky","6/5/20","8","6","21191","75"
"Perry","0","22","Kentucky","6/5/20","19","3","21193","15.79"
"Pike","1","34","Kentucky","6/5/20","29","5","21195","17.24"
"Powell","0","1","Kentucky","6/5/20","1","0","21197","0"
"Pulaski","1","64","Kentucky","6/5/20","56","8","21199","14.29"
"Rockcastle","0","13","Kentucky","6/5/20","13","0","21203","0"
"Rowan","0","7","Kentucky","6/5/20","7","0","21205","0"
"Russell","1","30","Kentucky","6/5/20","23","7","21207","30.43"
"Scott","0","37","Kentucky","6/5/20","35","2","21209","5.71"
"Shelby","8","214","Kentucky","6/5/20","156","58","21211","37.18"
"Simpson","1","55","Kentucky","6/5/20","51","4","21213","7.84"
"Spencer","1","24","Kentucky","6/5/20","19","5","21215","26.32"
"Taylor","0","13","Kentucky","6/5/20","11","2","21217","18.18"
"Todd","1","23","Kentucky","6/5/20","17","6","21219","35.29"
"Trigg","0","11","Kentucky","6/5/20","10","1","21221","10"
"Trimble","0","6","Kentucky","6/5/20","5","1","21223","20"
"Union","1","15","Kentucky","6/5/20","11","4","21225","36.36"
"Warren","15","1099","Kentucky","6/5/20","995","104","21227","10.45"
"Washington","0","8","Kentucky","6/5/20","6","2","21229","33.33"
"Wayne","0","9","Kentucky","6/5/20","8","1","21231","12.5"
"Webster","0","34","Kentucky","6/5/20","32","2","21233","6.25"
"Whitley","0","13","Kentucky","6/5/20","13","0","21235","0"
"Wolfe","0","1","Kentucky","6/5/20","1","0","21237","0"
"Woodford","1","32","Kentucky","6/5/20","27","5","21239","18.52"
"Acadia","9","467","Louisiana","6/5/20","401","66","22001","16.46"
"Allen","0","186","Louisiana","6/5/20","184","2","22003","1.09"
"Ascension","8","865","Louisiana","6/5/20","810","55","22005","6.79"
"Assumption","1","253","Louisiana","6/5/20","248","5","22007","2.02"
"Avoyelles","4","151","Louisiana","6/5/20","120","31","22009","25.83"
"Beauregard","5","99","Louisiana","6/5/20","61","38","22011","62.3"
"Bienville","2","151","Louisiana","6/5/20","139","12","22013","8.63"
"Bossier","6","450","Louisiana","6/5/20","406","44","22015","10.84"
"Caddo","31","2699","Louisiana","6/5/20","2480","219","22017","8.83"
"Calcasieu","5","625","Louisiana","6/5/20","588","37","22019","6.29"
"Caldwell","3","70","Louisiana","6/5/20","52","18","22021","34.62"
"Cameron","1","8","Louisiana","6/5/20","3","5","22023","166.67"
"Catahoula","1","120","Louisiana","6/5/20","112","8","22025","7.14"
"Claiborne","1","66","Louisiana","6/5/20","62","4","22027","6.45"
"Concordia","1","95","Louisiana","6/5/20","86","9","22029","10.47"
"De Soto","3","262","Louisiana","6/5/20","242","20","22031","8.26"
"East Baton Rouge","50","3874","Louisiana","6/5/20","3526","348","22033","9.87"
"East Carroll","9","184","Louisiana","6/5/20","118","66","22035","55.93"
"East Feliciana","1","199","Louisiana","6/5/20","192","7","22037","3.65"
"Evangeline","1","81","Louisiana","6/5/20","75","6","22039","8"
"Franklin","10","383","Louisiana","6/5/20","311","72","22041","23.15"
"Grant","1","34","Louisiana","6/5/20","28","6","22043","21.43"
"Iberia","3","422","Louisiana","6/5/20","404","18","22045","4.46"
"Iberville","4","588","Louisiana","6/5/20","563","25","22047","4.44"
"Jackson","3","120","Louisiana","6/5/20","100","20","22049","20"
"Jefferson","54","7803","Louisiana","6/5/20","7424","379","22051","5.11"
"Jefferson Davis","2","87","Louisiana","6/5/20","75","12","22053","16"
"Lafayette","23","854","Louisiana","6/5/20","695","159","22055","22.88"
"Lafourche","14","886","Louisiana","6/5/20","789","97","22057","12.29"
"LaSalle","1","58","Louisiana","6/5/20","48","10","22059","20.83"
"Lincoln","3","165","Louisiana","6/5/20","144","21","22061","14.58"
"Livingston","7","458","Louisiana","6/5/20","408","50","22063","12.25"
"Madison","6","121","Louisiana","6/5/20","79","42","22065","53.16"
"Morehouse","2","132","Louisiana","6/5/20","121","11","22067","9.09"
"Natchitoches","2","173","Louisiana","6/5/20","157","16","22069","10.19"
"Orleans","20","7206","Louisiana","6/5/20","7067","139","22071","1.97"
"Ouachita","33","1396","Louisiana","6/5/20","1166","230","22073","19.73"
"Plaquemines","2","218","Louisiana","6/5/20","201","17","22075","8.46"
"Pointe Coupee","2","208","Louisiana","6/5/20","192","16","22077","8.33"
"Rapides","27","890","Louisiana","6/5/20","703","187","22079","26.6"
"Red River","0","51","Louisiana","6/5/20","49","2","22081","4.08"
"Richland","3","148","Louisiana","6/5/20","125","23","22083","18.4"
"Sabine","1","50","Louisiana","6/5/20","41","9","22085","21.95"
"St. Bernard","2","548","Louisiana","6/5/20","534","14","22087","2.62"
"St. Charles","2","647","Louisiana","6/5/20","633","14","22089","2.21"
"St. Helena","0","53","Louisiana","6/5/20","51","2","22091","3.92"
"St. James","1","304","Louisiana","6/5/20","294","10","22093","3.4"
"St. John the Baptist","3","873","Louisiana","6/5/20","850","23","22095","2.71"
"St. Landry","8","308","Louisiana","6/5/20","252","56","22097","22.22"
"St. Martin","-2","281","Louisiana","6/5/20","293","-12","22099","-4.1"
"St. Mary","3","333","Louisiana","6/5/20","309","24","22101","7.77"
"St. Tammany","17","1823","Louisiana","6/5/20","1703","120","22103","7.05"
"Tangipahoa","12","916","Louisiana","6/5/20","831","85","22105","10.23"
"Tensas","1","20","Louisiana","6/5/20","10","10","22107","100"
"Terrebonne","10","724","Louisiana","6/5/20","653","71","22109","10.87"
"Union","5","343","Louisiana","6/5/20","306","37","22111","12.09"
"Vermilion","1","59","Louisiana","6/5/20","53","6","22113","11.32"
"Vernon","1","31","Louisiana","6/5/20","25","6","22115","24"
"Washington","7","457","Louisiana","6/5/20","410","47","22117","11.46"
"Webster","5","175","Louisiana","6/5/20","143","32","22119","22.38"
"West Baton Rouge","3","180","Louisiana","6/5/20","159","21","22121","13.21"
"West Carroll","2","68","Louisiana","6/5/20","56","12","22123","21.43"
"West Feliciana","2","220","Louisiana","6/5/20","205","15","22125","7.32"
"Winn","4","182","Louisiana","6/5/20","153","29","22127","18.95"
"Androscoggin","10","338","Maine","6/5/20","269","69","23001","25.65"
"Aroostook","0","10","Maine","6/5/20","10","0","23003","0"
"Cumberland","21","1265","Maine","6/5/20","1117","148","23005","13.25"
"Franklin","0","36","Maine","6/5/20","36","0","23007","0"
"Hancock","0","12","Maine","6/5/20","11","1","23009","9.09"
"Kennebec","0","129","Maine","6/5/20","128","1","23011","0.78"
"Knox","0","21","Maine","6/5/20","20","1","23013","5"
"Lincoln","0","20","Maine","6/5/20","20","0","23015","0"
"Oxford","0","32","Maine","6/5/20","32","0","23017","0"
"Penobscot","0","101","Maine","6/5/20","100","1","23019","1"
"Piscataquis","0","1","Maine","6/5/20","1","0","23021","0"
"Sagadahoc","0","30","Maine","6/5/20","30","0","23023","0"
"Somerset","0","22","Maine","6/5/20","22","0","23025","0"
"Waldo","0","52","Maine","6/5/20","51","1","23027","1.96"
"Washington","0","1","Maine","6/5/20","2","-1","23029","-50"
"York","5","408","Maine","6/5/20","373","35","23031","9.38"
"Allegany","1","183","Maryland","6/5/20","177","6","24001","3.39"
"Anne Arundel","72","4150","Maryland","6/5/20","3643","507","24003","13.92"
"Baltimore","110","6590","Maryland","6/5/20","5819","771","24005","13.25"
"Baltimore City","87","6038","Maryland","6/5/20","5426","612","24510","11.28"
"Calvert","3","353","Maryland","6/5/20","329","24","24009","7.29"
"Caroline","3","268","Maryland","6/5/20","248","20","24011","8.06"
"Carroll","14","960","Maryland","6/5/20","861","99","24013","11.5"
"Cecil","4","393","Maryland","6/5/20","364","29","24015","7.97"
"Charles","18","1185","Maryland","6/5/20","1056","129","24017","12.22"
"Dorchester","2","153","Maryland","6/5/20","140","13","24019","9.29"
"Frederick","30","2069","Maryland","6/5/20","1856","213","24021","11.48"
"Garrett","0","10","Maryland","6/5/20","10","0","24023","0"
"Harford","12","939","Maryland","6/5/20","854","85","24025","9.95"
"Howard","29","2074","Maryland","6/5/20","1868","206","24027","11.03"
"Kent","2","184","Maryland","6/5/20","167","17","24029","10.18"
"Montgomery","200","12434","Maryland","6/5/20","11035","1399","24031","12.68"
"Prince George's","199","16169","Maryland","6/5/20","14773","1396","24033","9.45"
"Queen Anne's","0","163","Maryland","6/5/20","160","3","24035","1.88"
"Somerset","0","76","Maryland","6/5/20","73","3","24039","4.11"
"St. Mary's","12","547","Maryland","6/5/20","460","87","24037","18.91"
"Talbot","2","106","Maryland","6/5/20","91","15","24041","16.48"
"Washington","13","529","Maryland","6/5/20","441","88","24043","19.95"
"Wicomico","5","967","Maryland","6/5/20","931","36","24045","3.87"
"Worcester","3","230","Maryland","6/5/20","206","24","24047","11.65"
"Barnstable","5","1446","Massachusetts","6/5/20","1408","38","25001","2.7"
"Berkshire","1","571","Massachusetts","6/5/20","566","5","25003","0.88"
"Bristol","69","7573","Massachusetts","6/5/20","7089","484","25005","6.83"
"Dukes and Nantucket","1","56","Massachusetts","6/5/20","52","4","00000","7.69"
"Essex","93","15064","Massachusetts","6/5/20","14415","649","25009","4.5"
"Franklin","1","337","Massachusetts","6/5/20","333","4","25011","1.2"
"Hampden","33","6297","Massachusetts","6/5/20","6068","229","25013","3.77"
"Hampshire","3","900","Massachusetts","6/5/20","881","19","25015","2.16"
"Middlesex","114","22583","Massachusetts","6/5/20","21787","796","25017","3.65"
"Norfolk","30","8646","Massachusetts","6/5/20","8436","210","25021","2.49"
"Plymouth","35","8313","Massachusetts","6/5/20","8071","242","25023","3"
"Suffolk","71","18858","Massachusetts","6/5/20","18361","497","25025","2.71"
"Worcester","73","11600","Massachusetts","6/5/20","11086","514","25027","4.64"
"Alcona","0","20","Michigan","6/5/20","17","3","26001","17.65"
"Allegan","3","271","Michigan","6/5/20","253","18","26005","7.11"
"Alpena","2","112","Michigan","6/5/20","101","11","26007","10.89"
"Antrim","0","14","Michigan","6/5/20","13","1","26009","7.69"
"Arenac","0","38","Michigan","6/5/20","38","0","26011","0"
"Baraga","0","1","Michigan","6/5/20","1","0","26013","0"
"Barry","1","87","Michigan","6/5/20","79","8","26015","10.13"
"Bay","4","369","Michigan","6/5/20","338","31","26017","9.17"
"Benzie","0","5","Michigan","6/5/20","4","1","26019","25"
"Berrien","8","800","Michigan","6/5/20","746","54","26021","7.24"
"Branch","5","153","Michigan","6/5/20","121","32","26023","26.45"
"Calhoun","8","465","Michigan","6/5/20","406","59","26025","14.53"
"Cass","2","109","Michigan","6/5/20","93","16","26027","17.2"
"Charlevoix","0","19","Michigan","6/5/20","18","1","26029","5.56"
"Cheboygan","0","26","Michigan","6/5/20","26","0","26031","0"
"Chippewa","0","3","Michigan","6/5/20","3","0","26033","0"
"Clare","1","24","Michigan","6/5/20","19","5","26035","26.32"
"Clinton","1","184","Michigan","6/5/20","175","9","26037","5.14"
"Crawford","0","63","Michigan","6/5/20","62","1","26039","1.61"
"Delta","0","20","Michigan","6/5/20","20","0","26041","0"
"Dickinson","0","6","Michigan","6/5/20","5","1","26043","20"
"Eaton","2","251","Michigan","6/5/20","237","14","26045","5.91"
"Emmet","0","26","Michigan","6/5/20","26","0","26047","0"
"Federal Correctional Institution (FCI)","2","156","Michigan","6/5/20","142","14","00000","9.86"
"Genesee","15","2549","Michigan","6/5/20","2442","107","26049","4.38"
"Gladwin","0","19","Michigan","6/5/20","18","1","26051","5.56"
"Gogebic","0","5","Michigan","6/5/20","5","0","26053","0"
"Grand Traverse","1","34","Michigan","6/5/20","26","8","26055","30.77"
"Gratiot","1","88","Michigan","6/5/20","83","5","26057","6.02"
"Hillsdale","0","178","Michigan","6/5/20","176","2","26059","1.14"
"Houghton","0","7","Michigan","6/5/20","5","2","26061","40"
"Huron","1","58","Michigan","6/5/20","52","6","26063","11.54"
"Ingham","5","804","Michigan","6/5/20","771","33","26065","4.28"
"Ionia","1","175","Michigan","6/5/20","165","10","26067","6.06"
"Iosco","0","110","Michigan","6/5/20","109","1","26069","0.92"
"Iron","0","2","Michigan","6/5/20","0","2","26071","1"
"Isabella","0","94","Michigan","6/5/20","91","3","26073","3.3"
"Jackson","-7","482","Michigan","6/5/20","532","-50","26075","-9.4"
"Kalamazoo","7","931","Michigan","6/5/20","883","48","26077","5.44"
"Kalkaska","0","30","Michigan","6/5/20","30","0","26079","0"
"Kent","55","4215","Michigan","6/5/20","3828","387","26081","10.11"
"Lake","0","7","Michigan","6/5/20","8","-1","26085","-12.5"
"Lapeer","2","225","Michigan","6/5/20","214","11","26087","5.14"
"Leelanau","0","11","Michigan","6/5/20","11","0","26089","0"
"Lenawee","1","191","Michigan","6/5/20","184","7","26091","3.8"
"Livingston","4","516","Michigan","6/5/20","491","25","26093","5.09"
"Luce","0","3","Michigan","6/5/20","3","0","26095","0"
"Mackinac","0","8","Michigan","6/5/20","8","0","26097","0"
"Macomb","32","6985","Michigan","6/5/20","6761","224","26099","3.31"
"Manistee","0","12","Michigan","6/5/20","12","0","26101","0"
"Marquette","1","59","Michigan","6/5/20","54","5","26103","9.26"
"Mason","0","38","Michigan","6/5/20","38","0","26105","0"
"Mecosta","0","24","Michigan","6/5/20","24","0","26107","0"
"Menominee","0","9","Michigan","6/5/20","8","1","26109","12.5"
"Michigan Department of Corrections (MDOC)","38","4118","Michigan","6/5/20","3853","265","00000","6.88"
"Midland","1","128","Michigan","6/5/20","118","10","26111","8.47"
"Missaukee","0","22","Michigan","6/5/20","22","0","26113","0"
"Monroe","5","559","Michigan","6/5/20","524","35","26115","6.68"
"Montcalm","1","77","Michigan","6/5/20","71","6","26117","8.45"
"Montmorency","0","5","Michigan","6/5/20","5","0","26119","0"
"Muskegon","11","714","Michigan","6/5/20","640","74","26121","11.56"
"Newaygo","2","122","Michigan","6/5/20","108","14","26123","12.96"
"Oakland","83","11205","Michigan","6/5/20","10627","578","26125","5.44"
"Oceana","1","101","Michigan","6/5/20","93","8","26127","8.6"
"Ogemaw","0","31","Michigan","6/5/20","29","2","26129","6.9"
"Osceola","0","17","Michigan","6/5/20","14","3","26133","21.43"
"Oscoda","0","8","Michigan","6/5/20","8","0","26135","0"
"Otsego","0","120","Michigan","6/5/20","118","2","26137","1.69"
"Ottawa","10","895","Michigan","6/5/20","824","71","26139","8.62"
"Out of MI","-1","22","Michigan","6/5/20","32","-10","80026","-31.25"
"Presque Isle","0","11","Michigan","6/5/20","11","0","26141","0"
"Roscommon","0","24","Michigan","6/5/20","24","0","26143","0"
"Saginaw","13","1135","Michigan","6/5/20","1042","93","26145","8.93"
"Sanilac","0","42","Michigan","6/5/20","42","0","26151","0"
"Schoolcraft","0","4","Michigan","6/5/20","4","0","26153","0"
"Shiawassee","0","261","Michigan","6/5/20","260","1","26155","0.38"
"St. Clair","1","513","Michigan","6/5/20","509","4","26147","0.79"
"St. Joseph","5","154","Michigan","6/5/20","116","38","26149","32.76"
"Tuscola","2","205","Michigan","6/5/20","192","13","26157","6.77"
"Van Buren","3","177","Michigan","6/5/20","157","20","26159","12.74"
"Washtenaw","7","1541","Michigan","6/5/20","1495","46","26161","3.08"
"Wayne","88","21499","Michigan","6/5/20","20883","616","26163","2.95"
"Wexford","0","14","Michigan","6/5/20","13","1","26165","7.69"
"Aitkin","1","12","Minnesota","6/5/20","7","5","27001","71.43"
"Anoka","29","1527","Minnesota","6/5/20","1324","203","27003","15.33"
"Becker","1","44","Minnesota","6/5/20","36","8","27005","22.22"
"Beltrami","1","18","Minnesota","6/5/20","14","4","27007","28.57"
"Benton","1","185","Minnesota","6/5/20","175","10","27009","5.71"
"Big Stone","1","11","Minnesota","6/5/20","4","7","27011","175"
"Blue Earth","2","149","Minnesota","6/5/20","137","12","27013","8.76"
"Brown","0","17","Minnesota","6/5/20","14","3","27015","21.43"
"Carlton","0","75","Minnesota","6/5/20","73","2","27017","2.74"
"Carver","6","240","Minnesota","6/5/20","201","39","27019","19.4"
"Cass","0","11","Minnesota","6/5/20","13","-2","27021","-15.38"
"Chippewa","0","52","Minnesota","6/5/20","49","3","27023","6.12"
"Chisago","1","69","Minnesota","6/5/20","60","9","27025","15"
"Clay","4","449","Minnesota","6/5/20","420","29","27027","6.9"
"Clearwater","0","3","Minnesota","6/5/20","3","0","27029","0"
"Cottonwood","2","82","Minnesota","6/5/20","69","13","27033","18.84"
"Crow Wing","2","81","Minnesota","6/5/20","64","17","27035","26.56"
"Dakota","31","1446","Minnesota","6/5/20","1230","216","27037","17.56"
"Dodge","1","54","Minnesota","6/5/20","50","4","27039","8"
"Douglas","1","46","Minnesota","6/5/20","40","6","27041","15"
"Faribault","1","22","Minnesota","6/5/20","15","7","27043","46.67"
"Fillmore","0","17","Minnesota","6/5/20","17","0","27045","0"
"Freeborn","7","159","Minnesota","6/5/20","108","51","27047","47.22"
"Goodhue","2","73","Minnesota","6/5/20","62","11","27049","17.74"
"Grant","0","4","Minnesota","6/5/20","4","0","27051","0"
"Hennepin","167","9099","Minnesota","6/5/20","7932","1167","27053","14.71"
"Houston","0","3","Minnesota","6/5/20","2","1","27055","50"
"Hubbard","0","3","Minnesota","6/5/20","2","1","27057","50"
"Isanti","1","36","Minnesota","6/5/20","32","4","27059","12.5"
"Itasca","0","56","Minnesota","6/5/20","54","2","27061","3.7"
"Jackson","0","42","Minnesota","6/5/20","39","3","27063","7.69"
"Kanabec","0","12","Minnesota","6/5/20","11","1","27065","9.09"
"Kandiyohi","4","514","Minnesota","6/5/20","486","28","27067","5.76"
"Kittson","0","1","Minnesota","6/5/20","1","0","27069","0"
"Koochiching","0","9","Minnesota","6/5/20","7","2","27071","28.57"
"Lac qui Parle","0","3","Minnesota","6/5/20","3","0","27073","0"
"Lake","0","1","Minnesota","6/5/20","1","0","27075","0"
"Le Sueur","0","47","Minnesota","6/5/20","44","3","27079","6.82"
"Lincoln","0","6","Minnesota","6/5/20","5","1","27081","20"
"Lyon","8","101","Minnesota","6/5/20","43","58","27083","134.88"
"Mahnomen","0","6","Minnesota","6/5/20","6","0","27087","0"
"Marshall","0","12","Minnesota","6/5/20","10","2","27089","20"
"Martin","1","135","Minnesota","6/5/20","129","6","27091","4.65"
"McLeod","1","41","Minnesota","6/5/20","33","8","27085","24.24"
"Meeker","0","46","Minnesota","6/5/20","44","2","27093","4.55"
"Mille Lacs","1","24","Minnesota","6/5/20","19","5","27095","26.32"
"Morrison","0","48","Minnesota","6/5/20","45","3","27097","6.67"
"Mower","27","446","Minnesota","6/5/20","254","192","27099","75.59"
"Murray","1","41","Minnesota","6/5/20","37","4","27101","10.81"
"Nicollet","1","88","Minnesota","6/5/20","83","5","27103","6.02"
"Nobles","11","1577","Minnesota","6/5/20","1503","74","27105","4.92"
"Norman","0","15","Minnesota","6/5/20","12","3","27107","25"
"Olmsted","14","689","Minnesota","6/5/20","594","95","27109","15.99"
"Otter Tail","1","73","Minnesota","6/5/20","63","10","27111","15.87"
"Pennington","2","30","Minnesota","6/5/20","17","13","27113","76.47"
"Pine","1","93","Minnesota","6/5/20","89","4","27115","4.49"
"Pipestone","0","13","Minnesota","6/5/20","10","3","27117","30"
"Polk","0","63","Minnesota","6/5/20","60","3","27119","5"
"Pope","0","10","Minnesota","6/5/20","9","1","27121","11.11"
"Ramsey","80","3351","Minnesota","6/5/20","2790","561","27123","20.11"
"Red Lake","0","4","Minnesota","6/5/20","4","0","27125","0"
"Redwood","0","7","Minnesota","6/5/20","4","3","27127","75"
"Renville","0","7","Minnesota","6/5/20","5","2","27129","40"
"Rice","12","524","Minnesota","6/5/20","438","86","27131","19.63"
"Rock","0","23","Minnesota","6/5/20","22","1","27133","4.55"
"Roseau","0","3","Minnesota","6/5/20","2","1","27135","50"
"Scott","11","471","Minnesota","6/5/20","394","77","27139","19.54"
"Sherburne","3","249","Minnesota","6/5/20","226","23","27141","10.18"
"Sibley","0","17","Minnesota","6/5/20","16","1","27143","6.25"
"St. Louis","0","119","Minnesota","6/5/20","118","1","27137","0.85"
"Stearns","8","2056","Minnesota","6/5/20","2001","55","27145","2.75"
"Steele","3","170","Minnesota","6/5/20","151","19","27147","12.58"
"Stevens","0","1","Minnesota","6/5/20","2","-1","27149","-50"
"Swift","0","19","Minnesota","6/5/20","18","1","27151","5.56"
"Todd","6","344","Minnesota","6/5/20","302","42","27153","13.91"
"Traverse","0","4","Minnesota","6/5/20","3","1","27155","33.33"
"Wabasha","0","20","Minnesota","6/5/20","17","3","27157","17.65"
"Wadena","0","10","Minnesota","6/5/20","8","2","27159","25"
"Waseca","0","29","Minnesota","6/5/20","26","3","27161","11.54"
"Washington","15","700","Minnesota","6/5/20","598","102","27163","17.06"
"Watonwan","1","79","Minnesota","6/5/20","69","10","27165","14.49"
"Wilkin","0","11","Minnesota","6/5/20","11","0","27167","0"
"Winona","0","81","Minnesota","6/5/20","79","2","27169","2.53"
"Wright","9","349","Minnesota","6/5/20","287","62","27171","21.6"
"Yellow Medicine","0","7","Minnesota","6/5/20","6","1","27173","16.67"
"Adams","2","204","Mississippi","6/5/20","192","12","28001","6.25"
"Alcorn","0","19","Mississippi","6/5/20","16","3","28003","18.75"
"Amite","1","65","Mississippi","6/5/20","59","6","28005","10.17"
"Attala","4","312","Mississippi","6/5/20","287","25","28007","8.71"
"Benton","0","14","Mississippi","6/5/20","15","-1","28009","-6.67"
"Bolivar","2","169","Mississippi","6/5/20","156","13","28011","8.33"
"Calhoun","1","68","Mississippi","6/5/20","63","5","28013","7.94"
"Carroll","0","119","Mississippi","6/5/20","118","1","28015","0.85"
"Chickasaw","2","143","Mississippi","6/5/20","132","11","28017","8.33"
"Choctaw","2","52","Mississippi","6/5/20","39","13","28019","33.33"
"Claiborne","6","116","Mississippi","6/5/20","72","44","28021","61.11"
"Clarke","2","156","Mississippi","6/5/20","139","17","28023","12.23"
"Clay","2","125","Mississippi","6/5/20","111","14","28025","12.61"
"Coahoma","2","132","Mississippi","6/5/20","120","12","28027","10"
"Copiah","5","334","Mississippi","6/5/20","298","36","28029","12.08"
"Covington","3","183","Mississippi","6/5/20","159","24","28031","15.09"
"DeSoto","10","593","Mississippi","6/5/20","520","73","28033","14.04"
"Forrest","9","600","Mississippi","6/5/20","534","66","28035","12.36"
"Franklin","0","29","Mississippi","6/5/20","28","1","28037","3.57"
"George","1","30","Mississippi","6/5/20","21","9","28039","42.86"
"Greene","3","30","Mississippi","6/5/20","11","19","28041","172.73"
"Grenada","3","110","Mississippi","6/5/20","88","22","28043","25"
"Hancock","0","90","Mississippi","6/5/20","87","3","28045","3.45"
"Harrison","2","268","Mississippi","6/5/20","251","17","28047","6.77"
"Hinds","19","1104","Mississippi","6/5/20","971","133","28049","13.7"
"Holmes","8","444","Mississippi","6/5/20","389","55","28051","14.14"
"Humphreys","1","64","Mississippi","6/5/20","59","5","28053","8.47"
"Itawamba","1","89","Mississippi","6/5/20","85","4","28057","4.71"
"Jackson","2","314","Mississippi","6/5/20","303","11","28059","3.63"
"Jasper","2","168","Mississippi","6/5/20","152","16","28061","10.53"
"Jefferson","0","42","Mississippi","6/5/20","41","1","28063","2.44"
"Jefferson Davis","1","82","Mississippi","6/5/20","77","5","28065","6.49"
"Jones","19","709","Mississippi","6/5/20","576","133","28067","23.09"
"Kemper","2","156","Mississippi","6/5/20","144","12","28069","8.33"
"Lafayette","4","156","Mississippi","6/5/20","130","26","28071","20"
"Lamar","2","252","Mississippi","6/5/20","235","17","28073","7.23"
"Lauderdale","5","765","Mississippi","6/5/20","730","35","28075","4.79"
"Lawrence","1","107","Mississippi","6/5/20","102","5","28077","4.9"
"Leake","7","455","Mississippi","6/5/20","409","46","28079","11.25"
"Lee","8","197","Mississippi","6/5/20","139","58","28081","41.73"
"Leflore","4","282","Mississippi","6/5/20","255","27","28083","10.59"
"Lincoln","4","281","Mississippi","6/5/20","250","31","28085","12.4"
"Lowndes","7","252","Mississippi","6/5/20","200","52","28087","26"
"Madison","10","778","Mississippi","6/5/20","709","69","28089","9.73"
"Marion","0","116","Mississippi","6/5/20","114","2","28091","1.75"
"Marshall","1","89","Mississippi","6/5/20","81","8","28093","9.88"
"Monroe","2","269","Mississippi","6/5/20","254","15","28095","5.91"
"Montgomery","0","84","Mississippi","6/5/20","81","3","28097","3.7"
"Neshoba","19","739","Mississippi","6/5/20","606","133","28099","21.95"
"Newton","4","292","Mississippi","6/5/20","263","29","28101","11.03"
"Noxubee","2","195","Mississippi","6/5/20","179","16","28103","8.94"
"Oktibbeha","7","283","Mississippi","6/5/20","233","50","28105","21.46"
"Panola","3","87","Mississippi","6/5/20","66","21","28107","31.82"
"Pearl River","1","212","Mississippi","6/5/20","207","5","28109","2.42"
"Perry","0","51","Mississippi","6/5/20","50","1","28111","2"
"Pike","0","204","Mississippi","6/5/20","203","1","28113","0.49"
"Pontotoc","3","49","Mississippi","6/5/20","29","20","28115","68.97"
"Prentiss","0","53","Mississippi","6/5/20","51","2","28117","3.92"
"Quitman","1","32","Mississippi","6/5/20","25","7","28119","28"
"Rankin","9","463","Mississippi","6/5/20","399","64","28121","16.04"
"Scott","3","663","Mississippi","6/5/20","640","23","28123","3.59"
"Sharkey","0","7","Mississippi","6/5/20","7","0","28125","0"
"Simpson","1","105","Mississippi","6/5/20","95","10","28127","10.53"
"Smith","1","156","Mississippi","6/5/20","148","8","28129","5.41"
"Stone","0","32","Mississippi","6/5/20","30","2","28131","6.67"
"Sunflower","2","96","Mississippi","6/5/20","79","17","28133","21.52"
"Tallahatchie","1","31","Mississippi","6/5/20","26","5","28135","19.23"
"Tate","2","93","Mississippi","6/5/20","81","12","28137","14.81"
"Tippah","1","76","Mississippi","6/5/20","71","5","28139","7.04"
"Tishomingo","1","36","Mississippi","6/5/20","30","6","28141","20"
"Tunica","1","58","Mississippi","6/5/20","53","5","28143","9.43"
"Union","1","89","Mississippi","6/5/20","81","8","28145","9.88"
"Walthall","2","67","Mississippi","6/5/20","54","13","28147","24.07"
"Warren","5","199","Mississippi","6/5/20","163","36","28149","22.09"
"Washington","5","199","Mississippi","6/5/20","166","33","28151","19.88"
"Wayne","16","280","Mississippi","6/5/20","171","109","28153","63.74"
"Webster","3","88","Mississippi","6/5/20","64","24","28155","37.5"
"Wilkinson","0","85","Mississippi","6/5/20","86","-1","28157","-1.16"
"Winston","2","124","Mississippi","6/5/20","109","15","28159","13.76"
"Yalobusha","3","111","Mississippi","6/5/20","87","24","28161","27.59"
"Yazoo","8","298","Mississippi","6/5/20","239","59","28163","24.69"
"Adair","2","67","Missouri","6/5/20","50","17","29001","34"
"Andrew","0","32","Missouri","6/5/20","30","2","29003","6.67"
"Atchison","0","3","Missouri","6/5/20","3","0","29005","0"
"Audrain","5","108","Missouri","6/5/20","73","35","29007","47.95"
"Barry","0","9","Missouri","6/5/20","9","0","29009","0"
"Bates","1","12","Missouri","6/5/20","7","5","29013","71.43"
"Benton","0","12","Missouri","6/5/20","10","2","29015","20"
"Bollinger","0","7","Missouri","6/5/20","6","1","29017","16.67"
"Boone","4","173","Missouri","6/5/20","144","29","29019","20.14"
"Buchanan","8","741","Missouri","6/5/20","687","54","29021","7.86"
"Butler","2","47","Missouri","6/5/20","32","15","29023","46.88"
"Caldwell","0","7","Missouri","6/5/20","5","2","29025","40"
"Callaway","1","32","Missouri","6/5/20","27","5","29027","18.52"
"Camden","0","38","Missouri","6/5/20","38","0","29029","0"
"Cape Girardeau","1","83","Missouri","6/5/20","73","10","29031","13.7"
"Carroll","0","9","Missouri","6/5/20","8","1","29033","12.5"
"Carter","0","5","Missouri","6/5/20","5","0","29035","0"
"Cass","2","100","Missouri","6/5/20","85","15","29037","17.65"
"Cedar","0","9","Missouri","6/5/20","9","0","29039","0"
"Chariton","0","6","Missouri","6/5/20","6","0","29041","0"
"Christian","1","29","Missouri","6/5/20","21","8","29043","38.1"
"Clark","0","1","Missouri","6/5/20","1","0","29045","0"
"Clay","3","186","Missouri","6/5/20","167","19","29047","11.38"
"Clinton","0","20","Missouri","6/5/20","18","2","29049","11.11"
"Cole","0","61","Missouri","6/5/20","60","1","29051","1.67"
"Cooper","0","9","Missouri","6/5/20","9","0","29053","0"
"Crawford","0","9","Missouri","6/5/20","9","0","29055","0"
"Dallas","0","4","Missouri","6/5/20","3","1","29059","33.33"
"Daviess","0","5","Missouri","6/5/20","4","1","29061","25"
"DeKalb","0","6","Missouri","6/5/20","6","0","29063","0"
"Dunklin","2","48","Missouri","6/5/20","33","15","29069","45.45"
"Franklin","1","149","Missouri","6/5/20","140","9","29071","6.43"
"Gasconade","0","2","Missouri","6/5/20","2","0","29073","0"
"Gentry","3","46","Missouri","6/5/20","26","20","29075","76.92"
"Greene","5","171","Missouri","6/5/20","139","32","29077","23.02"
"Harrison","0","9","Missouri","6/5/20","9","0","29081","0"
"Henry","0","12","Missouri","6/5/20","11","1","29083","9.09"
"Holt","0","2","Missouri","6/5/20","1","1","29087","100"
"Howard","0","3","Missouri","6/5/20","3","0","29089","0"
"Howell","1","11","Missouri","6/5/20","6","5","29091","83.33"
"Iron","0","3","Missouri","6/5/20","2","1","29093","50"
"Jackson","18","686","Missouri","6/5/20","560","126","29095","22.5"
"Jasper","1","46","Missouri","6/5/20","36","10","29097","27.78"
"Jefferson","7","398","Missouri","6/5/20","349","49","29099","14.04"
"Johnson","0","77","Missouri","6/5/20","76","1","29101","1.32"
"Kansas City","50","1468","Missouri","6/5/20","1117","351","00000","31.42"
"Laclede","1","7","Missouri","6/5/20","3","4","29105","133.33"
"Lafayette","1","80","Missouri","6/5/20","73","7","29107","9.59"
"Lawrence","0","8","Missouri","6/5/20","8","0","29109","0"
"Lewis","0","7","Missouri","6/5/20","7","0","29111","0"
"Lincoln","1","118","Missouri","6/5/20","109","9","29113","8.26"
"Linn","1","10","Missouri","6/5/20","6","4","29115","66.67"
"Livingston","0","4","Missouri","6/5/20","3","1","29117","33.33"
"Macon","0","6","Missouri","6/5/20","4","2","29121","50"
"Madison","0","3","Missouri","6/5/20","3","0","29123","0"
"Maries","0","2","Missouri","6/5/20","2","0","29125","0"
"Marion","0","5","Missouri","6/5/20","5","0","29127","0"
"McDonald","0","23","Missouri","6/5/20","20","3","29119","15"
"Miller","0","4","Missouri","6/5/20","4","0","29131","0"
"Mississippi","1","61","Missouri","6/5/20","56","5","29133","8.93"
"Moniteau","0","49","Missouri","6/5/20","46","3","29135","6.52"
"Montgomery","0","10","Missouri","6/5/20","9","1","29139","11.11"
"Morgan","0","9","Missouri","6/5/20","9","0","29141","0"
"New Madrid","0","21","Missouri","6/5/20","20","1","29143","5"
"Newton","1","23","Missouri","6/5/20","16","7","29145","43.75"
"Nodaway","0","14","Missouri","6/5/20","12","2","29147","16.67"
"Oregon","0","2","Missouri","6/5/20","2","0","29149","0"
"Osage","0","5","Missouri","6/5/20","5","0","29151","0"
"Pemiscot","2","90","Missouri","6/5/20","76","14","29155","18.42"
"Perry","2","69","Missouri","6/5/20","55","14","29157","25.45"
"Pettis","0","79","Missouri","6/5/20","78","1","29159","1.28"
"Phelps","0","5","Missouri","6/5/20","4","1","29161","25"
"Pike","2","28","Missouri","6/5/20","17","11","29163","64.71"
"Platte","1","77","Missouri","6/5/20","70","7","29165","10"
"Polk","0","4","Missouri","6/5/20","3","1","29167","33.33"
"Pulaski","1","39","Missouri","6/5/20","34","5","29169","14.71"
"Ralls","0","5","Missouri","6/5/20","3","2","29173","66.67"
"Randolph","0","10","Missouri","6/5/20","9","1","29175","11.11"
"Ray","1","23","Missouri","6/5/20","19","4","29177","21.05"
"Reynolds","0","2","Missouri","6/5/20","2","0","29179","0"
"Ripley","1","11","Missouri","6/5/20","7","4","29181","57.14"
"Saline","2","281","Missouri","6/5/20","269","12","29195","4.46"
"Scotland","1","9","Missouri","6/5/20","4","5","29199","125"
"Scott","3","119","Missouri","6/5/20","100","19","29201","19"
"Shelby","0","1","Missouri","6/5/20","1","0","29205","0"
"St. Charles","8","821","Missouri","6/5/20","768","53","29183","6.9"
"St. Clair","0","3","Missouri","6/5/20","3","0","29185","0"
"St. Francois","1","38","Missouri","6/5/20","34","4","29187","11.76"
"St. Louis","40","5262","Missouri","6/5/20","4980","282","29189","5.66"
"St. Louis City","20","2053","Missouri","6/5/20","1916","137","29510","7.15"
"Ste. Genevieve","0","12","Missouri","6/5/20","11","1","29186","9.09"
"Stoddard","4","105","Missouri","6/5/20","78","27","29207","34.62"
"Stone","1","10","Missouri","6/5/20","4","6","29209","150"
"Sullivan","1","63","Missouri","6/5/20","55","8","29211","14.55"
"Taney","0","14","Missouri","6/5/20","14","0","29213","0"
"Texas","0","1","Missouri","6/5/20","1","0","29215","0"
"Vernon","0","10","Missouri","6/5/20","9","1","29217","11.11"
"Warren","0","29","Missouri","6/5/20","28","1","29219","3.57"
"Washington","0","12","Missouri","6/5/20","11","1","29221","9.09"
"Webster","0","18","Missouri","6/5/20","17","1","29225","5.88"
"Worth","0","4","Missouri","6/5/20","4","0","29227","0"
"Wright","0","11","Missouri","6/5/20","11","0","29229","0"
"Beaverhead","0","1","Montana","6/5/20","1","0","30001","0"
"Big Horn","3","36","Montana","6/5/20","18","18","30003","100"
"Broadwater","0","4","Montana","6/5/20","4","0","30007","0"
"Carbon","0","6","Montana","6/5/20","6","0","30009","0"
"Cascade","0","17","Montana","6/5/20","17","0","30013","0"
"Deer Lodge","0","3","Montana","6/5/20","3","0","30023","0"
"Flathead","0","37","Montana","6/5/20","37","0","30029","0"
"Gallatin","2","163","Montana","6/5/20","150","13","30031","8.67"
"Glacier","0","6","Montana","6/5/20","6","0","30035","0"
"Golden Valley","0","3","Montana","6/5/20","3","0","30037","0"
"Hill","0","1","Montana","6/5/20","1","0","30041","0"
"Jefferson","0","3","Montana","6/5/20","3","0","30043","0"
"Lake","0","5","Montana","6/5/20","5","0","30047","0"
"Lewis and Clark","0","18","Montana","6/5/20","16","2","30049","12.5"
"Liberty","0","1","Montana","6/5/20","1","0","30051","0"
"Lincoln","0","7","Montana","6/5/20","7","0","30053","0"
"Madison","0","8","Montana","6/5/20","8","0","30057","0"
"Meagher","0","1","Montana","6/5/20","1","0","30059","0"
"Missoula","0","40","Montana","6/5/20","40","0","30063","0"
"Musselshell","0","1","Montana","6/5/20","1","0","30065","0"
"Park","0","8","Montana","6/5/20","8","0","30067","0"
"Pondera","0","2","Montana","6/5/20","2","0","30073","0"
"Ravalli","0","14","Montana","6/5/20","13","1","30081","7.69"
"Richland","0","3","Montana","6/5/20","3","0","30083","0"
"Roosevelt","0","7","Montana","6/5/20","7","0","30085","0"
"Rosebud","0","1","Montana","6/5/20","0","1","30087","1"
"Silver Bow","0","11","Montana","6/5/20","11","0","30093","0"
"Stillwater","0","1","Montana","6/5/20","1","0","30095","0"
"Toole","0","29","Montana","6/5/20","29","0","30101","0"
"Wheatland","0","1","Montana","6/5/20","1","0","30107","0"
"Yellowstone","2","103","Montana","6/5/20","90","13","30111","14.44"
"Adams","1","275","Nebraska","6/5/20","268","7","31001","2.61"
"Antelope","0","8","Nebraska","6/5/20","8","0","31003","0"
"Boone","0","7","Nebraska","6/5/20","5","2","31011","40"
"Box Butte","0","2","Nebraska","6/5/20","2","0","31013","0"
"Boyd","0","1","Nebraska","6/5/20","0","1","31015","1"
"Buffalo","3","172","Nebraska","6/5/20","153","19","31019","12.42"
"Burt","0","10","Nebraska","6/5/20","9","1","31021","11.11"
"Butler","0","50","Nebraska","6/5/20","47","3","31023","6.38"
"Cass","1","54","Nebraska","6/5/20","46","8","31025","17.39"
"Cedar","0","8","Nebraska","6/5/20","7","1","31027","14.29"
"Chase","0","1","Nebraska","6/5/20","1","0","31029","0"
"Cherry","0","1","Nebraska","6/5/20","1","0","31031","0"
"Cheyenne","0","10","Nebraska","6/5/20","9","1","31033","11.11"
"Clay","0","24","Nebraska","6/5/20","24","0","31035","0"
"Colfax","3","631","Nebraska","6/5/20","612","19","31037","3.1"
"Cuming","0","34","Nebraska","6/5/20","31","3","31039","9.68"
"Custer","0","34","Nebraska","6/5/20","31","3","31041","9.68"
"Dakota","7","1702","Nebraska","6/5/20","1650","52","31043","3.15"
"Dawes","0","1","Nebraska","6/5/20","1","0","31045","0"
"Dawson","1","842","Nebraska","6/5/20","833","9","31047","1.08"
"Dixon","1","32","Nebraska","6/5/20","26","6","31051","23.08"
"Dodge","17","557","Nebraska","6/5/20","439","118","31053","26.88"
"Douglas","134","4893","Nebraska","6/5/20","3955","938","31055","23.72"
"Fillmore","0","7","Nebraska","6/5/20","5","2","31059","40"
"Franklin","0","6","Nebraska","6/5/20","6","0","31061","0"
"Frontier","0","1","Nebraska","6/5/20","1","0","31063","0"
"Furnas","0","9","Nebraska","6/5/20","8","1","31065","12.5"
"Gage","0","45","Nebraska","6/5/20","45","0","31067","0"
"Garden","1","4","Nebraska","6/5/20","0","4","31069","1"
"Garfield","0","1","Nebraska","6/5/20","1","0","31071","0"
"Gosper","0","13","Nebraska","6/5/20","13","0","31073","0"
"Greeley","0","3","Nebraska","6/5/20","2","1","31077","50"
"Hall","8","1539","Nebraska","6/5/20","1484","55","31079","3.71"
"Hamilton","0","55","Nebraska","6/5/20","54","1","31081","1.85"
"Hitchcock","0","1","Nebraska","6/5/20","1","0","31087","0"
"Holt","0","1","Nebraska","6/5/20","1","0","31089","0"
"Howard","0","43","Nebraska","6/5/20","42","1","31093","2.38"
"Jefferson","0","7","Nebraska","6/5/20","6","1","31095","16.67"
"Johnson","0","6","Nebraska","6/5/20","7","-1","31097","-14.29"
"Kearney","0","12","Nebraska","6/5/20","11","1","31099","9.09"
"Keith","0","2","Nebraska","6/5/20","2","0","31101","0"
"Kimball","0","8","Nebraska","6/5/20","8","0","31105","0"
"Knox","0","10","Nebraska","6/5/20","10","0","31107","0"
"Lancaster","19","1310","Nebraska","6/5/20","1176","134","31109","11.39"
"Lincoln","0","48","Nebraska","6/5/20","47","1","31111","2.13"
"Madison","2","323","Nebraska","6/5/20","312","11","31119","3.53"
"Merrick","0","34","Nebraska","6/5/20","33","1","31121","3.03"
"Morrill","0","11","Nebraska","6/5/20","11","0","31123","0"
"Nance","0","4","Nebraska","6/5/20","4","0","31125","0"
"Nemaha","0","4","Nebraska","6/5/20","3","1","31127","33.33"
"Nuckolls","0","1","Nebraska","6/5/20","1","0","31129","0"
"Otoe","0","10","Nebraska","6/5/20","7","3","31131","42.86"
"Phelps","0","20","Nebraska","6/5/20","20","0","31137","0"
"Pierce","0","6","Nebraska","6/5/20","5","1","31139","20"
"Platte","8","619","Nebraska","6/5/20","560","59","31141","10.54"
"Polk","0","11","Nebraska","6/5/20","11","0","31143","0"
"Red Willow","0","5","Nebraska","6/5/20","5","0","31145","0"
"Richardson","0","1","Nebraska","6/5/20","1","0","31147","0"
"Saline","2","513","Nebraska","6/5/20","498","15","31151","3.01"
"Sarpy","25","753","Nebraska","6/5/20","578","175","31153","30.28"
"Saunders","2","47","Nebraska","6/5/20","34","13","31155","38.24"
"Scotts Bluff","7","137","Nebraska","6/5/20","88","49","31157","55.68"
"Seward","0","29","Nebraska","6/5/20","27","2","31159","7.41"
"Sherman","0","5","Nebraska","6/5/20","4","1","31163","25"
"Stanton","0","21","Nebraska","6/5/20","20","1","31167","5"
"Thayer","0","1","Nebraska","6/5/20","1","0","31169","0"
"Thomas","0","1","Nebraska","6/5/20","1","0","31171","0"
"Thurston","1","50","Nebraska","6/5/20","41","9","31173","21.95"
"Valley","0","5","Nebraska","6/5/20","4","1","31175","25"
"Washington","1","33","Nebraska","6/5/20","29","4","31177","13.79"
"Wayne","1","23","Nebraska","6/5/20","14","9","31179","64.29"
"Webster","0","5","Nebraska","6/5/20","5","0","31181","0"
"York","0","37","Nebraska","6/5/20","36","1","31185","2.78"
"Carson City","2","107","Nevada","6/5/20","95","12","32510","12.63"
"Churchill","0","8","Nevada","6/5/20","7","1","32001","14.29"
"Clark","104","7186","Nevada","6/5/20","6457","729","32003","11.29"
"Douglas","1","38","Nevada","6/5/20","30","8","32005","26.67"
"Elko","0","27","Nevada","6/5/20","24","3","32007","12.5"
"Humboldt","0","78","Nevada","6/5/20","78","0","32013","0"
"Lander","0","21","Nevada","6/5/20","20","1","32015","5"
"Lincoln","0","2","Nevada","6/5/20","2","0","32017","0"
"Lyon","3","81","Nevada","6/5/20","61","20","32019","32.79"
"Mineral","0","4","Nevada","6/5/20","4","0","32021","0"
"Nye","1","66","Nevada","6/5/20","62","4","32023","6.45"
"Pershing","0","2","Nevada","6/5/20","0","2","32027","1"
"Storey","0","1","Nevada","6/5/20","1","0","32029","0"
"Washoe","22","1685","Nevada","6/5/20","1531","154","32031","10.06"
"White Pine","0","3","Nevada","6/5/20","4","-1","32033","-25"
"Belknap","1","64","New Hampshire","6/5/20","58","6","33001","10.34"
"Carroll","0","48","New Hampshire","6/5/20","46","2","33003","4.35"
"Cheshire","0","57","New Hampshire","6/5/20","57","0","33005","0"
"Coos","0","5","New Hampshire","6/5/20","5","0","33007","0"
"Grafton","0","76","New Hampshire","6/5/20","74","2","33009","2.7"
"Hillsborough","39","2614","New Hampshire","6/5/20","2342","272","33011","11.61"
"Merrimack","4","359","New Hampshire","6/5/20","334","25","33013","7.49"
"Rockingham","9","1347","New Hampshire","6/5/20","1284","63","33015","4.91"
"Strafford","2","278","New Hampshire","6/5/20","267","11","33017","4.12"
"Sullivan","0","20","New Hampshire","6/5/20","19","1","33019","5.26"
"Atlantic","22","2309","New Jersey","6/5/20","2154","155","34001","7.2"
"Bergen","34","18463","New Jersey","6/5/20","18223","240","34003","1.32"
"Burlington","32","4746","New Jersey","6/5/20","4519","227","34005","5.02"
"Camden","55","6732","New Jersey","6/5/20","6350","382","34007","6.02"
"Cape May","4","637","New Jersey","6/5/20","611","26","34009","4.26"
"Cumberland","46","2531","New Jersey","6/5/20","2209","322","34011","14.58"
"Essex","65","18019","New Jersey","6/5/20","17561","458","34013","2.61"
"Gloucester","16","2310","New Jersey","6/5/20","2198","112","34015","5.1"
"Hudson","-6","18875","New Jersey","6/5/20","18919","-44","34017","-0.23"
"Hunterdon","5","1015","New Jersey","6/5/20","981","34","34019","3.47"
"Mercer","49","7120","New Jersey","6/5/20","6775","345","34021","5.09"
"Middlesex","58","16137","New Jersey","6/5/20","15734","403","34023","2.56"
"Monmouth","47","8428","New Jersey","6/5/20","8100","328","34025","4.05"
"Morris","29","6572","New Jersey","6/5/20","6367","205","34027","3.22"
"Ocean","47","8954","New Jersey","6/5/20","8627","327","34029","3.79"
"Passaic","49","16387","New Jersey","6/5/20","16045","342","34031","2.13"
"Salem","9","665","New Jersey","6/5/20","602","63","34033","10.47"
"Somerset","14","4651","New Jersey","6/5/20","4552","99","34035","2.17"
"Sussex","7","1155","New Jersey","6/5/20","1106","49","34037","4.43"
"Union","61","16038","New Jersey","6/5/20","15610","428","34039","2.74"
"Warren","5","1189","New Jersey","6/5/20","1153","36","34041","3.12"
"Bernalillo","16","1559","New Mexico","6/5/20","1445","114","35001","7.89"
"Catron","0","2","New Mexico","6/5/20","2","0","35003","0"
"Chaves","1","50","New Mexico","6/5/20","44","6","35005","13.64"
"Cibola","2","152","New Mexico","6/5/20","137","15","35006","10.95"
"Colfax","0","5","New Mexico","6/5/20","5","0","35007","0"
"Curry","1","62","New Mexico","6/5/20","52","10","35009","19.23"
"Dona Ana","12","535","New Mexico","6/5/20","449","86","35013","19.15"
"Eddy","1","28","New Mexico","6/5/20","20","8","35015","40"
"Grant","0","15","New Mexico","6/5/20","15","0","35017","0"
"Guadalupe","0","20","New Mexico","6/5/20","20","0","35019","0"
"Harding","0","1","New Mexico","6/5/20","1","0","35021","0"
"Hidalgo","0","1","New Mexico","6/5/20","1","0","35023","0"
"Lea","0","29","New Mexico","6/5/20","26","3","35025","11.54"
"Lincoln","0","5","New Mexico","6/5/20","2","3","35027","150"
"Los Alamos","0","6","New Mexico","6/5/20","6","0","35028","0"
"Luna","0","11","New Mexico","6/5/20","8","3","35029","37.5"
"McKinley","38","2617","New Mexico","6/5/20","2348","269","35031","11.46"
"Otero","0","25","New Mexico","6/5/20","22","3","35035","13.64"
"Quay","0","5","New Mexico","6/5/20","5","0","35037","0"
"Rio Arriba","2","54","New Mexico","6/5/20","43","11","35039","25.58"
"Roosevelt","1","42","New Mexico","6/5/20","37","5","35041","13.51"
"San Juan","29","1893","New Mexico","6/5/20","1692","201","35045","11.88"
"San Miguel","0","15","New Mexico","6/5/20","15","0","35047","0"
"Sandoval","3","579","New Mexico","6/5/20","559","20","35043","3.58"
"Santa Fe","2","150","New Mexico","6/5/20","137","13","35049","9.49"
"Sierra","0","1","New Mexico","6/5/20","1","0","35051","0"
"Socorro","1","54","New Mexico","6/5/20","50","4","35053","8"
"Taos","1","31","New Mexico","6/5/20","25","6","35055","24"
"Torrance","0","34","New Mexico","6/5/20","33","1","35057","3.03"
"Union","0","5","New Mexico","6/5/20","4","1","35059","25"
"Valencia","1","81","New Mexico","6/5/20","74","7","35061","9.46"
"Albany","15","1941","New York","6/5/20","1834","107","36001","5.83"
"Allegany","1","51","New York","6/5/20","45","6","36003","13.33"
"Broome","7","605","New York","6/5/20","557","48","36007","8.62"
"Cattaraugus","1","92","New York","6/5/20","86","6","36009","6.98"
"Cayuga","1","98","New York","6/5/20","89","9","36011","10.11"
"Chautauqua","2","97","New York","6/5/20","82","15","36013","18.29"
"Chemung","0","137","New York","6/5/20","137","0","36015","0"
"Chenango","0","133","New York","6/5/20","130","3","36017","2.31"
"Clinton","0","97","New York","6/5/20","95","2","36019","2.11"
"Columbia","4","411","New York","6/5/20","382","29","36021","7.59"
"Cortland","0","41","New York","6/5/20","39","2","36023","5.13"
"Delaware","1","84","New York","6/5/20","79","5","36025","6.33"
"Dutchess","14","3984","New York","6/5/20","3887","97","36027","2.5"
"Erie","61","6359","New York","6/5/20","5935","424","36029","7.14"
"Essex","0","38","New York","6/5/20","36","2","36031","5.56"
"Franklin","0","23","New York","6/5/20","21","2","36033","9.52"
"Fulton","2","219","New York","6/5/20","206","13","36035","6.31"
"Genesee","1","205","New York","6/5/20","199","6","36037","3.02"
"Greene","1","242","New York","6/5/20","237","5","36039","2.11"
"Hamilton","0","5","New York","6/5/20","5","0","36041","0"
"Herkimer","1","115","New York","6/5/20","107","8","36043","7.48"
"Jefferson","0","75","New York","6/5/20","74","1","36045","1.35"
"Lewis","0","20","New York","6/5/20","20","0","36049","0"
"Livingston","0","121","New York","6/5/20","118","3","36051","2.54"
"Madison","2","323","New York","6/5/20","310","13","36053","4.19"
"Monroe","37","3117","New York","6/5/20","2860","257","36055","8.99"
"Montgomery","2","96","New York","6/5/20","84","12","36057","14.29"
"Nassau","82","40797","New York","6/5/20","40226","571","36059","1.42"
"New York","563","205940","New York","6/5/20","201999","3941","36061","1.95"
"Niagara","13","1099","New York","6/5/20","1008","91","36063","9.03"
"Oneida","13","1077","New York","6/5/20","988","89","36065","9.01"
"Onondaga","34","2329","New York","6/5/20","2092","237","36067","11.33"
"Ontario","2","219","New York","6/5/20","205","14","36069","6.83"
"Orange","18","10484","New York","6/5/20","10361","123","36071","1.19"
"Orleans","4","247","New York","6/5/20","216","31","36073","14.35"
"Oswego","1","112","New York","6/5/20","108","4","36075","3.7"
"Otsego","0","73","New York","6/5/20","71","2","36077","2.82"
"Putnam","4","1270","New York","6/5/20","1241","29","36079","2.34"
"Rensselaer","3","497","New York","6/5/20","478","19","36083","3.97"
"Rockland","28","13297","New York","6/5/20","13100","197","36087","1.5"
"Saratoga","3","496","New York","6/5/20","473","23","36091","4.86"
"Schenectady","4","706","New York","6/5/20","680","26","36093","3.82"
"Schoharie","0","51","New York","6/5/20","49","2","36095","4.08"
"Schuyler","0","12","New York","6/5/20","11","1","36097","9.09"
"Seneca","1","61","New York","6/5/20","57","4","36099","7.02"
"St. Lawrence","1","207","New York","6/5/20","202","5","36089","2.48"
"Steuben","1","246","New York","6/5/20","241","5","36101","2.07"
"Suffolk","113","40239","New York","6/5/20","39445","794","36103","2.01"
"Sullivan","6","1409","New York","6/5/20","1364","45","36105","3.3"
"Tioga","1","134","New York","6/5/20","126","8","36107","6.35"
"Tompkins","1","167","New York","6/5/20","157","10","36109","6.37"
"Ulster","7","1711","New York","6/5/20","1663","48","36111","2.89"
"Warren","0","256","New York","6/5/20","254","2","36113","0.79"
"Washington","1","240","New York","6/5/20","232","8","36115","3.45"
"Wayne","1","122","New York","6/5/20","113","9","36117","7.96"
"Westchester","72","33854","New York","6/5/20","33349","505","36119","1.51"
"Wyoming","1","88","New York","6/5/20","82","6","36121","7.32"
"Yates","0","39","New York","6/5/20","39","0","36123","0"
"Alamance","17","458","North Carolina","6/5/20","342","116","37001","33.92"
"Alexander","1","38","North Carolina","6/5/20","30","8","37003","26.67"
"Alleghany","2","27","North Carolina","6/5/20","14","13","37005","92.86"
"Anson","1","70","North Carolina","6/5/20","64","6","37007","9.38"
"Ashe","0","39","North Carolina","6/5/20","36","3","37009","8.33"
"Avery","0","3","North Carolina","6/5/20","2","1","37011","50"
"Beaufort","1","43","North Carolina","6/5/20","36","7","37013","19.44"
"Bertie","1","129","North Carolina","6/5/20","119","10","37015","8.4"
"Bladen","7","143","North Carolina","6/5/20","95","48","37017","50.53"
"Brunswick","7","131","North Carolina","6/5/20","83","48","37019","57.83"
"Buncombe","10","382","North Carolina","6/5/20","310","72","37021","23.23"
"Burke","19","514","North Carolina","6/5/20","380","134","37023","35.26"
"Cabarrus","10","546","North Carolina","6/5/20","473","73","37025","15.43"
"Caldwell","8","183","North Carolina","6/5/20","127","56","37027","44.09"
"Camden","0","3","North Carolina","6/5/20","3","0","37029","0"
"Carteret","0","39","North Carolina","6/5/20","37","2","37031","5.41"
"Caswell","5","94","North Carolina","6/5/20","58","36","37033","62.07"
"Catawba","10","278","North Carolina","6/5/20","208","70","37035","33.65"
"Chatham","11","690","North Carolina","6/5/20","610","80","37037","13.11"
"Cherokee","0","30","North Carolina","6/5/20","30","0","37039","0"
"Chowan","0","17","North Carolina","6/5/20","17","0","37041","0"
"Clay","0","8","North Carolina","6/5/20","8","0","37043","0"
"Cleveland","5","111","North Carolina","6/5/20","79","32","37045","40.51"
"Columbus","4","355","North Carolina","6/5/20","330","25","37047","7.58"
"Craven","4","218","North Carolina","6/5/20","192","26","37049","13.54"
"Cumberland","13","754","North Carolina","6/5/20","662","92","37051","13.9"
"Currituck","0","15","North Carolina","6/5/20","15","0","37053","0"
"Dare","0","22","North Carolina","6/5/20","22","0","37055","0"
"Davidson","16","500","North Carolina","6/5/20","385","115","37057","29.87"
"Davie","4","113","North Carolina","6/5/20","87","26","37059","29.89"
"Duplin","28","943","North Carolina","6/5/20","750","193","37061","25.73"
"Durham","69","1921","North Carolina","6/5/20","1441","480","37063","33.31"
"Edgecombe","4","216","North Carolina","6/5/20","190","26","37065","13.68"
"Forsyth","65","1660","North Carolina","6/5/20","1207","453","37067","37.53"
"Franklin","3","179","North Carolina","6/5/20","157","22","37069","14.01"
"Gaston","8","320","North Carolina","6/5/20","261","59","37071","22.61"
"Gates","0","24","North Carolina","6/5/20","25","-1","37073","-4"
"Graham","0","4","North Carolina","6/5/20","2","2","37075","100"
"Granville","10","354","North Carolina","6/5/20","287","67","37077","23.34"
"Greene","3","88","North Carolina","6/5/20","70","18","37079","25.71"
"Guilford","45","1508","North Carolina","6/5/20","1195","313","37081","26.19"
"Halifax","4","197","North Carolina","6/5/20","167","30","37083","17.96"
"Harnett","5","318","North Carolina","6/5/20","285","33","37085","11.58"
"Haywood","1","55","North Carolina","6/5/20","47","8","37087","17.02"
"Henderson","4","360","North Carolina","6/5/20","334","26","37089","7.78"
"Hertford","6","133","North Carolina","6/5/20","89","44","37091","49.44"
"Hoke","4","262","North Carolina","6/5/20","232","30","37093","12.93"
"Hyde","0","2","North Carolina","6/5/20","1","1","37095","100"
"Iredell","7","301","North Carolina","6/5/20","251","50","37097","19.92"
"Jackson","1","38","North Carolina","6/5/20","33","5","37099","15.15"
"Johnston","18","554","North Carolina","6/5/20","428","126","37101","29.44"
"Jones","0","28","North Carolina","6/5/20","28","0","37103","0"
"Lee","11","505","North Carolina","6/5/20","428","77","37105","17.99"
"Lenoir","3","229","North Carolina","6/5/20","209","20","37107","9.57"
"Lincoln","4","93","North Carolina","6/5/20","67","26","37109","38.81"
"Macon","10","119","North Carolina","6/5/20","47","72","37113","153.19"
"Madison","0","4","North Carolina","6/5/20","4","0","37115","0"
"Martin","1","74","North Carolina","6/5/20","65","9","37117","13.85"
"McDowell","5","86","North Carolina","6/5/20","53","33","37111","62.26"
"Mecklenburg","174","5057","North Carolina","6/5/20","3837","1220","37119","31.8"
"Mitchell","1","17","North Carolina","6/5/20","12","5","37121","41.67"
"Montgomery","7","162","North Carolina","6/5/20","113","49","37123","43.36"
"Moore","4","248","North Carolina","6/5/20","220","28","37125","12.73"
"Nash","4","223","North Carolina","6/5/20","193","30","37127","15.54"
"New Hanover","5","230","North Carolina","6/5/20","193","37","37129","19.17"
"Northampton","1","165","North Carolina","6/5/20","156","9","37131","5.77"
"Onslow","3","120","North Carolina","6/5/20","100","20","37133","20"
"Orange","7","377","North Carolina","6/5/20","326","51","37135","15.64"
"Pamlico","0","10","North Carolina","6/5/20","10","0","37137","0"
"Pasquotank","2","117","North Carolina","6/5/20","104","13","37139","12.5"
"Pender","3","98","North Carolina","6/5/20","76","22","37141","28.95"
"Perquimans","0","26","North Carolina","6/5/20","24","2","37143","8.33"
"Person","2","57","North Carolina","6/5/20","45","12","37145","26.67"
"Pitt","7","332","North Carolina","6/5/20","286","46","37147","16.08"
"Polk","1","45","North Carolina","6/5/20","35","10","37149","28.57"
"Randolph","14","751","North Carolina","6/5/20","651","100","37151","15.36"
"Richmond","3","180","North Carolina","6/5/20","162","18","37153","11.11"
"Robeson","17","905","North Carolina","6/5/20","786","119","37155","15.14"
"Rockingham","3","106","North Carolina","6/5/20","86","20","37157","23.26"
"Rowan","13","720","North Carolina","6/5/20","629","91","37159","14.47"
"Rutherford","2","191","North Carolina","6/5/20","174","17","37161","9.77"
"Sampson","18","553","North Carolina","6/5/20","429","124","37163","28.9"
"Scotland","1","90","North Carolina","6/5/20","84","6","37165","7.14"
"Stanly","7","103","North Carolina","6/5/20","57","46","37167","80.7"
"Stokes","2","81","North Carolina","6/5/20","65","16","37169","24.62"
"Surry","10","269","North Carolina","6/5/20","197","72","37171","36.55"
"Swain","2","22","North Carolina","6/5/20","11","11","37173","100"
"Transylvania","1","16","North Carolina","6/5/20","12","4","37175","33.33"
"Tyrrell","0","4","North Carolina","6/5/20","4","0","37177","0"
"Union","14","540","North Carolina","6/5/20","439","101","37179","23.01"
"Vance","7","351","North Carolina","6/5/20","300","51","37181","17"
"Wake","58","2067","North Carolina","6/5/20","1661","406","37183","24.44"
"Warren","3","82","North Carolina","6/5/20","58","24","37185","41.38"
"Washington","1","32","North Carolina","6/5/20","27","5","37187","18.52"
"Watauga","3","37","North Carolina","6/5/20","15","22","37189","146.67"
"Wayne","22","1240","North Carolina","6/5/20","1088","152","37191","13.97"
"Wilkes","2","504","North Carolina","6/5/20","492","12","37193","2.44"
"Wilson","11","413","North Carolina","6/5/20","338","75","37195","22.19"
"Yadkin","6","208","North Carolina","6/5/20","169","39","37197","23.08"
"Yancey","1","18","North Carolina","6/5/20","14","4","37199","28.57"
"Barnes","0","6","North Dakota","6/5/20","4","2","38003","50"
"Benson","0","1","North Dakota","6/5/20","1","0","38005","0"
"Bottineau","0","3","North Dakota","6/5/20","2","1","38009","50"
"Bowman","0","1","North Dakota","6/5/20","1","0","38011","0"
"Burke","0","5","North Dakota","6/5/20","5","0","38013","0"
"Burleigh","1","135","North Dakota","6/5/20","126","9","38015","7.14"
"Cass","25","1834","North Dakota","6/5/20","1661","173","38017","10.42"
"Dickey","0","1","North Dakota","6/5/20","0","1","38021","1"
"Divide","0","1","North Dakota","6/5/20","1","0","38023","0"
"Dunn","0","11","North Dakota","6/5/20","12","-1","38025","-8.33"
"Eddy","0","4","North Dakota","6/5/20","4","0","38027","0"
"Emmons","0","4","North Dakota","6/5/20","4","0","38029","0"
"Foster","0","1","North Dakota","6/5/20","1","0","38031","0"
"Grand Forks","1","336","North Dakota","6/5/20","331","5","38035","1.51"
"Grant","0","2","North Dakota","6/5/20","2","0","38037","0"
"Griggs","0","1","North Dakota","6/5/20","1","0","38039","0"
"McHenry","0","2","North Dakota","6/5/20","2","0","38049","0"
"McIntosh","0","1","North Dakota","6/5/20","1","0","38051","0"
"McKenzie","0","18","North Dakota","6/5/20","16","2","38053","12.5"
"McLean","0","7","North Dakota","6/5/20","7","0","38055","0"
"Mercer","0","6","North Dakota","6/5/20","5","1","38057","20"
"Morton","0","60","North Dakota","6/5/20","59","1","38059","1.69"
"Mountrail","0","42","North Dakota","6/5/20","39","3","38061","7.69"
"Nelson","0","1","North Dakota","6/5/20","1","0","38063","0"
"Oliver","0","1","North Dakota","6/5/20","1","0","38065","0"
"Pembina","0","6","North Dakota","6/5/20","6","0","38067","0"
"Pierce","0","3","North Dakota","6/5/20","3","0","38069","0"
"Ramsey","0","8","North Dakota","6/5/20","8","0","38071","0"
"Ransom","0","11","North Dakota","6/5/20","8","3","38073","37.5"
"Renville","0","3","North Dakota","6/5/20","1","2","38075","200"
"Richland","0","24","North Dakota","6/5/20","21","3","38077","14.29"
"Rolette","0","6","North Dakota","6/5/20","6","0","38079","0"
"Sargent","0","4","North Dakota","6/5/20","3","1","38081","33.33"
"Sioux","0","2","North Dakota","6/5/20","2","0","38085","0"
"Slope","0","3","North Dakota","6/5/20","3","0","38087","0"
"Stark","0","62","North Dakota","6/5/20","61","1","38089","1.64"
"Steele","0","1","North Dakota","6/5/20","1","0","38091","0"
"Stutsman","1","30","North Dakota","6/5/20","22","8","38093","36.36"
"Traill","0","14","North Dakota","6/5/20","11","3","38097","27.27"
"Walsh","0","15","North Dakota","6/5/20","13","2","38099","15.38"
"Ward","1","41","North Dakota","6/5/20","37","4","38101","10.81"
"Wells","0","3","North Dakota","6/5/20","3","0","38103","0"
"Williams","0","25","North Dakota","6/5/20","24","1","38105","4.17"
"","1","26","Northern Mariana Islands","6/5/20","22","4",,"18.18"
"Adams","0","11","Ohio","6/5/20","9","2","39001","22.22"
"Allen","1","221","Ohio","6/5/20","212","9","39003","4.25"
"Ashland","0","23","Ohio","6/5/20","20","3","39005","15"
"Ashtabula","6","369","Ohio","6/5/20","330","39","39007","11.82"
"Athens","0","18","Ohio","6/5/20","18","0","39009","0"
"Auglaize","1","77","Ohio","6/5/20","71","6","39011","8.45"
"Belmont","4","449","Ohio","6/5/20","419","30","39013","7.16"
"Brown","0","31","Ohio","6/5/20","28","3","39015","10.71"
"Butler","16","975","Ohio","6/5/20","862","113","39017","13.11"
"Carroll","1","35","Ohio","6/5/20","30","5","39019","16.67"
"Champaign","0","28","Ohio","6/5/20","27","1","39021","3.7"
"Clark","10","323","Ohio","6/5/20","252","71","39023","28.17"
"Clermont","2","219","Ohio","6/5/20","206","13","39025","6.31"
"Clinton","1","47","Ohio","6/5/20","43","4","39027","9.3"
"Columbiana","22","894","Ohio","6/5/20","739","155","39029","20.97"
"Coshocton","1","48","Ohio","6/5/20","38","10","39031","26.32"
"Crawford","1","118","Ohio","6/5/20","110","8","39033","7.27"
"Cuyahoga","67","4789","Ohio","6/5/20","4318","471","39035","10.91"
"Darke","3","190","Ohio","6/5/20","167","23","39037","13.77"
"Defiance","0","34","Ohio","6/5/20","33","1","39039","3.03"
"Delaware","6","360","Ohio","6/5/20","320","40","39041","12.5"
"Erie","2","184","Ohio","6/5/20","167","17","39043","10.18"
"Fairfield","9","318","Ohio","6/5/20","258","60","39045","23.26"
"Fayette","0","41","Ohio","6/5/20","40","1","39047","2.5"
"Franklin","93","6323","Ohio","6/5/20","5674","649","39049","11.44"
"Fulton","1","45","Ohio","6/5/20","39","6","39051","15.38"
"Gallia","0","8","Ohio","6/5/20","7","1","39053","14.29"
"Geauga","4","303","Ohio","6/5/20","277","26","39055","9.39"
"Greene","1","106","Ohio","6/5/20","101","5","39057","4.95"
"Guernsey","1","38","Ohio","6/5/20","34","4","39059","11.76"
"Hamilton","30","2811","Ohio","6/5/20","2603","208","39061","7.99"
"Hancock","0","53","Ohio","6/5/20","50","3","39063","6"
"Hardin","4","73","Ohio","6/5/20","45","28","39065","62.22"
"Harrison","0","10","Ohio","6/5/20","10","0","39067","0"
"Henry","0","17","Ohio","6/5/20","15","2","39069","13.33"
"Highland","1","29","Ohio","6/5/20","23","6","39071","26.09"
"Hocking","0","70","Ohio","6/5/20","69","1","39073","1.45"
"Holmes","4","57","Ohio","6/5/20","32","25","39075","78.12"
"Huron","1","61","Ohio","6/5/20","56","5","39077","8.93"
"Jackson","0","15","Ohio","6/5/20","13","2","39079","15.38"
"Jefferson","0","67","Ohio","6/5/20","67","0","39081","0"
"Knox","0","25","Ohio","6/5/20","24","1","39083","4.17"
"Lake","3","325","Ohio","6/5/20","302","23","39085","7.62"
"Lawrence","0","30","Ohio","6/5/20","30","0","39087","0"
"Licking","6","271","Ohio","6/5/20","230","41","39089","17.83"
"Logan","1","43","Ohio","6/5/20","37","6","39091","16.22"
"Lorain","8","730","Ohio","6/5/20","672","58","39093","8.63"
"Lucas","18","2329","Ohio","6/5/20","2202","127","39095","5.77"
"Madison","2","164","Ohio","6/5/20","152","12","39097","7.89"
"Mahoning","12","1486","Ohio","6/5/20","1405","81","39099","5.77"
"Marion","4","2688","Ohio","6/5/20","2657","31","39101","1.17"
"Medina","7","376","Ohio","6/5/20","328","48","39103","14.63"
"Meigs","0","6","Ohio","6/5/20","6","0","39105","0"
"Mercer","3","227","Ohio","6/5/20","203","24","39107","11.82"
"Miami","2","367","Ohio","6/5/20","355","12","39109","3.38"
"Monroe","0","80","Ohio","6/5/20","77","3","39111","3.9"
"Montgomery","12","734","Ohio","6/5/20","651","83","39113","12.75"
"Morgan","0","5","Ohio","6/5/20","5","0","39115","0"
"Morrow","0","108","Ohio","6/5/20","105","3","39117","2.86"
"Muskingum","1","56","Ohio","6/5/20","50","6","39119","12"
"Noble","0","6","Ohio","6/5/20","6","0","39121","0"
"Ottawa","2","107","Ohio","6/5/20","95","12","39123","12.63"
"Paulding","0","14","Ohio","6/5/20","14","0","39125","0"
"Perry","0","19","Ohio","6/5/20","18","1","39127","5.56"
"Pickaway","7","2099","Ohio","6/5/20","2050","49","39129","2.39"
"Pike","0","9","Ohio","6/5/20","6","3","39131","50"
"Portage","2","335","Ohio","6/5/20","322","13","39133","4.04"
"Preble","1","39","Ohio","6/5/20","35","4","39135","11.43"
"Putnam","1","95","Ohio","6/5/20","90","5","39137","5.56"
"Richland","4","222","Ohio","6/5/20","197","25","39139","12.69"
"Ross","1","73","Ohio","6/5/20","68","5","39141","7.35"
"Sandusky","3","91","Ohio","6/5/20","73","18","39143","24.66"
"Scioto","0","18","Ohio","6/5/20","15","3","39145","20"
"Seneca","1","26","Ohio","6/5/20","20","6","39147","30"
"Shelby","1","47","Ohio","6/5/20","40","7","39149","17.5"
"Stark","12","803","Ohio","6/5/20","716","87","39151","12.15"
"Summit","21","1529","Ohio","6/5/20","1380","149","39153","10.8"
"Trumbull","5","600","Ohio","6/5/20","562","38","39155","6.76"
"Tuscarawas","5","371","Ohio","6/5/20","339","32","39157","9.44"
"Union","1","56","Ohio","6/5/20","51","5","39159","9.8"
"Van Wert","0","7","Ohio","6/5/20","6","1","39161","16.67"
"Vinton","0","21","Ohio","6/5/20","19","2","39163","10.53"
"Warren","7","407","Ohio","6/5/20","359","48","39165","13.37"
"Washington","0","118","Ohio","6/5/20","118","0","39167","0"
"Wayne","4","296","Ohio","6/5/20","266","30","39169","11.28"
"Williams","1","58","Ohio","6/5/20","54","4","39171","7.41"
"Wood","3","306","Ohio","6/5/20","285","21","39173","7.37"
"Wyandot","1","48","Ohio","6/5/20","39","9","39175","23.08"
"Adair","1","93","Oklahoma","6/5/20","85","8","40001","9.41"
"Alfalfa","0","1","Oklahoma","6/5/20","1","0","40003","0"
"Atoka","0","4","Oklahoma","6/5/20","3","1","40005","33.33"
"Beaver","0","24","Oklahoma","6/5/20","24","0","40007","0"
"Beckham","0","7","Oklahoma","6/5/20","6","1","40009","16.67"
"Blaine","0","9","Oklahoma","6/5/20","6","3","40011","50"
"Bryan","2","35","Oklahoma","6/5/20","24","11","40013","45.83"
"Caddo","2","168","Oklahoma","6/5/20","155","13","40015","8.39"
"Canadian","2","141","Oklahoma","6/5/20","129","12","40017","9.3"
"Carter","2","51","Oklahoma","6/5/20","39","12","40019","30.77"
"Cherokee","0","31","Oklahoma","6/5/20","28","3","40021","10.71"
"Choctaw","9","97","Oklahoma","6/5/20","32","65","40023","203.12"
"Cimarron","0","1","Oklahoma","6/5/20","1","0","40025","0"
"Cleveland","3","520","Oklahoma","6/5/20","498","22","40027","4.42"
"Coal","1","5","Oklahoma","6/5/20","1","4","40029","400"
"Comanche","4","306","Oklahoma","6/5/20","279","27","40031","9.68"
"Cotton","0","5","Oklahoma","6/5/20","5","0","40033","0"
"Craig","0","15","Oklahoma","6/5/20","15","0","40035","0"
"Creek","1","99","Oklahoma","6/5/20","93","6","40037","6.45"
"Custer","3","32","Oklahoma","6/5/20","13","19","40039","146.15"
"Delaware","0","100","Oklahoma","6/5/20","100","0","40041","0"
"Dewey","0","3","Oklahoma","6/5/20","2","1","40043","50"
"Garfield","0","29","Oklahoma","6/5/20","26","3","40047","11.54"
"Garvin","0","18","Oklahoma","6/5/20","17","1","40049","5.88"
"Grady","3","107","Oklahoma","6/5/20","85","22","40051","25.88"
"Grant","0","2","Oklahoma","6/5/20","2","0","40053","0"
"Greer","0","66","Oklahoma","6/5/20","66","0","40055","0"
"Harper","0","1","Oklahoma","6/5/20","1","0","40059","0"
"Haskell","0","6","Oklahoma","6/5/20","6","0","40061","0"
"Hughes","0","3","Oklahoma","6/5/20","1","2","40063","200"
"Jackson","0","27","Oklahoma","6/5/20","24","3","40065","12.5"
"Jefferson","0","4","Oklahoma","6/5/20","3","1","40067","33.33"
"Johnston","0","3","Oklahoma","6/5/20","3","0","40069","0"
"Kay","1","57","Oklahoma","6/5/20","52","5","40071","9.62"
"Kingfisher","0","12","Oklahoma","6/5/20","11","1","40073","9.09"
"Kiowa","0","6","Oklahoma","6/5/20","6","0","40075","0"
"Latimer","0","5","Oklahoma","6/5/20","5","0","40077","0"
"Le Flore","0","14","Oklahoma","6/5/20","14","0","40079","0"
"Lincoln","0","22","Oklahoma","6/5/20","22","0","40081","0"
"Logan","0","19","Oklahoma","6/5/20","19","0","40083","0"
"Love","0","16","Oklahoma","6/5/20","15","1","40085","6.67"
"Major","0","6","Oklahoma","6/5/20","6","0","40093","0"
"Marshall","0","10","Oklahoma","6/5/20","8","2","40095","25"
"Mayes","0","31","Oklahoma","6/5/20","30","1","40097","3.33"
"McClain","1","109","Oklahoma","6/5/20","104","5","40087","4.81"
"McCurtain","6","79","Oklahoma","6/5/20","34","45","40089","132.35"
"McIntosh","0","14","Oklahoma","6/5/20","11","3","40091","27.27"
"Murray","0","5","Oklahoma","6/5/20","4","1","40099","25"
"Muskogee","2","61","Oklahoma","6/5/20","46","15","40101","32.61"
"Noble","0","7","Oklahoma","6/5/20","7","0","40103","0"
"Nowata","0","23","Oklahoma","6/5/20","23","0","40105","0"
"Okfuskee","0","5","Oklahoma","6/5/20","6","-1","40107","-16.67"
"Oklahoma","14","1350","Oklahoma","6/5/20","1254","96","40109","7.66"
"Okmulgee","0","25","Oklahoma","6/5/20","25","0","40111","0"
"Osage","1","102","Oklahoma","6/5/20","95","7","40113","7.37"
"Ottawa","0","35","Oklahoma","6/5/20","35","0","40115","0"
"Pawnee","0","32","Oklahoma","6/5/20","30","2","40117","6.67"
"Payne","0","48","Oklahoma","6/5/20","45","3","40119","6.67"
"Pittsburg","0","41","Oklahoma","6/5/20","40","1","40121","2.5"
"Pontotoc","1","17","Oklahoma","6/5/20","13","4","40123","30.77"
"Pottawatomie","1","63","Oklahoma","6/5/20","59","4","40125","6.78"
"Pushmataha","0","5","Oklahoma","6/5/20","2","3","40127","150"
"Rogers","0","83","Oklahoma","6/5/20","80","3","40131","3.75"
"Seminole","1","30","Oklahoma","6/5/20","26","4","40133","15.38"
"Sequoyah","0","17","Oklahoma","6/5/20","14","3","40135","21.43"
"Stephens","1","41","Oklahoma","6/5/20","37","4","40137","10.81"
"Texas","5","944","Oklahoma","6/5/20","908","36","40139","3.96"
"Tillman","0","23","Oklahoma","6/5/20","23","0","40141","0"
"Tulsa","22","1134","Oklahoma","6/5/20","983","151","40143","15.36"
"Wagoner","0","153","Oklahoma","6/5/20","150","3","40145","2"
"Washington","4","339","Oklahoma","6/5/20","314","25","40147","7.96"
"Washita","0","2","Oklahoma","6/5/20","2","0","40149","0"
"Woods","0","4","Oklahoma","6/5/20","3","1","40151","33.33"
"Woodward","0","5","Oklahoma","6/5/20","4","1","40153","25"
"Baker","0","1","Oregon","6/5/20","1","0","41001","0"
"Benton","1","62","Oregon","6/5/20","55","7","41003","12.73"
"Clackamas","5","339","Oregon","6/5/20","305","34","41005","11.15"
"Clatsop","0","45","Oregon","6/5/20","45","0","41007","0"
"Columbia","0","16","Oregon","6/5/20","16","0","41009","0"
"Coos","0","32","Oregon","6/5/20","31","1","41011","3.23"
"Crook","0","6","Oregon","6/5/20","6","0","41013","0"
"Curry","0","7","Oregon","6/5/20","7","0","41015","0"
"Deschutes","2","134","Oregon","6/5/20","121","13","41017","10.74"
"Douglas","0","29","Oregon","6/5/20","26","3","41019","11.54"
"Grant","0","1","Oregon","6/5/20","1","0","41023","0"
"Harney","0","1","Oregon","6/5/20","1","0","41025","0"
"Hood River","3","37","Oregon","6/5/20","14","23","41027","164.29"
"Jackson","1","69","Oregon","6/5/20","65","4","41029","6.15"
"Jefferson","4","55","Oregon","6/5/20","28","27","41031","96.43"
"Josephine","0","23","Oregon","6/5/20","23","0","41033","0"
"Klamath","0","45","Oregon","6/5/20","42","3","41035","7.14"
"Lake","0","2","Oregon","6/5/20","2","0","41037","0"
"Lane","2","80","Oregon","6/5/20","68","12","41039","17.65"
"Lincoln","2","27","Oregon","6/5/20","12","15","41041","125"
"Linn","1","124","Oregon","6/5/20","115","9","41043","7.83"
"Malheur","0","33","Oregon","6/5/20","32","1","41045","3.12"
"Marion","12","1028","Oregon","6/5/20","942","86","41047","9.13"
"Morrow","0","12","Oregon","6/5/20","12","0","41049","0"
"Multnomah","16","1236","Oregon","6/5/20","1121","115","41051","10.26"
"Polk","0","100","Oregon","6/5/20","98","2","41053","2.04"
"Sherman","0","1","Oregon","6/5/20","1","0","41055","0"
"Tillamook","0","6","Oregon","6/5/20","6","0","41057","0"
"Umatilla","2","125","Oregon","6/5/20","114","11","41059","9.65"
"Union","0","6","Oregon","6/5/20","6","0","41061","0"
"Wallowa","0","2","Oregon","6/5/20","2","0","41063","0"
"Wasco","1","32","Oregon","6/5/20","22","10","41065","45.45"
"Washington","8","775","Oregon","6/5/20","722","53","41067","7.34"
"Yamhill","1","79","Oregon","6/5/20","69","10","41071","14.49"
"Adams","3","264","Pennsylvania","6/5/20","241","23","42001","9.54"
"Allegheny","15","1973","Pennsylvania","6/5/20","1870","103","42003","5.51"
"Armstrong","0","64","Pennsylvania","6/5/20","62","2","42005","3.23"
"Beaver","2","598","Pennsylvania","6/5/20","582","16","42007","2.75"
"Bedford","1","43","Pennsylvania","6/5/20","39","4","42009","10.26"
"Berks","26","4167","Pennsylvania","6/5/20","3988","179","42011","4.49"
"Blair","1","53","Pennsylvania","6/5/20","49","4","42013","8.16"
"Bradford","0","46","Pennsylvania","6/5/20","46","0","42015","0"
"Bucks","26","5197","Pennsylvania","6/5/20","5012","185","42017","3.69"
"Butler","2","239","Pennsylvania","6/5/20","227","12","42019","5.29"
"Cambria","0","59","Pennsylvania","6/5/20","57","2","42021","3.51"
"Cameron","0","2","Pennsylvania","6/5/20","2","0","42023","0"
"Carbon","2","245","Pennsylvania","6/5/20","234","11","42025","4.7"
"Centre","0","154","Pennsylvania","6/5/20","151","3","42027","1.99"
"Chester","50","2959","Pennsylvania","6/5/20","2607","352","42029","13.5"
"Clarion","0","27","Pennsylvania","6/5/20","26","1","42031","3.85"
"Clearfield","1","43","Pennsylvania","6/5/20","38","5","42033","13.16"
"Clinton","1","60","Pennsylvania","6/5/20","55","5","42035","9.09"
"Columbia","1","352","Pennsylvania","6/5/20","346","6","42037","1.73"
"Crawford","0","30","Pennsylvania","6/5/20","30","0","42039","0"
"Cumberland","5","659","Pennsylvania","6/5/20","621","38","42041","6.12"
"Dauphin","29","1434","Pennsylvania","6/5/20","1231","203","42043","16.49"
"Delaware","33","6608","Pennsylvania","6/5/20","6379","229","42045","3.59"
"Elk","0","6","Pennsylvania","6/5/20","6","0","42047","0"
"Erie","11","332","Pennsylvania","6/5/20","253","79","42049","31.23"
"Fayette","0","95","Pennsylvania","6/5/20","95","0","42051","0"
"Forest","0","7","Pennsylvania","6/5/20","7","0","42053","0"
"Franklin","4","788","Pennsylvania","6/5/20","762","26","42055","3.41"
"Fulton","0","16","Pennsylvania","6/5/20","15","1","42057","6.67"
"Greene","0","27","Pennsylvania","6/5/20","27","0","42059","0"
"Huntingdon","1","234","Pennsylvania","6/5/20","228","6","42061","2.63"
"Indiana","0","91","Pennsylvania","6/5/20","90","1","42063","1.11"
"Jefferson","1","15","Pennsylvania","6/5/20","7","8","42065","114.29"
"Juniata","0","95","Pennsylvania","6/5/20","95","0","42067","0"
"Lackawanna","7","1575","Pennsylvania","6/5/20","1528","47","42069","3.08"
"Lancaster","33","3337","Pennsylvania","6/5/20","3105","232","42071","7.47"
"Lawrence","1","82","Pennsylvania","6/5/20","76","6","42073","7.89"
"Lebanon","7","1000","Pennsylvania","6/5/20","950","50","42075","5.26"
"Lehigh","13","3829","Pennsylvania","6/5/20","3738","91","42077","2.43"
"Luzerne","10","2782","Pennsylvania","6/5/20","2711","71","42079","2.62"
"Lycoming","1","166","Pennsylvania","6/5/20","162","4","42081","2.47"
"McKean","0","13","Pennsylvania","6/5/20","12","1","42083","8.33"
"Mercer","0","110","Pennsylvania","6/5/20","107","3","42085","2.8"
"Mifflin","0","59","Pennsylvania","6/5/20","58","1","42087","1.72"
"Monroe","3","1335","Pennsylvania","6/5/20","1315","20","42089","1.52"
"Montgomery","73","7416","Pennsylvania","6/5/20","6906","510","42091","7.38"
"Montour","0","53","Pennsylvania","6/5/20","50","3","42093","6"
"Northampton","13","3136","Pennsylvania","6/5/20","3045","91","42095","2.99"
"Northumberland","3","206","Pennsylvania","6/5/20","186","20","42097","10.75"
"Perry","2","67","Pennsylvania","6/5/20","56","11","42099","19.64"
"Philadelphia","143","23407","Pennsylvania","6/5/20","22405","1002","42101","4.47"
"Pike","0","478","Pennsylvania","6/5/20","476","2","42103","0.42"
"Potter","1","8","Pennsylvania","6/5/20","4","4","42105","100"
"Schuylkill","5","653","Pennsylvania","6/5/20","616","37","42107","6.01"
"Snyder","2","53","Pennsylvania","6/5/20","39","14","42109","35.9"
"Somerset","0","38","Pennsylvania","6/5/20","37","1","42111","2.7"
"Sullivan","0","3","Pennsylvania","6/5/20","3","0","42113","0"
"Susquehanna","2","124","Pennsylvania","6/5/20","109","15","42115","13.76"
"Tioga","0","19","Pennsylvania","6/5/20","17","2","42117","11.76"
"Union","2","70","Pennsylvania","6/5/20","57","13","42119","22.81"
"Venango","1","15","Pennsylvania","6/5/20","8","7","42121","87.5"
"Warren","0","5","Pennsylvania","6/5/20","3","2","42123","66.67"
"Washington","0","141","Pennsylvania","6/5/20","139","2","42125","1.44"
"Wayne","1","123","Pennsylvania","6/5/20","119","4","42127","3.36"
"Westmoreland","2","456","Pennsylvania","6/5/20","444","12","42129","2.7"
"Wyoming","0","34","Pennsylvania","6/5/20","34","0","42131","0"
"York","7","1040","Pennsylvania","6/5/20","991","49","42133","4.94"
"","139","4620","Puerto Rico","6/5/20","3647","973",,"26.68"
"Bristol","0","224","Rhode Island","6/5/20","224","0","44001","0"
"Kent","0","1052","Rhode Island","6/5/20","1052","0","44003","0"
"Newport","0","244","Rhode Island","6/5/20","244","0","44005","0"
"Providence","0","11052","Rhode Island","6/5/20","11052","0","44007","0"
"Washington","0","499","Rhode Island","6/5/20","499","0","44009","0"
"Abbeville","1","47","South Carolina","6/5/20","39","8","45001","20.51"
"Aiken","4","216","South Carolina","6/5/20","191","25","45003","13.09"
"Allendale","1","39","South Carolina","6/5/20","34","5","45005","14.71"
"Anderson","4","263","South Carolina","6/5/20","234","29","45007","12.39"
"Bamberg","2","33","South Carolina","6/5/20","21","12","45009","57.14"
"Barnwell","1","52","South Carolina","6/5/20","44","8","45011","18.18"
"Beaufort","8","417","South Carolina","6/5/20","361","56","45013","15.51"
"Berkeley","4","257","South Carolina","6/5/20","228","29","45015","12.72"
"Calhoun","1","19","South Carolina","6/5/20","11","8","45017","72.73"
"Charleston","18","709","South Carolina","6/5/20","586","123","45019","20.99"
"Cherokee","2","49","South Carolina","6/5/20","34","15","45021","44.12"
"Chester","5","96","South Carolina","6/5/20","62","34","45023","54.84"
"Chesterfield","10","236","South Carolina","6/5/20","165","71","45025","43.03"
"Clarendon","1","304","South Carolina","6/5/20","296","8","45027","2.7"
"Colleton","5","128","South Carolina","6/5/20","92","36","45029","39.13"
"Darlington","6","316","South Carolina","6/5/20","276","40","45031","14.49"
"Dillon","3","177","South Carolina","6/5/20","156","21","45033","13.46"
"Dorchester","4","189","South Carolina","6/5/20","161","28","45035","17.39"
"Edgefield","0","54","South Carolina","6/5/20","51","3","45037","5.88"
"Fairfield","5","203","South Carolina","6/5/20","168","35","45039","20.83"
"Florence","10","707","South Carolina","6/5/20","637","70","45041","10.99"
"Georgetown","1","82","South Carolina","6/5/20","74","8","45043","10.81"
"Greenville","68","1934","South Carolina","6/5/20","1461","473","45045","32.38"
"Greenwood","5","160","South Carolina","6/5/20","128","32","45047","25"
"Hampton","0","38","South Carolina","6/5/20","36","2","45049","5.56"
"Horry","18","536","South Carolina","6/5/20","410","126","45051","30.73"
"Jasper","1","45","South Carolina","6/5/20","39","6","45053","15.38"
"Kershaw","6","368","South Carolina","6/5/20","324","44","45055","13.58"
"Lancaster","9","189","South Carolina","6/5/20","129","60","45057","46.51"
"Laurens","2","77","South Carolina","6/5/20","65","12","45059","18.46"
"Lee","2","227","South Carolina","6/5/20","212","15","45061","7.08"
"Lexington","24","766","South Carolina","6/5/20","597","169","45063","28.31"
"Marion","1","74","South Carolina","6/5/20","68","6","45067","8.82"
"Marlboro","7","198","South Carolina","6/5/20","149","49","45069","32.89"
"McCormick","0","10","South Carolina","6/5/20","8","2","45065","25"
"Newberry","2","71","South Carolina","6/5/20","55","16","45071","29.09"
"Oconee","1","55","South Carolina","6/5/20","50","5","45073","10"
"Orangeburg","11","242","South Carolina","6/5/20","168","74","45075","44.05"
"Pickens","7","186","South Carolina","6/5/20","138","48","45077","34.78"
"Richland","29","1666","South Carolina","6/5/20","1461","205","45079","14.03"
"Saluda","1","151","South Carolina","6/5/20","142","9","45081","6.34"
"Spartanburg","21","701","South Carolina","6/5/20","555","146","45083","26.31"
"Sumter","9","426","South Carolina","6/5/20","365","61","45085","16.71"
"Union","1","40","South Carolina","6/5/20","36","4","45087","11.11"
"Williamsburg","4","254","South Carolina","6/5/20","229","25","45089","10.92"
"York","9","446","South Carolina","6/5/20","385","61","45091","15.84"
"Aurora","1","27","South Dakota","6/5/20","23","4","46003","17.39"
"Beadle","17","343","South Dakota","6/5/20","222","121","46005","54.5"
"Bon Homme","0","8","South Dakota","6/5/20","8","0","46009","0"
"Brookings","1","20","South Dakota","6/5/20","16","4","46011","25"
"Brown","3","291","South Dakota","6/5/20","269","22","46013","8.18"
"Brule","0","2","South Dakota","6/5/20","0","2","46015","1"
"Buffalo","1","22","South Dakota","6/5/20","12","10","46017","83.33"
"Charles Mix","0","18","South Dakota","6/5/20","16","2","46023","12.5"
"Clark","0","4","South Dakota","6/5/20","4","0","46025","0"
"Clay","1","19","South Dakota","6/5/20","15","4","46027","26.67"
"Codington","1","39","South Dakota","6/5/20","35","4","46029","11.43"
"Corson","0","4","South Dakota","6/5/20","4","0","46031","0"
"Custer","0","1","South Dakota","6/5/20","0","1","46033","1"
"Davison","1","24","South Dakota","6/5/20","14","10","46035","71.43"
"Day","0","14","South Dakota","6/5/20","13","1","46037","7.69"
"Deuel","0","1","South Dakota","6/5/20","1","0","46039","0"
"Douglas","0","3","South Dakota","6/5/20","3","0","46043","0"
"Edmunds","0","3","South Dakota","6/5/20","1","2","46045","200"
"Fall River","0","6","South Dakota","6/5/20","4","2","46047","50"
"Faulk","0","1","South Dakota","6/5/20","1","0","46049","0"
"Grant","0","13","South Dakota","6/5/20","13","0","46051","0"
"Gregory","0","1","South Dakota","6/5/20","0","1","46053","1"
"Hamlin","0","5","South Dakota","6/5/20","4","1","46057","25"
"Hand","0","4","South Dakota","6/5/20","2","2","46059","100"
"Hanson","0","2","South Dakota","6/5/20","0","2","46061","1"
"Hughes","0","19","South Dakota","6/5/20","19","0","46065","0"
"Hutchinson","0","6","South Dakota","6/5/20","4","2","46067","50"
"Hyde","0","1","South Dakota","6/5/20","1","0","46069","0"
"Jackson","0","4","South Dakota","6/5/20","3","1","46071","33.33"
"Jerauld","1","39","South Dakota","6/5/20","34","5","46073","14.71"
"Kingsbury","0","3","South Dakota","6/5/20","1","2","46077","200"
"Lake","1","12","South Dakota","6/5/20","8","4","46079","50"
"Lawrence","0","12","South Dakota","6/5/20","11","1","46081","9.09"
"Lincoln","1","246","South Dakota","6/5/20","236","10","46083","4.24"
"Lyman","0","16","South Dakota","6/5/20","13","3","46085","23.08"
"Marshall","0","4","South Dakota","6/5/20","4","0","46091","0"
"McCook","0","6","South Dakota","6/5/20","5","1","46087","20"
"McPherson","0","1","South Dakota","6/5/20","1","0","46089","0"
"Meade","2","24","South Dakota","6/5/20","13","11","46093","84.62"
"Miner","0","2","South Dakota","6/5/20","1","1","46097","100"
"Minnehaha","8","3387","South Dakota","6/5/20","3330","57","46099","1.71"
"Moody","0","19","South Dakota","6/5/20","19","0","46101","0"
"Oglala Lakota","2","35","South Dakota","6/5/20","21","14","46102","66.67"
"Pennington","12","284","South Dakota","6/5/20","201","83","46103","41.29"
"Roberts","0","37","South Dakota","6/5/20","35","2","46109","5.71"
"Sanborn","0","13","South Dakota","6/5/20","12","1","46111","8.33"
"Spink","0","5","South Dakota","6/5/20","5","0","46115","0"
"Stanley","0","10","South Dakota","6/5/20","10","0","46117","0"
"Sully","0","1","South Dakota","6/5/20","1","0","46119","0"
"Todd","1","33","South Dakota","6/5/20","23","10","46121","43.48"
"Tripp","0","6","South Dakota","6/5/20","6","0","46123","0"
"Turner","0","25","South Dakota","6/5/20","24","1","46125","4.17"
"Union","1","93","South Dakota","6/5/20","88","5","46127","5.68"
"Walworth","0","5","South Dakota","6/5/20","5","0","46129","0"
"Yankton","0","52","South Dakota","6/5/20","51","1","46135","1.96"
"Ziebach","0","2","South Dakota","6/5/20","1","1","46137","100"
"Anderson","0","42","Tennessee","6/5/20","39","3","47001","7.69"
"Bedford","3","302","Tennessee","6/5/20","283","19","47003","6.71"
"Benton","0","7","Tennessee","6/5/20","7","0","47005","0"
"Bledsoe","1","613","Tennessee","6/5/20","608","5","47007","0.82"
"Blount","1","93","Tennessee","6/5/20","89","4","47009","4.49"
"Bradley","9","174","Tennessee","6/5/20","113","61","47011","53.98"
"Campbell","0","18","Tennessee","6/5/20","17","1","47013","5.88"
"Cannon","2","32","Tennessee","6/5/20","17","15","47015","88.24"
"Carroll","0","28","Tennessee","6/5/20","27","1","47017","3.7"
"Carter","0","19","Tennessee","6/5/20","19","0","47019","0"
"Cheatham","3","140","Tennessee","6/5/20","118","22","47021","18.64"
"Chester","0","12","Tennessee","6/5/20","12","0","47023","0"
"Claiborne","0","12","Tennessee","6/5/20","9","3","47025","33.33"
"Clay","0","8","Tennessee","6/5/20","7","1","47027","14.29"
"Cocke","0","21","Tennessee","6/5/20","20","1","47029","5"
"Coffee","2","81","Tennessee","6/5/20","70","11","47031","15.71"
"Crockett","0","16","Tennessee","6/5/20","16","0","47033","0"
"Cumberland","1","120","Tennessee","6/5/20","111","9","47035","8.11"
"Davidson","96","5638","Tennessee","6/5/20","4968","670","47037","13.49"
"Decatur","0","5","Tennessee","6/5/20","5","0","47039","0"
"DeKalb","0","39","Tennessee","6/5/20","37","2","47041","5.41"
"Dickson","2","121","Tennessee","6/5/20","110","11","47043","10"
"Dyer","1","59","Tennessee","6/5/20","50","9","47045","18"
"Fayette","5","144","Tennessee","6/5/20","112","32","47047","28.57"
"Fentress","0","12","Tennessee","6/5/20","12","0","47049","0"
"Franklin","0","54","Tennessee","6/5/20","51","3","47051","5.88"
"Gibson","0","63","Tennessee","6/5/20","62","1","47053","1.61"
"Giles","0","14","Tennessee","6/5/20","12","2","47055","16.67"
"Grainger","1","15","Tennessee","6/5/20","6","9","47057","150"
"Greene","0","52","Tennessee","6/5/20","49","3","47059","6.12"
"Grundy","0","32","Tennessee","6/5/20","32","0","47061","0"
"Hamblen","1","44","Tennessee","6/5/20","34","10","47063","29.41"
"Hamilton","34","992","Tennessee","6/5/20","753","239","47065","31.74"
"Hancock","0","1","Tennessee","6/5/20","1","0","47067","0"
"Hardeman","1","204","Tennessee","6/5/20","195","9","47069","4.62"
"Hardin","1","22","Tennessee","6/5/20","12","10","47071","83.33"
"Hawkins","0","34","Tennessee","6/5/20","32","2","47073","6.25"
"Haywood","1","34","Tennessee","6/5/20","30","4","47075","13.33"
"Henderson","0","15","Tennessee","6/5/20","15","0","47077","0"
"Henry","0","32","Tennessee","6/5/20","30","2","47079","6.67"
"Hickman","0","59","Tennessee","6/5/20","57","2","47081","3.51"
"Houston","0","8","Tennessee","6/5/20","8","0","47083","0"
"Humphreys","0","16","Tennessee","6/5/20","13","3","47085","23.08"
"Jackson","0","19","Tennessee","6/5/20","17","2","47087","11.76"
"Jefferson","0","29","Tennessee","6/5/20","28","1","47089","3.57"
"Johnson","0","19","Tennessee","6/5/20","16","3","47091","18.75"
"Knox","11","445","Tennessee","6/5/20","366","79","47093","21.58"
"Lake","60","835","Tennessee","6/5/20","413","422","47095","102.18"
"Lauderdale","1","60","Tennessee","6/5/20","56","4","47097","7.14"
"Lawrence","1","35","Tennessee","6/5/20","29","6","47099","20.69"
"Lewis","0","3","Tennessee","6/5/20","3","0","47101","0"
"Lincoln","1","30","Tennessee","6/5/20","25","5","47103","20"
"Loudon","3","165","Tennessee","6/5/20","142","23","47105","16.2"
"Macon","6","171","Tennessee","6/5/20","130","41","47111","31.54"
"Madison","0","173","Tennessee","6/5/20","175","-2","47113","-1.14"
"Marion","1","44","Tennessee","6/5/20","39","5","47115","12.82"
"Marshall","0","34","Tennessee","6/5/20","31","3","47117","9.68"
"Maury","3","108","Tennessee","6/5/20","88","20","47119","22.73"
"McMinn","1","146","Tennessee","6/5/20","136","10","47107","7.35"
"McNairy","0","15","Tennessee","6/5/20","12","3","47109","25"
"Meigs","0","27","Tennessee","6/5/20","26","1","47121","3.85"
"Monroe","2","74","Tennessee","6/5/20","61","13","47123","21.31"
"Montgomery","4","287","Tennessee","6/5/20","262","25","47125","9.54"
"Moore","0","5","Tennessee","6/5/20","3","2","47127","66.67"
"Morgan","0","18","Tennessee","6/5/20","17","1","47129","5.88"
"Obion","3","48","Tennessee","6/5/20","30","18","47131","60"
"Out of TN","7","426","Tennessee","6/5/20","379","47","80047","12.4"
"Overton","1","33","Tennessee","6/5/20","26","7","47133","26.92"
"Perry","1","24","Tennessee","6/5/20","17","7","47135","41.18"
"Pickett","0","3","Tennessee","6/5/20","3","0","47137","0"
"Polk","1","19","Tennessee","6/5/20","15","4","47139","26.67"
"Putnam","9","525","Tennessee","6/5/20","465","60","47141","12.9"
"Rhea","1","217","Tennessee","6/5/20","209","8","47143","3.83"
"Roane","0","17","Tennessee","6/5/20","16","1","47145","6.25"
"Robertson","13","542","Tennessee","6/5/20","449","93","47147","20.71"
"Rutherford","34","1398","Tennessee","6/5/20","1162","236","47149","20.31"
"Scott","0","13","Tennessee","6/5/20","12","1","47151","8.33"
"Sequatchie","1","20","Tennessee","6/5/20","15","5","47153","33.33"
"Sevier","3","100","Tennessee","6/5/20","80","20","47155","25"
"Shelby","121","5669","Tennessee","6/5/20","4823","846","47157","17.54"
"Smith","1","36","Tennessee","6/5/20","32","4","47159","12.5"
"Stewart","0","14","Tennessee","6/5/20","11","3","47161","27.27"
"Sullivan","0","60","Tennessee","6/5/20","60","0","47163","0"
"Sumner","13","951","Tennessee","6/5/20","858","93","47165","10.84"
"Tipton","4","467","Tennessee","6/5/20","437","30","47167","6.86"
"Trousdale","0","1394","Tennessee","6/5/20","1393","1","47169","0.07"
"Unicoi","6","49","Tennessee","6/5/20","4","45","47171","1125"
"Union","0","4","Tennessee","6/5/20","4","0","47173","0"
"Van Buren","0","4","Tennessee","6/5/20","4","0","47175","0"
"Warren","1","27","Tennessee","6/5/20","23","4","47177","17.39"
"Washington","0","76","Tennessee","6/5/20","75","1","47179","1.33"
"Wayne","0","64","Tennessee","6/5/20","63","1","47181","1.59"
"Weakley","0","26","Tennessee","6/5/20","26","0","47183","0"
"White","0","34","Tennessee","6/5/20","31","3","47185","9.68"
"Williamson","8","595","Tennessee","6/5/20","542","53","47187","9.78"
"Wilson","10","459","Tennessee","6/5/20","389","70","47189","17.99"
"Anderson","3","87","Texas","6/5/20","66","21","48001","31.82"
"Andrews","0","27","Texas","6/5/20","27","0","48003","0"
"Angelina","4","232","Texas","6/5/20","201","31","48005","15.42"
"Aransas","0","5","Texas","6/5/20","5","0","48007","0"
"Archer","0","2","Texas","6/5/20","1","1","48009","100"
"Armstrong","0","3","Texas","6/5/20","2","1","48011","50"
"Atascosa","1","41","Texas","6/5/20","35","6","48013","17.14"
"Austin","1","29","Texas","6/5/20","24","5","48015","20.83"
"Bailey","1","24","Texas","6/5/20","14","10","48017","71.43"
"Bandera","0","6","Texas","6/5/20","6","0","48019","0"
"Bastrop","7","245","Texas","6/5/20","196","49","48021","25"
"Baylor","0","3","Texas","6/5/20","0","3","48023","1"
"Bee","1","18","Texas","6/5/20","9","9","48025","100"
"Bell","14","432","Texas","6/5/20","335","97","48027","28.96"
"Bexar","62","3018","Texas","6/5/20","2583","435","48029","16.84"
"Blanco","0","11","Texas","6/5/20","8","3","48031","37.5"
"Bosque","0","7","Texas","6/5/20","6","1","48035","16.67"
"Bowie","16","301","Texas","6/5/20","189","112","48037","59.26"
"Brazoria","15","967","Texas","6/5/20","861","106","48039","12.31"
"Brazos","11","532","Texas","6/5/20","455","77","48041","16.92"
"Brewster","0","1","Texas","6/5/20","1","0","48043","0"
"Briscoe","0","1","Texas","6/5/20","1","0","48045","0"
"Brooks","0","1","Texas","6/5/20","1","0","48047","0"
"Brown","0","59","Texas","6/5/20","57","2","48049","3.51"
"Burleson","1","29","Texas","6/5/20","23","6","48051","26.09"
"Burnet","2","49","Texas","6/5/20","32","17","48053","53.12"
"Caldwell","2","74","Texas","6/5/20","57","17","48055","29.82"
"Calhoun","0","37","Texas","6/5/20","37","0","48057","0"
"Callahan","0","10","Texas","6/5/20","9","1","48059","11.11"
"Cameron","14","841","Texas","6/5/20","743","98","48061","13.19"
"Camp","2","87","Texas","6/5/20","74","13","48063","17.57"
"Carson","0","6","Texas","6/5/20","6","0","48065","0"
"Cass","0","30","Texas","6/5/20","29","1","48067","3.45"
"Castro","0","34","Texas","6/5/20","32","2","48069","6.25"
"Chambers","2","73","Texas","6/5/20","62","11","48071","17.74"
"Cherokee","1","50","Texas","6/5/20","44","6","48073","13.64"
"Childress","0","2","Texas","6/5/20","2","0","48075","0"
"Clay","0","5","Texas","6/5/20","3","2","48077","66.67"
"Cochran","0","1","Texas","6/5/20","1","0","48079","0"
"Coke","0","1","Texas","6/5/20","1","0","48081","0"
"Coleman","0","4","Texas","6/5/20","3","1","48083","33.33"
"Collin","30","1430","Texas","6/5/20","1217","213","48085","17.5"
"Collingsworth","0","5","Texas","6/5/20","5","0","48087","0"
"Colorado","0","24","Texas","6/5/20","22","2","48089","9.09"
"Comal","4","113","Texas","6/5/20","87","26","48091","29.89"
"Comanche","0","12","Texas","6/5/20","9","3","48093","33.33"
"Concho","0","1","Texas","6/5/20","1","0","48095","0"
"Cooke","1","20","Texas","6/5/20","13","7","48097","53.85"
"Coryell","9","289","Texas","6/5/20","227","62","48099","27.31"
"Cottle","0","4","Texas","6/5/20","4","0","48101","0"
"Crane","1","26","Texas","6/5/20","22","4","48103","18.18"
"Crockett","0","1","Texas","6/5/20","0","1","48105","1"
"Crosby","0","3","Texas","6/5/20","3","0","48107","0"
"Dallam","0","27","Texas","6/5/20","24","3","48111","12.5"
"Dallas","251","11541","Texas","6/5/20","9787","1754","48113","17.92"
"Dawson","1","45","Texas","6/5/20","40","5","48115","12.5"
"Deaf Smith","2","174","Texas","6/5/20","161","13","48117","8.07"
"Delta","0","2","Texas","6/5/20","1","1","48119","100"
"Denton","24","1454","Texas","6/5/20","1285","169","48121","13.15"
"DeWitt","0","18","Texas","6/5/20","17","1","48123","5.88"
"Dickens","0","1","Texas","6/5/20","1","0","48125","0"
"Dimmit","0","1","Texas","6/5/20","1","0","48127","0"
"Donley","0","27","Texas","6/5/20","26","1","48129","3.85"
"Duval","0","5","Texas","6/5/20","5","0","48131","0"
"Eastland","0","7","Texas","6/5/20","6","1","48133","16.67"
"Ector","5","185","Texas","6/5/20","152","33","48135","21.71"
"El Paso","92","3213","Texas","6/5/20","2569","644","48141","25.07"
"Ellis","9","366","Texas","6/5/20","305","61","48139","20"
"Erath","1","25","Texas","6/5/20","16","9","48143","56.25"
"Falls","1","11","Texas","6/5/20","6","5","48145","83.33"
"Fannin","1","42","Texas","6/5/20","37","5","48147","13.51"
"Fayette","1","38","Texas","6/5/20","34","4","48149","11.76"
"Fisher","0","2","Texas","6/5/20","2","0","48151","0"
"Floyd","1","16","Texas","6/5/20","8","8","48153","100"
"Fort Bend","38","2032","Texas","6/5/20","1766","266","48157","15.06"
"Franklin","1","18","Texas","6/5/20","13","5","48159","38.46"
"Freestone","0","10","Texas","6/5/20","10","0","48161","0"
"Frio","0","40","Texas","6/5/20","37","3","48163","8.11"
"Gaines","0","7","Texas","6/5/20","7","0","48165","0"
"Galveston","18","906","Texas","6/5/20","779","127","48167","16.3"
"Garza","0","6","Texas","6/5/20","5","1","48169","20"
"Gillespie","0","5","Texas","6/5/20","5","0","48171","0"
"Glasscock","0","1","Texas","6/5/20","1","0","48173","0"
"Goliad","0","7","Texas","6/5/20","7","0","48175","0"
"Gonzales","5","147","Texas","6/5/20","111","36","48177","32.43"
"Gray","1","104","Texas","6/5/20","96","8","48179","8.33"
"Grayson","7","366","Texas","6/5/20","316","50","48181","15.82"
"Gregg","7","250","Texas","6/5/20","201","49","48183","24.38"
"Grimes","16","226","Texas","6/5/20","113","113","48185","100"
"Guadalupe","3","145","Texas","6/5/20","126","19","48187","15.08"
"Hale","1","60","Texas","6/5/20","56","4","48189","7.14"
"Hall","0","2","Texas","6/5/20","2","0","48191","0"
"Hamilton","0","9","Texas","6/5/20","7","2","48193","28.57"
"Hansford","0","20","Texas","6/5/20","18","2","48195","11.11"
"Hardeman","0","3","Texas","6/5/20","1","2","48197","200"
"Hardin","1","142","Texas","6/5/20","137","5","48199","3.65"
"Harris","276","13940","Texas","6/5/20","12009","1931","48201","16.08"
"Harrison","2","256","Texas","6/5/20","239","17","48203","7.11"
"Hartley","0","12","Texas","6/5/20","11","1","48205","9.09"
"Haskell","0","3","Texas","6/5/20","2","1","48207","50"
"Hays","13","385","Texas","6/5/20","297","88","48209","29.63"
"Hemphill","0","1","Texas","6/5/20","1","0","48211","0"
"Henderson","1","65","Texas","6/5/20","57","8","48213","14.04"
"Hidalgo","19","679","Texas","6/5/20","548","131","48215","23.91"
"Hill","0","26","Texas","6/5/20","24","2","48217","8.33"
"Hockley","0","27","Texas","6/5/20","27","0","48219","0"
"Hood","1","31","Texas","6/5/20","26","5","48221","19.23"
"Hopkins","1","28","Texas","6/5/20","24","4","48223","16.67"
"Houston","10","151","Texas","6/5/20","84","67","48225","79.76"
"Howard","0","9","Texas","6/5/20","7","2","48227","28.57"
"Hudspeth","0","4","Texas","6/5/20","1","3","48229","300"
"Hunt","5","114","Texas","6/5/20","76","38","48231","50"
"Hutchinson","1","44","Texas","6/5/20","34","10","48233","29.41"
"Irion","0","1","Texas","6/5/20","0","1","48235","1"
"Jack","0","4","Texas","6/5/20","4","0","48237","0"
"Jackson","0","19","Texas","6/5/20","18","1","48239","5.56"
"Jasper","0","29","Texas","6/5/20","28","1","48241","3.57"
"Jefferson","12","604","Texas","6/5/20","518","86","48245","16.6"
"Jim Hogg","0","4","Texas","6/5/20","4","0","48247","0"
"Jim Wells","0","12","Texas","6/5/20","9","3","48249","33.33"
"Johnson","5","202","Texas","6/5/20","165","37","48251","22.42"
"Jones","45","637","Texas","6/5/20","323","314","48253","97.21"
"Karnes","0","4","Texas","6/5/20","4","0","48255","0"
"Kaufman","8","260","Texas","6/5/20","203","57","48257","28.08"
"Kendall","1","32","Texas","6/5/20","28","4","48259","14.29"
"Kerr","0","20","Texas","6/5/20","17","3","48265","17.65"
"Kimble","0","1","Texas","6/5/20","1","0","48267","0"
"Kinney","0","1","Texas","6/5/20","0","1","48271","1"
"Kleberg","0","18","Texas","6/5/20","16","2","48273","12.5"
"Knox","0","1","Texas","6/5/20","1","0","48275","0"
"La Salle","0","4","Texas","6/5/20","4","0","48283","0"
"Lamar","3","154","Texas","6/5/20","136","18","48277","13.24"
"Lamb","0","16","Texas","6/5/20","16","0","48279","0"
"Lampasas","0","9","Texas","6/5/20","8","1","48281","12.5"
"Lavaca","1","18","Texas","6/5/20","11","7","48285","63.64"
"Lee","1","25","Texas","6/5/20","21","4","48287","19.05"
"Leon","0","11","Texas","6/5/20","10","1","48289","10"
"Liberty","3","101","Texas","6/5/20","81","20","48291","24.69"
"Limestone","1","30","Texas","6/5/20","23","7","48293","30.43"
"Lipscomb","0","5","Texas","6/5/20","2","3","48295","150"
"Live Oak","0","9","Texas","6/5/20","9","0","48297","0"
"Llano","0","3","Texas","6/5/20","3","0","48299","0"
"Lubbock","6","720","Texas","6/5/20","677","43","48303","6.35"
"Lynn","0","8","Texas","6/5/20","6","2","48305","33.33"
"Madison","0","9","Texas","6/5/20","8","1","48313","12.5"
"Marion","0","17","Texas","6/5/20","16","1","48315","6.25"
"Martin","0","3","Texas","6/5/20","3","0","48317","0"
"Mason","0","32","Texas","6/5/20","31","1","48319","3.23"
"Matagorda","0","71","Texas","6/5/20","70","1","48321","1.43"
"Maverick","2","129","Texas","6/5/20","116","13","48323","11.21"
"McCulloch","0","3","Texas","6/5/20","3","0","48307","0"
"McLennan","2","125","Texas","6/5/20","113","12","48309","10.62"
"Medina","1","78","Texas","6/5/20","69","9","48325","13.04"
"Midland","3","146","Texas","6/5/20","126","20","48329","15.87"
"Milam","1","32","Texas","6/5/20","28","4","48331","14.29"
"Mills","0","1","Texas","6/5/20","1","0","48333","0"
"Mitchell","0","1","Texas","6/5/20","1","0","48335","0"
"Montague","0","9","Texas","6/5/20","9","0","48337","0"
"Montgomery","16","1064","Texas","6/5/20","954","110","48339","11.53"
"Moore","38","851","Texas","6/5/20","583","268","48341","45.97"
"Morris","0","27","Texas","6/5/20","27","0","48343","0"
"Motley","0","1","Texas","6/5/20","1","0","48345","0"
"Nacogdoches","4","301","Texas","6/5/20","271","30","48347","11.07"
"Navarro","2","64","Texas","6/5/20","49","15","48349","30.61"
"Newton","0","5","Texas","6/5/20","4","1","48351","25"
"Nolan","1","8","Texas","6/5/20","2","6","48353","300"
"Nueces","3","286","Texas","6/5/20","268","18","48355","6.72"
"Ochiltree","0","51","Texas","6/5/20","48","3","48357","6.25"
"Oldham","0","4","Texas","6/5/20","3","1","48359","33.33"
"Orange","1","101","Texas","6/5/20","96","5","48361","5.21"
"Palo Pinto","0","13","Texas","6/5/20","11","2","48363","18.18"
"Panola","2","213","Texas","6/5/20","196","17","48365","8.67"
"Parker","2","87","Texas","6/5/20","70","17","48367","24.29"
"Parmer","5","88","Texas","6/5/20","53","35","48369","66.04"
"Pecos","7","103","Texas","6/5/20","56","47","48371","83.93"
"Polk","1","60","Texas","6/5/20","54","6","48373","11.11"
"Potter","34","2504","Texas","6/5/20","2266","238","48375","10.5"
"Presidio","0","1","Texas","6/5/20","1","0","48377","0"
"Rains","0","4","Texas","6/5/20","3","1","48379","33.33"
"Randall","10","724","Texas","6/5/20","655","69","48381","10.53"
"Reagan","0","2","Texas","6/5/20","1","1","48383","100"
"Real","0","1","Texas","6/5/20","0","1","48385","1"
"Red River","4","76","Texas","6/5/20","50","26","48387","52"
"Reeves","0","8","Texas","6/5/20","7","1","48389","14.29"
"Refugio","0","3","Texas","6/5/20","3","0","48391","0"
"Roberts","0","2","Texas","6/5/20","2","0","48393","0"
"Robertson","1","14","Texas","6/5/20","7","7","48395","100"
"Rockwall","5","194","Texas","6/5/20","159","35","48397","22.01"
"Runnels","0","3","Texas","6/5/20","2","1","48399","50"
"Rusk","2","60","Texas","6/5/20","45","15","48401","33.33"
"Sabine","1","15","Texas","6/5/20","6","9","48403","150"
"San Augustine","2","44","Texas","6/5/20","31","13","48405","41.94"
"San Jacinto","0","17","Texas","6/5/20","14","3","48407","21.43"
"San Patricio","1","38","Texas","6/5/20","32","6","48409","18.75"
"San Saba","0","1","Texas","6/5/20","1","0","48411","0"
"Scurry","3","26","Texas","6/5/20","2","24","48415","1200"
"Shackelford","0","1","Texas","6/5/20","1","0","48417","0"
"Shelby","3","213","Texas","6/5/20","189","24","48419","12.7"
"Sherman","1","28","Texas","6/5/20","23","5","48421","21.74"
"Smith","2","216","Texas","6/5/20","200","16","48423","8"
"Starr","2","44","Texas","6/5/20","27","17","48427","62.96"
"Stephens","0","4","Texas","6/5/20","4","0","48429","0"
"Swisher","0","18","Texas","6/5/20","18","0","48437","0"
"Tarrant","114","5985","Texas","6/5/20","5190","795","48439","15.32"
"Taylor","2","245","Texas","6/5/20","231","14","48441","6.06"
"Terry","0","13","Texas","6/5/20","13","0","48445","0"
"Throckmorton","0","1","Texas","6/5/20","0","1","48447","1"
"Titus","20","583","Texas","6/5/20","443","140","48449","31.6"
"Tom Green","2","109","Texas","6/5/20","93","16","48451","17.2"
"Travis","72","3562","Texas","6/5/20","3057","505","48453","16.52"
"Trinity","1","20","Texas","6/5/20","13","7","48455","53.85"
"Tyler","0","14","Texas","6/5/20","11","3","48457","27.27"
"Upshur","1","30","Texas","6/5/20","20","10","48459","50"
"Uvalde","2","18","Texas","6/5/20","6","12","48463","200"
"Val Verde","0","21","Texas","6/5/20","20","1","48465","5"
"Van Zandt","1","37","Texas","6/5/20","30","7","48467","23.33"
"Victoria","2","170","Texas","6/5/20","159","11","48469","6.92"
"Walker","139","1843","Texas","6/5/20","869","974","48471","112.08"
"Waller","1","65","Texas","6/5/20","55","10","48473","18.18"
"Ward","0","1","Texas","6/5/20","1","0","48475","0"
"Washington","1","206","Texas","6/5/20","197","9","48477","4.57"
"Webb","7","574","Texas","6/5/20","524","50","48479","9.54"
"Wharton","2","73","Texas","6/5/20","57","16","48481","28.07"
"Wheeler","0","15","Texas","6/5/20","15","0","48483","0"
"Wichita","0","87","Texas","6/5/20","84","3","48485","3.57"
"Wilbarger","0","7","Texas","6/5/20","6","1","48487","16.67"
"Willacy","2","26","Texas","6/5/20","14","12","48489","85.71"
"Williamson","10","672","Texas","6/5/20","605","67","48491","11.07"
"Wilson","1","44","Texas","6/5/20","38","6","48493","15.79"
"Winkler","0","3","Texas","6/5/20","3","0","48495","0"
"Wise","1","52","Texas","6/5/20","45","7","48497","15.56"
"Wood","2","40","Texas","6/5/20","26","14","48499","53.85"
"Yoakum","0","3","Texas","6/5/20","3","0","48501","0"
"Young","0","6","Texas","6/5/20","4","2","48503","50"
"Zapata","0","11","Texas","6/5/20","8","3","48505","37.5"
"Zavala","0","12","Texas","6/5/20","11","1","48507","9.09"
"Bear River","48","491","Utah","6/5/20","156","335","00000","214.74"
"Central Utah","1","42","Utah","6/5/20","38","4","00000","10.53"
"Davis","11","525","Utah","6/5/20","447","78","49011","17.45"
"Salt Lake","130","5901","Utah","6/5/20","4994","907","49035","18.16"
"San Juan","4","314","Utah","6/5/20","286","28","49037","9.79"
"Southeast Utah","0","26","Utah","6/5/20","23","3","00000","13.04"
"Southwest Utah","24","554","Utah","6/5/20","386","168","00000","43.52"
"Summit","1","422","Utah","6/5/20","412","10","49043","2.43"
"Tooele","3","144","Utah","6/5/20","125","19","49045","15.2"
"TriCounty","0","20","Utah","6/5/20","18","2","00000","11.11"
"Utah","45","2143","Utah","6/5/20","1826","317","49049","17.36"
"Wasatch","7","317","Utah","6/5/20","265","52","49051","19.62"
"Weber-Morgan","9","353","Utah","6/5/20","288","65","00000","22.57"
"Addison","0","64","Vermont","6/5/20","62","2","50001","3.23"
"Bennington","0","66","Vermont","6/5/20","63","3","50003","4.76"
"Caledonia","0","16","Vermont","6/5/20","15","1","50005","6.67"
"Chittenden","6","490","Vermont","6/5/20","448","42","50007","9.38"
"Essex","0","3","Vermont","6/5/20","3","0","50009","0"
"Franklin","0","100","Vermont","6/5/20","99","1","50011","1.01"
"Grand Isle","0","7","Vermont","6/5/20","7","0","50013","0"
"Lamoille","0","29","Vermont","6/5/20","29","0","50015","0"
"Orange","0","9","Vermont","6/5/20","8","1","50017","12.5"
"Orleans","0","10","Vermont","6/5/20","10","0","50019","0"
"Rutland","0","56","Vermont","6/5/20","55","1","50021","1.82"
"Washington","0","39","Vermont","6/5/20","39","0","50023","0"
"Windham","0","81","Vermont","6/5/20","81","0","50025","0"
"Windsor","0","52","Vermont","6/5/20","51","1","50027","1.96"
"","0","71","Virgin Islands","6/5/20","69","2",,"2.9"
"Accomack","20","969","Virginia","6/5/20","827","142","51001","17.17"
"Albemarle","5","217","Virginia","6/5/20","180","37","51003","20.56"
"Alexandria","15","2045","Virginia","6/5/20","1941","104","51510","5.36"
"Alleghany","1","24","Virginia","6/5/20","19","5","51005","26.32"
"Amelia","0","28","Virginia","6/5/20","25","3","51007","12"
"Amherst","0","27","Virginia","6/5/20","27","0","51009","0"
"Appomattox","0","33","Virginia","6/5/20","31","2","51011","6.45"
"Arlington","12","2173","Virginia","6/5/20","2089","84","51013","4.02"
"Augusta","3","124","Virginia","6/5/20","105","19","51015","18.1"
"Bedford","4","72","Virginia","6/5/20","47","25","51019","53.19"
"Botetourt","0","35","Virginia","6/5/20","32","3","51023","9.38"
"Bristol","0","4","Virginia","6/5/20","4","0","51520","0"
"Brunswick","1","32","Virginia","6/5/20","25","7","51025","28"
"Buchanan","0","18","Virginia","6/5/20","18","0","51027","0"
"Buckingham","3","475","Virginia","6/5/20","453","22","51029","4.86"
"Buena Vista","0","13","Virginia","6/5/20","13","0","51530","0"
"Campbell","0","20","Virginia","6/5/20","17","3","51031","17.65"
"Caroline","3","79","Virginia","6/5/20","58","21","51033","36.21"
"Carroll","5","122","Virginia","6/5/20","90","32","51035","35.56"
"Charles City","0","27","Virginia","6/5/20","27","0","51036","0"
"Charlotte","1","28","Virginia","6/5/20","23","5","51037","21.74"
"Charlottesville","4","131","Virginia","6/5/20","105","26","51540","24.76"
"Chesapeake","10","563","Virginia","6/5/20","494","69","51550","13.97"
"Chesterfield","52","1761","Virginia","6/5/20","1400","361","51041","25.79"
"Clarke","1","31","Virginia","6/5/20","25","6","51043","24"
"Colonial Heights","2","97","Virginia","6/5/20","86","11","51570","12.79"
"Covington","0","4","Virginia","6/5/20","3","1","51580","33.33"
"Craig","0","5","Virginia","6/5/20","5","0","51045","0"
"Culpeper","11","740","Virginia","6/5/20","666","74","51047","11.11"
"Cumberland","1","41","Virginia","6/5/20","35","6","51049","17.14"
"Danville","1","60","Virginia","6/5/20","51","9","51590","17.65"
"Dinwiddie","3","93","Virginia","6/5/20","71","22","51053","30.99"
"Emporia","1","86","Virginia","6/5/20","78","8","51595","10.26"
"Essex","1","53","Virginia","6/5/20","46","7","51057","15.22"
"Fairfax","167","11904","Virginia","6/5/20","10738","1166","51059","10.86"
"Fairfax City","1","67","Virginia","6/5/20","63","4","51600","6.35"
"Falls Church","0","56","Virginia","6/5/20","55","1","51610","1.82"
"Fauquier","4","339","Virginia","6/5/20","308","31","51061","10.06"
"Floyd","0","6","Virginia","6/5/20","6","0","51063","0"
"Fluvanna","1","94","Virginia","6/5/20","90","4","51065","4.44"
"Franklin","0","38","Virginia","6/5/20","35","3","51067","8.57"
"Franklin City","0","42","Virginia","6/5/20","42","0","51620","0"
"Frederick","8","388","Virginia","6/5/20","331","57","51069","17.22"
"Fredericksburg","6","186","Virginia","6/5/20","147","39","51630","26.53"
"Galax","5","140","Virginia","6/5/20","107","33","51640","30.84"
"Giles","0","5","Virginia","6/5/20","5","0","51071","0"
"Gloucester","0","32","Virginia","6/5/20","30","2","51073","6.67"
"Goochland","1","105","Virginia","6/5/20","95","10","51075","10.53"
"Grayson","2","46","Virginia","6/5/20","34","12","51077","35.29"
"Greene","1","35","Virginia","6/5/20","31","4","51079","12.9"
"Greensville","23","229","Virginia","6/5/20","69","160","51081","231.88"
"Halifax","0","31","Virginia","6/5/20","30","1","51083","3.33"
"Hampton","3","215","Virginia","6/5/20","192","23","51650","11.98"
"Hanover","3","338","Virginia","6/5/20","320","18","51085","5.62"
"Harrisonburg","7","817","Virginia","6/5/20","765","52","51660","6.8"
"Henrico","44","1983","Virginia","6/5/20","1678","305","51087","18.18"
"Henry","8","155","Virginia","6/5/20","99","56","51089","56.57"
"Highland","0","3","Virginia","6/5/20","3","0","51091","0"
"Hopewell","4","110","Virginia","6/5/20","85","25","51670","29.41"
"Isle of Wight","1","137","Virginia","6/5/20","127","10","51093","7.87"
"James City","1","211","Virginia","6/5/20","202","9","51095","4.46"
"King and Queen","2","21","Virginia","6/5/20","10","11","51097","110"
"King George","1","72","Virginia","6/5/20","62","10","51099","16.13"
"King William","1","31","Virginia","6/5/20","26","5","51101","19.23"
"Lancaster","0","10","Virginia","6/5/20","10","0","51103","0"
"Lee","0","9","Virginia","6/5/20","9","0","51105","0"
"Lexington","0","7","Virginia","6/5/20","7","0","51678","0"
"Loudoun","58","2837","Virginia","6/5/20","2429","408","51107","16.8"
"Louisa","1","85","Virginia","6/5/20","76","9","51109","11.84"
"Lunenburg","1","17","Virginia","6/5/20","12","5","51111","41.67"
"Lynchburg","1","87","Virginia","6/5/20","80","7","51680","8.75"
"Madison","0","41","Virginia","6/5/20","39","2","51113","5.13"
"Manassas","27","1190","Virginia","6/5/20","1004","186","51683","18.53"
"Manassas Park","8","343","Virginia","6/5/20","287","56","51685","19.51"
"Martinsville","1","41","Virginia","6/5/20","31","10","51690","32.26"
"Mathews","0","5","Virginia","6/5/20","5","0","51115","0"
"Mecklenburg","1","220","Virginia","6/5/20","214","6","51117","2.8"
"Middlesex","0","14","Virginia","6/5/20","14","0","51119","0"
"Montgomery","2","85","Virginia","6/5/20","73","12","51121","16.44"
"Nelson","0","17","Virginia","6/5/20","16","1","51125","6.25"
"New Kent","0","39","Virginia","6/5/20","36","3","51127","8.33"
"Newport News","7","309","Virginia","6/5/20","257","52","51700","20.23"
"Norfolk","13","560","Virginia","6/5/20","470","90","51710","19.15"
"Northampton","3","249","Virginia","6/5/20","228","21","51131","9.21"
"Northumberland","0","25","Virginia","6/5/20","25","0","51133","0"
"Norton","0","2","Virginia","6/5/20","2","0","51720","0"
"Nottoway","3","44","Virginia","6/5/20","25","19","51135","76"
"Orange","3","119","Virginia","6/5/20","97","22","51137","22.68"
"Page","3","233","Virginia","6/5/20","214","19","51139","8.88"
"Patrick","1","23","Virginia","6/5/20","18","5","51141","27.78"
"Petersburg","6","159","Virginia","6/5/20","118","41","51730","34.75"
"Pittsylvania","1","47","Virginia","6/5/20","39","8","51143","20.51"
"Poquoson","0","8","Virginia","6/5/20","7","1","51735","14.29"
"Portsmouth","4","325","Virginia","6/5/20","294","31","51740","10.54"
"Powhatan","1","37","Virginia","6/5/20","32","5","51145","15.62"
"Prince Edward","2","146","Virginia","6/5/20","129","17","51147","13.18"
"Prince George","3","142","Virginia","6/5/20","121","21","51149","17.36"
"Prince William","109","6030","Virginia","6/5/20","5270","760","51153","14.42"
"Pulaski","0","21","Virginia","6/5/20","19","2","51155","10.53"
"Radford","0","6","Virginia","6/5/20","6","0","51750","0"
"Rappahannock","0","15","Virginia","6/5/20","13","2","51157","15.38"
"Richmond","2","289","Virginia","6/5/20","276","13","51159","4.71"
"Richmond City","46","1527","Virginia","6/5/20","1202","325","51760","27.04"
"Roanoke","2","119","Virginia","6/5/20","102","17","51161","16.67"
"Roanoke City","5","190","Virginia","6/5/20","152","38","51770","25"
"Rockbridge","0","18","Virginia","6/5/20","16","2","51163","12.5"
"Rockingham","8","561","Virginia","6/5/20","505","56","51165","11.09"
"Russell","0","8","Virginia","6/5/20","8","0","51167","0"
"Salem","0","37","Virginia","6/5/20","34","3","51775","8.82"
"Scott","0","7","Virginia","6/5/20","7","0","51169","0"
"Shenandoah","6","472","Virginia","6/5/20","429","43","51171","10.02"
"Smyth","0","15","Virginia","6/5/20","15","0","51173","0"
"Southampton","1","152","Virginia","6/5/20","146","6","51175","4.11"
"Spotsylvania","16","615","Virginia","6/5/20","500","115","51177","23"
"Stafford","10","750","Virginia","6/5/20","681","69","51179","10.13"
"Staunton","2","53","Virginia","6/5/20","36","17","51790","47.22"
"Suffolk","2","322","Virginia","6/5/20","311","11","51800","3.54"
"Surry","0","10","Virginia","6/5/20","10","0","51181","0"
"Sussex","3","174","Virginia","6/5/20","151","23","51183","15.23"
"Tazewell","0","9","Virginia","6/5/20","7","2","51185","28.57"
"Virginia Beach","15","784","Virginia","6/5/20","680","104","51810","15.29"
"Warren","11","220","Virginia","6/5/20","146","74","51187","50.68"
"Washington","0","53","Virginia","6/5/20","51","2","51191","3.92"
"Waynesboro","1","48","Virginia","6/5/20","41","7","51820","17.07"
"Westmoreland","2","80","Virginia","6/5/20","63","17","51193","26.98"
"Williamsburg","0","45","Virginia","6/5/20","44","1","51830","2.27"
"Winchester","7","225","Virginia","6/5/20","176","49","51840","27.84"
"Wise","0","27","Virginia","6/5/20","24","3","51195","12.5"
"Wythe","1","30","Virginia","6/5/20","21","9","51197","42.86"
"York","1","79","Virginia","6/5/20","72","7","51199","9.72"
"Adams","3","78","Washington","6/5/20","59","19","53001","32.2"
"Asotin","0","19","Washington","6/5/20","19","0","53003","0"
"Benton","17","873","Washington","6/5/20","757","116","53005","15.32"
"Chelan","2","260","Washington","6/5/20","244","16","53007","6.56"
"Clallam","0","27","Washington","6/5/20","25","2","53009","8"
"Clark","10","550","Washington","6/5/20","477","73","53011","15.3"
"Columbia","0","1","Washington","6/5/20","1","0","53013","0"
"Cowlitz","0","76","Washington","6/5/20","73","3","53015","4.11"
"Douglas","1","177","Washington","6/5/20","167","10","53017","5.99"
"Ferry","0","1","Washington","6/5/20","1","0","53019","0"
"Franklin","19","670","Washington","6/5/20","535","135","53021","25.23"
"Grant","2","214","Washington","6/5/20","202","12","53025","5.94"
"Grays Harbor","0","19","Washington","6/5/20","16","3","53027","18.75"
"Island","0","181","Washington","6/5/20","178","3","53029","1.69"
"Jefferson","0","31","Washington","6/5/20","30","1","53031","3.33"
"King","60","8371","Washington","6/5/20","7949","422","53033","5.31"
"Kitsap","0","164","Washington","6/5/20","161","3","53035","1.86"
"Kittitas","1","88","Washington","6/5/20","83","5","53037","6.02"
"Klickitat","1","30","Washington","6/5/20","24","6","53039","25"
"Lewis","0","37","Washington","6/5/20","35","2","53041","5.71"
"Lincoln","0","2","Washington","6/5/20","2","0","53043","0"
"Mason","0","37","Washington","6/5/20","35","2","53045","5.71"
"Okanogan","1","52","Washington","6/5/20","47","5","53047","10.64"
"Pacific","0","9","Washington","6/5/20","9","0","53049","0"
"Pend Oreille","0","3","Washington","6/5/20","3","0","53051","0"
"Pierce","14","2007","Washington","6/5/20","1909","98","53053","5.13"
"San Juan","0","15","Washington","6/5/20","15","0","53055","0"
"Skagit","3","450","Washington","6/5/20","430","20","53057","4.65"
"Skamania","0","3","Washington","6/5/20","3","0","53059","0"
"Snohomish","10","3014","Washington","6/5/20","2945","69","53061","2.34"
"Spokane","16","664","Washington","6/5/20","555","109","53063","19.64"
"Stevens","0","13","Washington","6/5/20","11","2","53065","18.18"
"Thurston","3","157","Washington","6/5/20","133","24","53067","18.05"
"Wahkiakum","0","4","Washington","6/5/20","4","0","53069","0"
"Walla Walla","0","111","Washington","6/5/20","108","3","53071","2.78"
"Whatcom","3","405","Washington","6/5/20","383","22","53073","5.74"
"Whitman","1","20","Washington","6/5/20","16","4","53075","25"
"Yakima","110","4141","Washington","6/5/20","3369","772","53077","22.91"
"Barbour","0","8","West Virginia","6/5/20","9","-1","54001","-11.11"
"Berkeley","6","340","West Virginia","6/5/20","301","39","54003","12.96"
"Boone","0","11","West Virginia","6/5/20","10","1","54005","10"
"Braxton","0","2","West Virginia","6/5/20","2","0","54007","0"
"Brooke","0","5","West Virginia","6/5/20","4","1","54009","25"
"Cabell","1","69","West Virginia","6/5/20","61","8","54011","13.11"
"Calhoun","0","2","West Virginia","6/5/20","2","0","54013","0"
"Clay","1","7","West Virginia","6/5/20","2","5","54015","250"
"Fayette","1","54","West Virginia","6/5/20","46","8","54019","17.39"
"Gilmer","0","10","West Virginia","6/5/20","10","0","54021","0"
"Grant","0","12","West Virginia","6/5/20","11","1","54023","9.09"
"Greenbrier","0","9","West Virginia","6/5/20","9","0","54025","0"
"Hampshire","1","33","West Virginia","6/5/20","29","4","54027","13.79"
"Hancock","0","20","West Virginia","6/5/20","17","3","54029","17.65"
"Hardy","0","40","West Virginia","6/5/20","38","2","54031","5.26"
"Harrison","0","40","West Virginia","6/5/20","41","-1","54033","-2.44"
"Jackson","0","138","West Virginia","6/5/20","135","3","54035","2.22"
"Jefferson","4","203","West Virginia","6/5/20","172","31","54037","18.02"
"Kanawha","2","233","West Virginia","6/5/20","220","13","54039","5.91"
"Lewis","0","9","West Virginia","6/5/20","7","2","54041","28.57"
"Lincoln","0","5","West Virginia","6/5/20","5","0","54043","0"
"Logan","0","20","West Virginia","6/5/20","17","3","54045","17.65"
"Marion","0","52","West Virginia","6/5/20","50","2","54049","4"
"Marshall","0","30","West Virginia","6/5/20","28","2","54051","7.14"
"Mason","0","15","West Virginia","6/5/20","15","0","54053","0"
"McDowell","0","6","West Virginia","6/5/20","6","0","54047","0"
"Mercer","0","13","West Virginia","6/5/20","13","0","54055","0"
"Mineral","1","50","West Virginia","6/5/20","45","5","54057","11.11"
"Mingo","0","8","West Virginia","6/5/20","7","1","54059","14.29"
"Monongalia","1","138","West Virginia","6/5/20","132","6","54061","4.55"
"Monroe","0","8","West Virginia","6/5/20","7","1","54063","14.29"
"Morgan","0","19","West Virginia","6/5/20","18","1","54065","5.56"
"Nicholas","0","8","West Virginia","6/5/20","8","0","54067","0"
"Ohio","1","48","West Virginia","6/5/20","41","7","54069","17.07"
"Pendleton","0","13","West Virginia","6/5/20","11","2","54071","18.18"
"Pleasants","0","4","West Virginia","6/5/20","4","0","54073","0"
"Pocahontas","0","21","West Virginia","6/5/20","19","2","54075","10.53"
"Preston","0","24","West Virginia","6/5/20","22","2","54077","9.09"
"Putnam","0","38","West Virginia","6/5/20","35","3","54079","8.57"
"Raleigh","0","17","West Virginia","6/5/20","16","1","54081","6.25"
"Randolph","1","132","West Virginia","6/5/20","126","6","54083","4.76"
"Ritchie","0","1","West Virginia","6/5/20","1","0","54085","0"
"Roane","0","9","West Virginia","6/5/20","9","0","54087","0"
"Summers","0","1","West Virginia","6/5/20","1","0","54089","0"
"Taylor","0","9","West Virginia","6/5/20","8","1","54091","12.5"
"Tucker","0","4","West Virginia","6/5/20","4","0","54093","0"
"Tyler","0","3","West Virginia","6/5/20","3","0","54095","0"
"Upshur","0","7","West Virginia","6/5/20","7","0","54097","0"
"Wayne","1","103","West Virginia","6/5/20","98","5","54099","5.1"
"Wetzel","0","9","West Virginia","6/5/20","8","1","54103","12.5"
"Wirt","0","4","West Virginia","6/5/20","4","0","54105","0"
"Wood","0","53","West Virginia","6/5/20","54","-1","54107","-1.85"
"Wyoming","0","2","West Virginia","6/5/20","3","-1","54109","-33.33"
"Adams","0","5","Wisconsin","6/5/20","4","1","55001","25"
"Ashland","0","3","Wisconsin","6/5/20","2","1","55003","50"
"Barron","1","20","Wisconsin","6/5/20","15","5","55005","33.33"
"Bayfield","0","3","Wisconsin","6/5/20","3","0","55007","0"
"Brown","9","2369","Wisconsin","6/5/20","2308","61","55009","2.64"
"Buffalo","0","6","Wisconsin","6/5/20","5","1","55011","20"
"Burnett","0","1","Wisconsin","6/5/20","1","0","55013","0"
"Calumet","1","79","Wisconsin","6/5/20","75","4","55015","5.33"
"Chippewa","0","58","Wisconsin","6/5/20","55","3","55017","5.45"
"Clark","1","39","Wisconsin","6/5/20","32","7","55019","21.88"
"Columbia","0","44","Wisconsin","6/5/20","43","1","55021","2.33"
"Crawford","0","26","Wisconsin","6/5/20","26","0","55023","0"
"Dane","14","800","Wisconsin","6/5/20","705","95","55025","13.48"
"Dodge","31","394","Wisconsin","6/5/20","180","214","55027","118.89"
"Door","0","39","Wisconsin","6/5/20","38","1","55029","2.63"
"Douglas","0","19","Wisconsin","6/5/20","19","0","55031","0"
"Dunn","0","26","Wisconsin","6/5/20","24","2","55033","8.33"
"Eau Claire","2","119","Wisconsin","6/5/20","107","12","55035","11.21"
"Florence","0","2","Wisconsin","6/5/20","2","0","55037","0"
"Fond du Lac","5","226","Wisconsin","6/5/20","194","32","55039","16.49"
"Forest","1","34","Wisconsin","6/5/20","28","6","55041","21.43"
"Grant","1","98","Wisconsin","6/5/20","94","4","55043","4.26"
"Green","1","70","Wisconsin","6/5/20","65","5","55045","7.69"
"Green Lake","1","22","Wisconsin","6/5/20","18","4","55047","22.22"
"Iowa","0","16","Wisconsin","6/5/20","15","1","55049","6.67"
"Iron","0","2","Wisconsin","6/5/20","2","0","55051","0"
"Jackson","0","17","Wisconsin","6/5/20","16","1","55053","6.25"
"Jefferson","3","122","Wisconsin","6/5/20","101","21","55055","20.79"
"Juneau","0","22","Wisconsin","6/5/20","23","-1","55057","-4.35"
"Kenosha","18","1259","Wisconsin","6/5/20","1131","128","55059","11.32"
"Kewaunee","0","36","Wisconsin","6/5/20","34","2","55061","5.88"
"La Crosse","2","68","Wisconsin","6/5/20","53","15","55063","28.3"
"Lafayette","0","29","Wisconsin","6/5/20","27","2","55065","7.41"
"Langlade","0","4","Wisconsin","6/5/20","2","2","55067","100"
"Lincoln","0","7","Wisconsin","6/5/20","7","0","55069","0"
"Manitowoc","0","39","Wisconsin","6/5/20","36","3","55071","8.33"
"Marathon","2","57","Wisconsin","6/5/20","46","11","55073","23.91"
"Marinette","0","33","Wisconsin","6/5/20","33","0","55075","0"
"Marquette","0","5","Wisconsin","6/5/20","3","2","55077","66.67"
"Menominee","0","3","Wisconsin","6/5/20","3","0","55078","0"
"Milwaukee","160","8547","Wisconsin","6/5/20","7429","1118","55079","15.05"
"Monroe","0","18","Wisconsin","6/5/20","16","2","55081","12.5"
"Oconto","1","39","Wisconsin","6/5/20","35","4","55083","11.43"
"Oneida","0","12","Wisconsin","6/5/20","9","3","55085","33.33"
"Outagamie","6","253","Wisconsin","6/5/20","213","40","55087","18.78"
"Ozaukee","3","177","Wisconsin","6/5/20","159","18","55089","11.32"
"Pepin","0","1","Wisconsin","6/5/20","1","0","55091","0"
"Pierce","1","50","Wisconsin","6/5/20","45","5","55093","11.11"
"Polk","2","31","Wisconsin","6/5/20","18","13","55095","72.22"
"Portage","2","23","Wisconsin","6/5/20","11","12","55097","109.09"
"Price","0","2","Wisconsin","6/5/20","2","0","55099","0"
"Racine","32","1878","Wisconsin","6/5/20","1652","226","55101","13.68"
"Richland","0","14","Wisconsin","6/5/20","14","0","55103","0"
"Rock","9","682","Wisconsin","6/5/20","620","62","55105","10"
"Rusk","0","5","Wisconsin","6/5/20","5","0","55107","0"
"Sauk","0","81","Wisconsin","6/5/20","78","3","55111","3.85"
"Sawyer","0","8","Wisconsin","6/5/20","8","0","55113","0"
"Shawano","1","53","Wisconsin","6/5/20","45","8","55115","17.78"
"Sheboygan","3","105","Wisconsin","6/5/20","87","18","55117","20.69"
"St. Croix","4","102","Wisconsin","6/5/20","77","25","55109","32.47"
"Taylor","0","2","Wisconsin","6/5/20","2","0","55119","0"
"Trempealeau","1","32","Wisconsin","6/5/20","24","8","55121","33.33"
"Vernon","0","21","Wisconsin","6/5/20","21","0","55123","0"
"Vilas","0","8","Wisconsin","6/5/20","6","2","55125","33.33"
"Walworth","7","428","Wisconsin","6/5/20","379","49","55127","12.93"
"Washburn","0","2","Wisconsin","6/5/20","2","0","55129","0"
"Washington","5","272","Wisconsin","6/5/20","238","34","55131","14.29"
"Waukesha","16","778","Wisconsin","6/5/20","665","113","55133","16.99"
"Waupaca","3","49","Wisconsin","6/5/20","29","20","55135","68.97"
"Waushara","0","10","Wisconsin","6/5/20","8","2","55137","25"
"Winnebago","16","334","Wisconsin","6/5/20","224","110","55139","49.11"
"Wood","0","11","Wisconsin","6/5/20","10","1","55141","10"
"Albany","0","26","Wyoming","6/5/20","25","1","56001","4"
"Big Horn","0","6","Wyoming","6/5/20","5","1","56003","20"
"Campbell","0","32","Wyoming","6/5/20","31","1","56005","3.23"
"Carbon","0","16","Wyoming","6/5/20","16","0","56007","0"
"Converse","0","24","Wyoming","6/5/20","24","0","56009","0"
"Crook","0","5","Wyoming","6/5/20","5","0","56011","0"
"Fremont","2","289","Wyoming","6/5/20","273","16","56013","5.86"
"Goshen","0","5","Wyoming","6/5/20","5","0","56015","0"
"Hot Springs","0","12","Wyoming","6/5/20","12","0","56017","0"
"Johnson","0","18","Wyoming","6/5/20","18","0","56019","0"
"Laramie","0","188","Wyoming","6/5/20","188","0","56021","0"
"Lincoln","0","15","Wyoming","6/5/20","15","0","56023","0"
"Natrona","1","82","Wyoming","6/5/20","76","6","56025","7.89"
"Niobrara","0","2","Wyoming","6/5/20","2","0","56027","0"
"Park","0","2","Wyoming","6/5/20","2","0","56029","0"
"Platte","0","1","Wyoming","6/5/20","1","0","56031","0"
"Sheridan","0","16","Wyoming","6/5/20","16","0","56033","0"
"Sublette","0","3","Wyoming","6/5/20","3","0","56035","0"
"Sweetwater","1","32","Wyoming","6/5/20","26","6","56037","23.08"
"Teton","0","100","Wyoming","6/5/20","100","0","56039","0"
"Uinta","1","19","Wyoming","6/5/20","12","7","56041","58.33"
"Washakie","1","39","Wyoming","6/5/20","35","4","56043","11.43"
"Weston","0","1","Wyoming","6/5/20","1","0","56045","0"
