"Locality","DailyAvgNewCasesPast7Days","TotalCases","State","Date","TotalCases7DaysAgo","NewCasesPast7Days","FIPS-Code","PercentIncreaseTotalCasesPast7Days"
"Autauga","6","265","Alabama","6/7/20","221","44","01001","19.91"
"Baldwin","3","313","Alabama","6/7/20","290","23","01003","7.93"
"Barbour","4","193","Alabama","6/7/20","167","26","01005","15.57"
"Bibb","0","77","Alabama","6/7/20","75","2","01007","2.67"
"Blount","1","72","Alabama","6/7/20","62","10","01009","16.13"
"Bullock","3","232","Alabama","6/7/20","209","23","01011","11"
"Butler","5","449","Alabama","6/7/20","411","38","01013","9.25"
"Calhoun","2","176","Alabama","6/7/20","160","16","01015","10"
"Chambers","3","378","Alabama","6/7/20","355","23","01017","6.48"
"Cherokee","1","42","Alabama","6/7/20","37","5","01019","13.51"
"Chilton","1","110","Alabama","6/7/20","101","9","01021","8.91"
"Choctaw","0","155","Alabama","6/7/20","153","2","01023","1.31"
"Clarke","2","156","Alabama","6/7/20","144","12","01025","8.33"
"Clay","0","29","Alabama","6/7/20","27","2","01027","7.41"
"Cleburne","0","18","Alabama","6/7/20","15","3","01029","20"
"Coffee","1","246","Alabama","6/7/20","236","10","01031","4.24"
"Colbert","4","209","Alabama","6/7/20","184","25","01033","13.59"
"Conecuh","1","49","Alabama","6/7/20","41","8","01035","19.51"
"Coosa","0","40","Alabama","6/7/20","40","0","01037","0"
"Covington","1","88","Alabama","6/7/20","80","8","01039","10"
"Crenshaw","1","84","Alabama","6/7/20","75","9","01041","12"
"Cullman","7","193","Alabama","6/7/20","143","50","01043","34.97"
"Dale","2","131","Alabama","6/7/20","115","16","01045","13.91"
"Dallas","7","320","Alabama","6/7/20","272","48","01047","17.65"
"DeKalb","3","269","Alabama","6/7/20","248","21","01049","8.47"
"Elmore","8","411","Alabama","6/7/20","354","57","01051","16.1"
"Escambia","3","85","Alabama","6/7/20","63","22","01053","34.92"
"Etowah","2","273","Alabama","6/7/20","257","16","01055","6.23"
"Fayette","0","18","Alabama","6/7/20","16","2","01057","12.5"
"Franklin","9","617","Alabama","6/7/20","556","61","01059","10.97"
"Geneva","0","46","Alabama","6/7/20","43","3","01061","6.98"
"Greene","1","98","Alabama","6/7/20","94","4","01063","4.26"
"Hale","4","202","Alabama","6/7/20","173","29","01065","16.76"
"Henry","1","88","Alabama","6/7/20","80","8","01067","10"
"Houston","4","245","Alabama","6/7/20","220","25","01069","11.36"
"Jackson","2","90","Alabama","6/7/20","78","12","01071","15.38"
"Jefferson","29","2039","Alabama","6/7/20","1837","202","01073","11"
"Lamar","0","29","Alabama","6/7/20","26","3","01075","11.54"
"Lauderdale","3","184","Alabama","6/7/20","164","20","01077","12.2"
"Lawrence","1","55","Alabama","6/7/20","50","5","01079","10"
"Lee","5","584","Alabama","6/7/20","548","36","01081","6.57"
"Limestone","2","123","Alabama","6/7/20","106","17","01083","16.04"
"Lowndes","5","283","Alabama","6/7/20","246","37","01085","15.04"
"Macon","2","98","Alabama","6/7/20","82","16","01087","19.51"
"Madison","5","376","Alabama","6/7/20","339","37","01089","10.91"
"Marengo","2","184","Alabama","6/7/20","170","14","01091","8.24"
"Marion","1","126","Alabama","6/7/20","122","4","01093","3.28"
"Marshall","7","739","Alabama","6/7/20","693","46","01095","6.64"
"Mobile","28","2433","Alabama","6/7/20","2239","194","01097","8.66"
"Monroe","2","56","Alabama","6/7/20","40","16","01099","40"
"Montgomery","49","2054","Alabama","6/7/20","1710","344","01101","20.12"
"Morgan","14","378","Alabama","6/7/20","280","98","01103","35"
"Perry","1","47","Alabama","6/7/20","39","8","01105","20.51"
"Pickens","1","122","Alabama","6/7/20","116","6","01107","5.17"
"Pike","6","243","Alabama","6/7/20","203","40","01109","19.7"
"Randolph","1","132","Alabama","6/7/20","127","5","01111","3.94"
"Russell","4","198","Alabama","6/7/20","171","27","01113","15.79"
"Shelby","5","549","Alabama","6/7/20","517","32","01117","6.19"
"St. Clair","2","140","Alabama","6/7/20","123","17","01115","13.82"
"Sumter","3","245","Alabama","6/7/20","224","21","01119","9.38"
"Talladega","3","132","Alabama","6/7/20","113","19","01121","16.81"
"Tallapoosa","2","442","Alabama","6/7/20","427","15","01123","3.51"
"Tuscaloosa","19","915","Alabama","6/7/20","783","132","01125","16.86"
"Walker","14","452","Alabama","6/7/20","354","98","01127","27.68"
"Washington","1","79","Alabama","6/7/20","70","9","01129","12.86"
"Wilcox","3","169","Alabama","6/7/20","148","21","01131","14.19"
"Winston","0","93","Alabama","6/7/20","90","3","01133","3.33"
"Anchorage","6","272","Alaska","6/7/20","229","43","02020","18.78"
"Bethel","0","3","Alaska","6/7/20","3","0","02050","0"
"Fairbanks North Star","0","85","Alaska","6/7/20","85","0","02090","0"
"Juneau","0","34","Alaska","6/7/20","33","1","02110","3.03"
"Kenai Peninsula","5","79","Alaska","6/7/20","45","34","02122","75.56"
"Ketchikan Gateway","0","16","Alaska","6/7/20","16","0","02130","0"
"Kodiak Island","0","1","Alaska","6/7/20","1","0","02150","0"
"Matanuska-Susitna","1","35","Alaska","6/7/20","29","6","02170","20.69"
"Nome","0","3","Alaska","6/7/20","3","0","02180","0"
"North Slope","0","1","Alaska","6/7/20","1","0","02185","0"
"Northwest Arctic","0","2","Alaska","6/7/20","2","0","02188","0"
"Petersburg","0","4","Alaska","6/7/20","4","0","02195","0"
"Prince of Wales-Hyder","0","2","Alaska","6/7/20","2","0","02198","0"
"Sitka","0","2","Alaska","6/7/20","2","0","02220","0"
"Southeast Fairbanks","0","3","Alaska","6/7/20","3","0","02240","0"
"Yukon-Koyukuk","0","1","Alaska","6/7/20","1","0","02290","0"
"Apache","29","1727","Arizona","6/7/20","1524","203","04001","13.32"
"Cochise","10","141","Arizona","6/7/20","74","67","04003","90.54"
"Coconino","19","1282","Arizona","6/7/20","1151","131","04005","11.38"
"Gila","2","45","Arizona","6/7/20","31","14","04007","45.16"
"Graham","1","40","Arizona","6/7/20","32","8","04009","25"
"Greenlee","1","10","Arizona","6/7/20","6","4","04011","66.67"
"La Paz","15","181","Arizona","6/7/20","78","103","04012","132.05"
"Maricopa","526","13498","Arizona","6/7/20","9815","3683","04013","37.52"
"Mohave","15","500","Arizona","6/7/20","396","104","04015","26.26"
"Navajo","47","2198","Arizona","6/7/20","1866","332","04017","17.79"
"Pima","104","3098","Arizona","6/7/20","2368","730","04019","30.83"
"Pinal","36","1112","Arizona","6/7/20","863","249","04021","28.85"
"Santa Cruz","38","599","Arizona","6/7/20","330","269","04023","81.52"
"Yavapai","4","327","Arizona","6/7/20","297","30","04025","10.1"
"Yuma","161","2231","Arizona","6/7/20","1105","1126","04027","101.9"
"Arkansas","0","7","Arkansas","6/7/20","6","1","05001","16.67"
"Ashley","2","32","Arkansas","6/7/20","19","13","05003","68.42"
"Baxter","0","13","Arkansas","6/7/20","12","1","05005","8.33"
"Benton","54","956","Arkansas","6/7/20","578","378","05007","65.4"
"Boone","0","7","Arkansas","6/7/20","6","1","05009","16.67"
"Bradley","1","30","Arkansas","6/7/20","22","8","05011","36.36"
"Carroll","2","38","Arkansas","6/7/20","24","14","05015","58.33"
"Chicot","1","23","Arkansas","6/7/20","15","8","05017","53.33"
"Clark","0","40","Arkansas","6/7/20","39","1","05019","2.56"
"Clay","0","6","Arkansas","6/7/20","4","2","05021","50"
"Cleburne","0","74","Arkansas","6/7/20","73","1","05023","1.37"
"Cleveland","0","19","Arkansas","6/7/20","19","0","05025","0"
"Columbia","0","23","Arkansas","6/7/20","23","0","05027","0"
"Conway","0","15","Arkansas","6/7/20","14","1","05029","7.14"
"Craighead","12","302","Arkansas","6/7/20","220","82","05031","37.27"
"Crawford","2","41","Arkansas","6/7/20","29","12","05033","41.38"
"Crittenden","12","463","Arkansas","6/7/20","380","83","05035","21.84"
"Cross","1","61","Arkansas","6/7/20","52","9","05037","17.31"
"Dallas","0","3","Arkansas","6/7/20","1","2","05039","200"
"Desha","0","20","Arkansas","6/7/20","19","1","05041","5.26"
"Drew","0","21","Arkansas","6/7/20","20","1","05043","5"
"Faulkner","2","113","Arkansas","6/7/20","102","11","05045","10.78"
"Franklin","0","5","Arkansas","6/7/20","4","1","05047","25"
"Fulton","0","7","Arkansas","6/7/20","7","0","05049","0"
"Garland","1","140","Arkansas","6/7/20","136","4","05051","2.94"
"Grant","0","19","Arkansas","6/7/20","18","1","05053","5.56"
"Greene","0","67","Arkansas","6/7/20","64","3","05055","4.69"
"Hempstead","2","29","Arkansas","6/7/20","18","11","05057","61.11"
"Hot Spring","0","34","Arkansas","6/7/20","32","2","05059","6.25"
"Howard","1","31","Arkansas","6/7/20","21","10","05061","47.62"
"Independence","0","33","Arkansas","6/7/20","31","2","05063","6.45"
"Izard","0","17","Arkansas","6/7/20","16","1","05065","6.25"
"Jackson","0","6","Arkansas","6/7/20","3","3","05067","100"
"Jefferson","4","548","Arkansas","6/7/20","521","27","05069","5.18"
"Johnson","3","66","Arkansas","6/7/20","43","23","05071","53.49"
"Lafayette","0","10","Arkansas","6/7/20","9","1","05073","11.11"
"Lawrence","1","89","Arkansas","6/7/20","84","5","05075","5.95"
"Lee","2","36","Arkansas","6/7/20","20","16","05077","80"
"Lincoln","0","985","Arkansas","6/7/20","982","3","05079","0.31"
"Little River","3","25","Arkansas","6/7/20","6","19","05081","316.67"
"Logan","1","12","Arkansas","6/7/20","6","6","05083","100"
"Lonoke","2","59","Arkansas","6/7/20","48","11","05085","22.92"
"Madison","4","54","Arkansas","6/7/20","23","31","05087","134.78"
"Marion","0","2","Arkansas","6/7/20","2","0","05089","0"
"Miller","1","54","Arkansas","6/7/20","44","10","05091","22.73"
"Mississippi","1","80","Arkansas","6/7/20","75","5","05093","6.67"
"Monroe","0","5","Arkansas","6/7/20","5","0","05095","0"
"Montgomery","0","2","Arkansas","6/7/20","2","0","05097","0"
"Nevada","7","56","Arkansas","6/7/20","6","50","05099","833.33"
"Newton","0","3","Arkansas","6/7/20","3","0","05101","0"
"Ouachita","1","14","Arkansas","6/7/20","10","4","05103","40"
"Perry","0","15","Arkansas","6/7/20","14","1","05105","7.14"
"Phillips","1","26","Arkansas","6/7/20","21","5","05107","23.81"
"Pike","0","6","Arkansas","6/7/20","5","1","05109","20"
"Poinsett","2","44","Arkansas","6/7/20","33","11","05111","33.33"
"Polk","3","41","Arkansas","6/7/20","19","22","05113","115.79"
"Pope","8","204","Arkansas","6/7/20","148","56","05115","37.84"
"Prairie","0","5","Arkansas","6/7/20","2","3","05117","150"
"Pulaski","31","1103","Arkansas","6/7/20","888","215","05119","24.21"
"Randolph","0","26","Arkansas","6/7/20","26","0","05121","0"
"Saline","3","135","Arkansas","6/7/20","112","23","05125","20.54"
"Scott","0","1","Arkansas","6/7/20","1","0","05127","0"
"Searcy","0","7","Arkansas","6/7/20","7","0","05129","0"
"Sebastian","6","85","Arkansas","6/7/20","40","45","05131","112.5"
"Sevier","18","339","Arkansas","6/7/20","210","129","05133","61.43"
"Sharp","0","48","Arkansas","6/7/20","46","2","05135","4.35"
"St. Francis","12","753","Arkansas","6/7/20","672","81","05123","12.05"
"Stone","0","10","Arkansas","6/7/20","9","1","05137","11.11"
"Union","2","188","Arkansas","6/7/20","173","15","05139","8.67"
"Van Buren","0","30","Arkansas","6/7/20","28","2","05141","7.14"
"Washington","72","1016","Arkansas","6/7/20","509","507","05143","99.61"
"White","1","49","Arkansas","6/7/20","44","5","05145","11.36"
"Woodruff","0","1","Arkansas","6/7/20","1","0","05147","0"
"Yell","13","235","Arkansas","6/7/20","141","94","05149","66.67"
"Alameda","59","3805","California","6/7/20","3390","415","06001","12.24"
"Alpine","0","2","California","6/7/20","2","0","06003","0"
"Amador","-1","10","California","6/7/20","19","-9","06005","-47.37"
"Butte","3","65","California","6/7/20","44","21","06007","47.73"
"Calaveras","1","19","California","6/7/20","15","4","06009","26.67"
"Colusa","0","7","California","6/7/20","5","2","06011","40"
"Contra Costa","31","1668","California","6/7/20","1450","218","06013","15.03"
"Del Norte","0","47","California","6/7/20","45","2","06015","4.44"
"El Dorado","2","106","California","6/7/20","90","16","06017","17.78"
"Fresno","54","2122","California","6/7/20","1743","379","06019","21.74"
"Glenn","0","18","California","6/7/20","16","2","06021","12.5"
"Humboldt","0","104","California","6/7/20","101","3","06023","2.97"
"Imperial","133","2568","California","6/7/20","1634","934","06025","57.16"
"Inyo","0","22","California","6/7/20","20","2","06027","10"
"Kern","67","2720","California","6/7/20","2250","470","06029","20.89"
"Kings","107","1492","California","6/7/20","746","746","06031","100"
"Lake","1","30","California","6/7/20","21","9","06033","42.86"
"Lassen","0","6","California","6/7/20","5","1","06035","20"
"Los Angeles","1263","63844","California","6/7/20","55001","8843","06037","16.08"
"Madera","8","163","California","6/7/20","106","57","06039","53.77"
"Marin","13","571","California","6/7/20","483","88","06041","18.22"
"Mariposa","0","16","California","6/7/20","16","0","06043","0"
"Mendocino","0","33","California","6/7/20","30","3","06045","10"
"Merced","7","334","California","6/7/20","283","51","06047","18.02"
"Mono","0","37","California","6/7/20","37","0","06051","0"
"Monterey","29","732","California","6/7/20","530","202","06053","38.11"
"Napa","4","141","California","6/7/20","112","29","06055","25.89"
"Nevada","1","50","California","6/7/20","41","9","06057","21.95"
"Orange","168","7440","California","6/7/20","6261","1179","06059","18.83"
"Placer","10","284","California","6/7/20","215","69","06061","32.09"
"Plumas","0","4","California","6/7/20","4","0","06063","0"
"Riverside","184","8777","California","6/7/20","7486","1291","06065","17.25"
"Sacramento","24","1569","California","6/7/20","1400","169","06067","12.07"
"San Benito","3","105","California","6/7/20","87","18","06069","20.69"
"San Bernardino","113","6040","California","6/7/20","5246","794","06071","15.14"
"San Diego","123","8345","California","6/7/20","7481","864","06073","11.55"
"San Francisco","23","2747","California","6/7/20","2588","159","06075","6.14"
"San Joaquin","43","1161","California","6/7/20","858","303","06077","35.31"
"San Luis Obispo","3","291","California","6/7/20","269","22","06079","8.18"
"San Mateo","32","2330","California","6/7/20","2104","226","06081","10.74"
"Santa Barbara","20","1787","California","6/7/20","1649","138","06083","8.37"
"Santa Clara","24","2942","California","6/7/20","2776","166","06085","5.98"
"Santa Cruz","3","231","California","6/7/20","213","18","06087","8.45"
"Shasta","0","42","California","6/7/20","39","3","06089","7.69"
"Sierra","0","1","California","6/7/20","1","0","06091","0"
"Siskiyou","1","12","California","6/7/20","7","5","06093","71.43"
"Solano","7","566","California","6/7/20","517","49","06095","9.48"
"Sonoma","13","642","California","6/7/20","553","89","06097","16.09"
"Stanislaus","17","865","California","6/7/20","744","121","06099","16.26"
"Sutter","1","55","California","6/7/20","46","9","06101","19.57"
"Tehama","1","8","California","6/7/20","4","4","06103","100"
"Trinity","0","2","California","6/7/20","1","1","06105","100"
"Tulare","39","2116","California","6/7/20","1844","272","06107","14.75"
"Tuolumne","0","7","California","6/7/20","4","3","06109","75"
"Ventura","26","1261","California","6/7/20","1078","183","06111","16.98"
"Yolo","1","221","California","6/7/20","211","10","06113","4.74"
"Yuba","0","32","California","6/7/20","30","2","06115","6.67"
"Adams","45","3575","Colorado","6/7/20","3258","317","08001","9.73"
"Alamosa","3","94","Colorado","6/7/20","76","18","08003","23.68"
"Arapahoe","35","4637","Colorado","6/7/20","4394","243","08005","5.53"
"Archuleta","0","8","Colorado","6/7/20","8","0","08007","0"
"Baca","0","12","Colorado","6/7/20","12","0","08009","0"
"Bent","0","3","Colorado","6/7/20","2","1","08011","50"
"Boulder","5","1016","Colorado","6/7/20","980","36","08013","3.67"
"Broomfield","2","255","Colorado","6/7/20","240","15","08014","6.25"
"Chaffee","1","78","Colorado","6/7/20","72","6","08015","8.33"
"Cheyenne","0","5","Colorado","6/7/20","5","0","08017","0"
"Clear Creek","0","17","Colorado","6/7/20","16","1","08019","6.25"
"Conejos","0","5","Colorado","6/7/20","2","3","08021","150"
"Costilla","0","8","Colorado","6/7/20","6","2","08023","33.33"
"Crowley","0","66","Colorado","6/7/20","64","2","08025","3.12"
"Custer","0","2","Colorado","6/7/20","2","0","08027","0"
"Delta","1","76","Colorado","6/7/20","69","7","08029","10.14"
"Denver","47","6106","Colorado","6/7/20","5775","331","08031","5.73"
"Douglas","5","756","Colorado","6/7/20","720","36","08035","5"
"Eagle","3","608","Colorado","6/7/20","587","21","08037","3.58"
"El Paso","15","1834","Colorado","6/7/20","1732","102","08041","5.89"
"Elbert","0","54","Colorado","6/7/20","53","1","08039","1.89"
"Fremont","0","26","Colorado","6/7/20","26","0","08043","0"
"Garfield","3","162","Colorado","6/7/20","139","23","08045","16.55"
"Gilpin","0","5","Colorado","6/7/20","3","2","08047","66.67"
"Grand","0","15","Colorado","6/7/20","14","1","08049","7.14"
"Gunnison","0","179","Colorado","6/7/20","177","2","08051","1.13"
"Hinsdale","0","3","Colorado","6/7/20","3","0","08053","0"
"Huerfano","0","3","Colorado","6/7/20","3","0","08055","0"
"Jefferson","22","2373","Colorado","6/7/20","2221","152","08059","6.84"
"Kit Carson","1","30","Colorado","6/7/20","26","4","08063","15.38"
"La Plata","0","82","Colorado","6/7/20","81","1","08067","1.23"
"Lake","1","37","Colorado","6/7/20","31","6","08065","19.35"
"Larimer","5","619","Colorado","6/7/20","583","36","08069","6.17"
"Las Animas","0","5","Colorado","6/7/20","5","0","08071","0"
"Lincoln","0","3","Colorado","6/7/20","3","0","08073","0"
"Logan","2","631","Colorado","6/7/20","614","17","08075","2.77"
"Mesa","1","62","Colorado","6/7/20","54","8","08077","14.81"
"Mineral","0","2","Colorado","6/7/20","2","0","08079","0"
"Moffat","0","8","Colorado","6/7/20","7","1","08081","14.29"
"Montezuma","2","57","Colorado","6/7/20","45","12","08083","26.67"
"Montrose","2","188","Colorado","6/7/20","172","16","08085","9.3"
"Morgan","2","644","Colorado","6/7/20","629","15","08087","2.38"
"Otero","0","21","Colorado","6/7/20","19","2","08089","10.53"
"Ouray","0","8","Colorado","6/7/20","8","0","08091","0"
"Park","0","23","Colorado","6/7/20","23","0","08093","0"
"Phillips","0","14","Colorado","6/7/20","13","1","08095","7.69"
"Pitkin","0","59","Colorado","6/7/20","58","1","08097","1.72"
"Prowers","0","15","Colorado","6/7/20","14","1","08099","7.14"
"Pueblo","4","320","Colorado","6/7/20","295","25","08101","8.47"
"Rio Blanco","0","1","Colorado","6/7/20","1","0","08103","0"
"Rio Grande","2","45","Colorado","6/7/20","33","12","08105","36.36"
"Routt","0","62","Colorado","6/7/20","62","0","08107","0"
"Saguache","2","93","Colorado","6/7/20","81","12","08109","14.81"
"San Juan","0","1","Colorado","6/7/20","1","0","08111","0"
"San Miguel","0","23","Colorado","6/7/20","23","0","08113","0"
"Summit","3","248","Colorado","6/7/20","226","22","08117","9.73"
"Teller","0","34","Colorado","6/7/20","32","2","08119","6.25"
"Washington","0","43","Colorado","6/7/20","41","2","08121","4.88"
"Weld","14","2583","Colorado","6/7/20","2488","95","08123","3.82"
"Yuma","1","45","Colorado","6/7/20","35","10","08125","28.57"
"Fairfield","72","16056","Connecticut","6/7/20","15549","507","09001","3.26"
"Hartford","73","10809","Connecticut","6/7/20","10296","513","09003","4.98"
"Litchfield","3","1419","Connecticut","6/7/20","1397","22","09005","1.57"
"Middlesex","12","1185","Connecticut","6/7/20","1104","81","09007","7.34"
"New Haven","72","11828","Connecticut","6/7/20","11323","505","09009","4.46"
"New London","6","1119","Connecticut","6/7/20","1078","41","09011","3.8"
"Tolland","4","864","Connecticut","6/7/20","836","28","09013","3.35"
"Windham","5","420","Connecticut","6/7/20","384","36","09015","9.38"
"Kent","11","1511","Delaware","6/7/20","1436","75","10001","5.22"
"New Castle","45","4070","Delaware","6/7/20","3758","312","10003","8.3"
"Sussex","13","4346","Delaware","6/7/20","4253","93","10005","2.19"
"","0","49","Diamond Princess","6/7/20","49","0",,"0"
"District of Columbia","76","9332","District of Columbia","6/7/20","8801","531","11001","6.03"
"Alachua","3","399","Florida","6/7/20","380","19","12001","5"
"Baker","0","29","Florida","6/7/20","29","0","12003","0"
"Bay","5","130","Florida","6/7/20","98","32","12005","32.65"
"Bradford","0","52","Florida","6/7/20","51","1","12007","1.96"
"Brevard","5","457","Florida","6/7/20","422","35","12009","8.29"
"Broward","97","7804","Florida","6/7/20","7123","681","12011","9.56"
"Calhoun","0","66","Florida","6/7/20","63","3","12013","4.76"
"Charlotte","5","493","Florida","6/7/20","458","35","12015","7.64"
"Citrus","1","128","Florida","6/7/20","121","7","12017","5.79"
"Clay","3","400","Florida","6/7/20","382","18","12019","4.71"
"Collier","71","2039","Florida","6/7/20","1539","500","12021","32.49"
"Columbia","4","171","Florida","6/7/20","144","27","12023","18.75"
"DeSoto","12","268","Florida","6/7/20","182","86","12027","47.25"
"Dixie","1","58","Florida","6/7/20","51","7","12029","13.73"
"Duval","21","1792","Florida","6/7/20","1644","148","12031","9"
"Escambia","10","888","Florida","6/7/20","815","73","12033","8.96"
"Flagler","1","195","Florida","6/7/20","189","6","12035","3.17"
"Franklin","0","2","Florida","6/7/20","2","0","12037","0"
"Gadsden","3","294","Florida","6/7/20","273","21","12039","7.69"
"Gilchrist","1","20","Florida","6/7/20","12","8","12041","66.67"
"Glades","8","84","Florida","6/7/20","30","54","12043","180"
"Gulf","1","6","Florida","6/7/20","1","5","12045","500"
"Hamilton","4","263","Florida","6/7/20","233","30","12047","12.88"
"Hardee","7","145","Florida","6/7/20","99","46","12049","46.46"
"Hendry","20","558","Florida","6/7/20","415","143","12051","34.46"
"Hernando","1","125","Florida","6/7/20","115","10","12053","8.7"
"Highlands","2","146","Florida","6/7/20","129","17","12055","13.18"
"Hillsborough","78","2748","Florida","6/7/20","2201","547","12057","24.85"
"Holmes","2","30","Florida","6/7/20","19","11","12059","57.89"
"Indian River","5","164","Florida","6/7/20","130","34","12061","26.15"
"Jackson","8","308","Florida","6/7/20","251","57","12063","22.71"
"Jefferson","0","31","Florida","6/7/20","29","2","12065","6.9"
"Lafayette","0","10","Florida","6/7/20","8","2","12067","25"
"Lake","4","329","Florida","6/7/20","301","28","12069","9.3"
"Lee","54","2289","Florida","6/7/20","1908","381","12071","19.97"
"Leon","5","442","Florida","6/7/20","404","38","12073","9.41"
"Levy","4","60","Florida","6/7/20","32","28","12075","87.5"
"Liberty","1","218","Florida","6/7/20","213","5","12077","2.35"
"Madison","0","71","Florida","6/7/20","69","2","12079","2.9"
"Manatee","21","1189","Florida","6/7/20","1045","144","12081","13.78"
"Marion","4","279","Florida","6/7/20","248","31","12083","12.5"
"Martin","37","907","Florida","6/7/20","651","256","12085","39.32"
"Miami-Dade","221","19547","Florida","6/7/20","18000","1547","12086","8.59"
"Monroe","0","111","Florida","6/7/20","108","3","12087","2.78"
"Nassau","1","82","Florida","6/7/20","76","6","12089","7.89"
"Okaloosa","6","262","Florida","6/7/20","223","39","12091","17.49"
"Okeechobee","8","138","Florida","6/7/20","83","55","12093","66.27"
"Orange","45","2316","Florida","6/7/20","2002","314","12095","15.68"
"Osceola","6","745","Florida","6/7/20","701","44","12097","6.28"
"Palm Beach","176","7230","Florida","6/7/20","5996","1234","12099","20.58"
"Pasco","5","424","Florida","6/7/20","386","38","12101","9.84"
"Pinellas","41","1584","Florida","6/7/20","1297","287","12103","22.13"
"Polk","22","1178","Florida","6/7/20","1027","151","12105","14.7"
"Putnam","3","173","Florida","6/7/20","152","21","12107","13.82"
"Santa Rosa","2","258","Florida","6/7/20","245","13","12113","5.31"
"Sarasota","6","680","Florida","6/7/20","635","45","12115","7.09"
"Seminole","6","532","Florida","6/7/20","490","42","12117","8.57"
"St. Johns","3","279","Florida","6/7/20","260","19","12109","7.31"
"St. Lucie","22","627","Florida","6/7/20","471","156","12111","33.12"
"Sumter","1","261","Florida","6/7/20","253","8","12119","3.16"
"Suwannee","1","175","Florida","6/7/20","167","8","12121","4.79"
"Taylor","3","46","Florida","6/7/20","22","24","12123","109.09"
"Union","1","38","Florida","6/7/20","32","6","12125","18.75"
"Volusia","12","819","Florida","6/7/20","736","83","12127","11.28"
"Wakulla","0","35","Florida","6/7/20","34","1","12129","2.94"
"Walton","2","130","Florida","6/7/20","117","13","12131","11.11"
"Washington","4","84","Florida","6/7/20","57","27","12133","47.37"
"Appling","4","185","Georgia","6/7/20","159","26","13001","16.35"
"Atkinson","2","60","Georgia","6/7/20","48","12","13003","25"
"Bacon","3","144","Georgia","6/7/20","122","22","13005","18.03"
"Baker","0","36","Georgia","6/7/20","34","2","13007","5.88"
"Baldwin","6","388","Georgia","6/7/20","345","43","13009","12.46"
"Banks","0","90","Georgia","6/7/20","88","2","13011","2.27"
"Barrow","2","342","Georgia","6/7/20","326","16","13013","4.91"
"Bartow","6","522","Georgia","6/7/20","478","44","13015","9.21"
"Ben Hill","2","90","Georgia","6/7/20","74","16","13017","21.62"
"Berrien","2","58","Georgia","6/7/20","46","12","13019","26.09"
"Bibb","7","503","Georgia","6/7/20","453","50","13021","11.04"
"Bleckley","1","50","Georgia","6/7/20","45","5","13023","11.11"
"Brantley","1","62","Georgia","6/7/20","56","6","13025","10.71"
"Brooks","2","79","Georgia","6/7/20","68","11","13027","16.18"
"Bryan","0","77","Georgia","6/7/20","74","3","13029","4.05"
"Bulloch","3","82","Georgia","6/7/20","60","22","13031","36.67"
"Burke","1","125","Georgia","6/7/20","121","4","13033","3.31"
"Butts","2","244","Georgia","6/7/20","228","16","13035","7.02"
"Calhoun","1","138","Georgia","6/7/20","132","6","13037","4.55"
"Camden","1","69","Georgia","6/7/20","62","7","13039","11.29"
"Candler","0","13","Georgia","6/7/20","13","0","13043","0"
"Carroll","8","580","Georgia","6/7/20","525","55","13045","10.48"
"Catoosa","4","159","Georgia","6/7/20","133","26","13047","19.55"
"Charlton","0","32","Georgia","6/7/20","32","0","13049","0"
"Chatham","6","545","Georgia","6/7/20","501","44","13051","8.78"
"Chattahoochee","17","173","Georgia","6/7/20","54","119","13053","220.37"
"Chattooga","0","25","Georgia","6/7/20","24","1","13055","4.17"
"Cherokee","7","959","Georgia","6/7/20","909","50","13057","5.5"
"Clarke","5","321","Georgia","6/7/20","283","38","13059","13.43"
"Clay","1","47","Georgia","6/7/20","39","8","13061","20.51"
"Clayton","15","1328","Georgia","6/7/20","1221","107","13063","8.76"
"Clinch","1","69","Georgia","6/7/20","59","10","13065","16.95"
"Cobb","32","3249","Georgia","6/7/20","3027","222","13067","7.33"
"Coffee","4","299","Georgia","6/7/20","271","28","13069","10.33"
"Colquitt","14","568","Georgia","6/7/20","467","101","13071","21.63"
"Columbia","4","274","Georgia","6/7/20","248","26","13073","10.48"
"Cook","1","57","Georgia","6/7/20","48","9","13075","18.75"
"Coweta","7","463","Georgia","6/7/20","417","46","13077","11.03"
"Crawford","0","29","Georgia","6/7/20","28","1","13079","3.57"
"Crisp","1","238","Georgia","6/7/20","232","6","13081","2.59"
"Dade","2","42","Georgia","6/7/20","28","14","13083","50"
"Dawson","1","113","Georgia","6/7/20","109","4","13085","3.67"
"Decatur","3","209","Georgia","6/7/20","186","23","13087","12.37"
"DeKalb","40","4012","Georgia","6/7/20","3734","278","13089","7.45"
"Dodge","0","53","Georgia","6/7/20","51","2","13091","3.92"
"Dooly","2","191","Georgia","6/7/20","179","12","13093","6.7"
"Dougherty","5","1803","Georgia","6/7/20","1770","33","13095","1.86"
"Douglas","7","592","Georgia","6/7/20","543","49","13097","9.02"
"Early","2","249","Georgia","6/7/20","238","11","13099","4.62"
"Echols","4","147","Georgia","6/7/20","117","30","13101","25.64"
"Effingham","1","78","Georgia","6/7/20","74","4","13103","5.41"
"Elbert","1","79","Georgia","6/7/20","75","4","13105","5.33"
"Emanuel","1","31","Georgia","6/7/20","27","4","13107","14.81"
"Evans","0","6","Georgia","6/7/20","5","1","13109","20"
"Fannin","1","52","Georgia","6/7/20","44","8","13111","18.18"
"Fayette","1","245","Georgia","6/7/20","235","10","13113","4.26"
"Floyd","8","323","Georgia","6/7/20","265","58","13115","21.89"
"Forsyth","5","546","Georgia","6/7/20","512","34","13117","6.64"
"Franklin","12","132","Georgia","6/7/20","46","86","13119","186.96"
"Fulton","43","4823","Georgia","6/7/20","4524","299","13121","6.61"
"Gilmer","1","160","Georgia","6/7/20","153","7","13123","4.58"
"Glascock","0","1","Georgia","6/7/20","1","0","13125","0"
"Glynn","6","155","Georgia","6/7/20","115","40","13127","34.78"
"Gordon","6","202","Georgia","6/7/20","163","39","13129","23.93"
"Grady","1","119","Georgia","6/7/20","110","9","13131","8.18"
"Greene","1","78","Georgia","6/7/20","68","10","13133","14.71"
"Gwinnett","94","4440","Georgia","6/7/20","3780","660","13135","17.46"
"Habersham","5","557","Georgia","6/7/20","520","37","13137","7.12"
"Hall","21","2616","Georgia","6/7/20","2467","149","13139","6.04"
"Hancock","1","199","Georgia","6/7/20","195","4","13141","2.05"
"Haralson","1","52","Georgia","6/7/20","43","9","13143","20.93"
"Harris","5","125","Georgia","6/7/20","91","34","13145","37.36"
"Hart","1","39","Georgia","6/7/20","30","9","13147","30"
"Heard","0","36","Georgia","6/7/20","34","2","13149","5.88"
"Henry","9","756","Georgia","6/7/20","690","66","13151","9.57"
"Houston","5","401","Georgia","6/7/20","366","35","13153","9.56"
"Irwin","1","34","Georgia","6/7/20","28","6","13155","21.43"
"Jackson","6","226","Georgia","6/7/20","184","42","13157","22.83"
"Jasper","2","48","Georgia","6/7/20","36","12","13159","33.33"
"Jeff Davis","1","46","Georgia","6/7/20","37","9","13161","24.32"
"Jefferson","1","50","Georgia","6/7/20","43","7","13163","16.28"
"Jenkins","1","27","Georgia","6/7/20","19","8","13165","42.11"
"Johnson","0","82","Georgia","6/7/20","82","0","13167","0"
"Jones","2","49","Georgia","6/7/20","37","12","13169","32.43"
"Lamar","1","76","Georgia","6/7/20","67","9","13171","13.43"
"Lanier","2","32","Georgia","6/7/20","21","11","13173","52.38"
"Laurens","0","109","Georgia","6/7/20","106","3","13175","2.83"
"Lee","1","366","Georgia","6/7/20","361","5","13177","1.39"
"Liberty","1","87","Georgia","6/7/20","82","5","13179","6.1"
"Lincoln","0","16","Georgia","6/7/20","16","0","13181","0"
"Long","0","16","Georgia","6/7/20","16","0","13183","0"
"Lowndes","20","441","Georgia","6/7/20","302","139","13185","46.03"
"Lumpkin","0","102","Georgia","6/7/20","99","3","13187","3.03"
"Macon","1","106","Georgia","6/7/20","101","5","13193","4.95"
"Madison","2","65","Georgia","6/7/20","54","11","13195","20.37"
"Marion","0","59","Georgia","6/7/20","57","2","13197","3.51"
"McDuffie","1","72","Georgia","6/7/20","67","5","13189","7.46"
"McIntosh","0","15","Georgia","6/7/20","16","-1","13191","-6.25"
"Meriwether","3","106","Georgia","6/7/20","85","21","13199","24.71"
"Miller","0","42","Georgia","6/7/20","41","1","13201","2.44"
"Mitchell","1","417","Georgia","6/7/20","409","8","13205","1.96"
"Monroe","0","123","Georgia","6/7/20","120","3","13207","2.5"
"Montgomery","1","13","Georgia","6/7/20","9","4","13209","44.44"
"Morgan","0","39","Georgia","6/7/20","37","2","13211","5.41"
"Murray","3","109","Georgia","6/7/20","91","18","13213","19.78"
"Muscogee","23","776","Georgia","6/7/20","615","161","13215","26.18"
"Newton","5","389","Georgia","6/7/20","352","37","13217","10.51"
"Oconee","1","123","Georgia","6/7/20","116","7","13219","6.03"
"Oglethorpe","1","66","Georgia","6/7/20","61","5","13221","8.2"
"Out of GA","74","2527","Georgia","6/7/20","2012","515","80013","25.6"
"Paulding","3","352","Georgia","6/7/20","328","24","13223","7.32"
"Peach","1","78","Georgia","6/7/20","72","6","13225","8.33"
"Pickens","1","52","Georgia","6/7/20","48","4","13227","8.33"
"Pierce","2","117","Georgia","6/7/20","100","17","13229","17"
"Pike","1","61","Georgia","6/7/20","54","7","13231","12.96"
"Polk","3","140","Georgia","6/7/20","118","22","13233","18.64"
"Pulaski","0","43","Georgia","6/7/20","42","1","13235","2.38"
"Putnam","1","100","Georgia","6/7/20","90","10","13237","11.11"
"Quitman","0","14","Georgia","6/7/20","12","2","13239","16.67"
"Rabun","1","26","Georgia","6/7/20","20","6","13241","30"
"Randolph","1","183","Georgia","6/7/20","179","4","13243","2.23"
"Richmond","5","627","Georgia","6/7/20","595","32","13245","5.38"
"Rockdale","3","308","Georgia","6/7/20","285","23","13247","8.07"
"Schley","0","18","Georgia","6/7/20","16","2","13249","12.5"
"Screven","1","57","Georgia","6/7/20","51","6","13251","11.76"
"Seminole","0","46","Georgia","6/7/20","44","2","13253","4.55"
"Spalding","3","294","Georgia","6/7/20","275","19","13255","6.91"
"Stephens","1","144","Georgia","6/7/20","139","5","13257","3.6"
"Stewart","1","57","Georgia","6/7/20","52","5","13259","9.62"
"Sumter","3","494","Georgia","6/7/20","475","19","13261","4"
"Talbot","0","41","Georgia","6/7/20","38","3","13263","7.89"
"Taliaferro","0","1","Georgia","6/7/20","1","0","13265","0"
"Tattnall","0","30","Georgia","6/7/20","27","3","13267","11.11"
"Taylor","0","23","Georgia","6/7/20","22","1","13269","4.55"
"Telfair","0","38","Georgia","6/7/20","37","1","13271","2.7"
"Terrell","1","217","Georgia","6/7/20","213","4","13273","1.88"
"Thomas","4","353","Georgia","6/7/20","324","29","13275","8.95"
"Tift","8","312","Georgia","6/7/20","256","56","13277","21.88"
"Toombs","1","65","Georgia","6/7/20","56","9","13279","16.07"
"Towns","1","30","Georgia","6/7/20","24","6","13281","25"
"Treutlen","1","14","Georgia","6/7/20","10","4","13283","40"
"Troup","16","426","Georgia","6/7/20","313","113","13285","36.1"
"Turner","3","139","Georgia","6/7/20","118","21","13287","17.8"
"Twiggs","0","18","Georgia","6/7/20","17","1","13289","5.88"
"Union","0","49","Georgia","6/7/20","46","3","13291","6.52"
"Upson","1","290","Georgia","6/7/20","281","9","13293","3.2"
"Walker","8","194","Georgia","6/7/20","141","53","13295","37.59"
"Walton","5","299","Georgia","6/7/20","265","34","13297","12.83"
"Ware","3","248","Georgia","6/7/20","228","20","13299","8.77"
"Warren","0","18","Georgia","6/7/20","18","0","13301","0"
"Washington","0","74","Georgia","6/7/20","74","0","13303","0"
"Wayne","1","25","Georgia","6/7/20","19","6","13305","31.58"
"Webster","0","14","Georgia","6/7/20","13","1","13307","7.69"
"Wheeler","0","14","Georgia","6/7/20","13","1","13309","7.69"
"White","2","113","Georgia","6/7/20","101","12","13311","11.88"
"Whitfield","17","494","Georgia","6/7/20","374","120","13313","32.09"
"Wilcox","1","117","Georgia","6/7/20","111","6","13315","5.41"
"Wilkes","0","34","Georgia","6/7/20","33","1","13317","3.03"
"Wilkinson","0","71","Georgia","6/7/20","69","2","13319","2.9"
"Worth","3","235","Georgia","6/7/20","211","24","13321","11.37"
"","0","103","Grand Princess","6/7/20","103","0",,"0"
"","1","179","Guam","6/7/20","172","7",,"4.07"
"Hawaii","0","81","Hawaii","6/7/20","81","0","15001","0"
"Honolulu","3","441","Hawaii","6/7/20","421","20","15003","4.75"
"Kauai","0","21","Hawaii","6/7/20","20","1","15007","5"
"Maui","0","120","Hawaii","6/7/20","120","0","15009","0"
"Out of HI","0","12","Hawaii","6/7/20","10","2","80015","20"
"Ada","4","838","Idaho","6/7/20","812","26","16001","3.2"
"Adams","0","3","Idaho","6/7/20","3","0","16003","0"
"Bannock","3","47","Idaho","6/7/20","28","19","16005","67.86"
"Benewah","1","18","Idaho","6/7/20","8","10","16009","125"
"Bingham","2","20","Idaho","6/7/20","6","14","16011","233.33"
"Blaine","0","514","Idaho","6/7/20","512","2","16013","0.39"
"Bonner","0","6","Idaho","6/7/20","6","0","16017","0"
"Bonneville","2","60","Idaho","6/7/20","47","13","16019","27.66"
"Camas","0","1","Idaho","6/7/20","1","0","16025","0"
"Canyon","5","340","Idaho","6/7/20","303","37","16027","12.21"
"Caribou","0","3","Idaho","6/7/20","1","2","16029","200"
"Cassia","7","112","Idaho","6/7/20","63","49","16031","77.78"
"Custer","0","2","Idaho","6/7/20","2","0","16037","0"
"Elmore","0","32","Idaho","6/7/20","31","1","16039","3.23"
"Franklin","1","9","Idaho","6/7/20","2","7","16041","350"
"Fremont","0","4","Idaho","6/7/20","3","1","16043","33.33"
"Gem","0","17","Idaho","6/7/20","17","0","16045","0"
"Gooding","1","56","Idaho","6/7/20","47","9","16047","19.15"
"Idaho","0","3","Idaho","6/7/20","3","0","16049","0"
"Jefferson","0","9","Idaho","6/7/20","7","2","16051","28.57"
"Jerome","4","194","Idaho","6/7/20","169","25","16053","14.79"
"Kootenai","2","82","Idaho","6/7/20","68","14","16055","20.59"
"Latah","0","7","Idaho","6/7/20","7","0","16057","0"
"Lemhi","0","1","Idaho","6/7/20","1","0","16059","0"
"Lincoln","0","34","Idaho","6/7/20","33","1","16063","3.03"
"Madison","1","27","Idaho","6/7/20","21","6","16065","28.57"
"Minidoka","3","72","Idaho","6/7/20","50","22","16067","44"
"Nez Perce","0","83","Idaho","6/7/20","82","1","16069","1.22"
"Owyhee","0","8","Idaho","6/7/20","8","0","16073","0"
"Payette","0","26","Idaho","6/7/20","23","3","16075","13.04"
"Power","0","7","Idaho","6/7/20","5","2","16077","40"
"Teton","0","11","Idaho","6/7/20","11","0","16081","0"
"Twin Falls","4","445","Idaho","6/7/20","419","26","16083","6.21"
"Valley","0","2","Idaho","6/7/20","2","0","16085","0"
"Washington","1","46","Idaho","6/7/20","38","8","16087","21.05"
"Adams","0","46","Illinois","6/7/20","44","2","17001","4.55"
"Alexander","1","16","Illinois","6/7/20","8","8","17003","100"
"Bond","0","12","Illinois","6/7/20","12","0","17005","0"
"Boone","7","504","Illinois","6/7/20","452","52","17007","11.5"
"Brown","0","10","Illinois","6/7/20","10","0","17009","0"
"Bureau","1","21","Illinois","6/7/20","15","6","17011","40"
"Calhoun","0","1","Illinois","6/7/20","1","0","17013","0"
"Carroll","0","17","Illinois","6/7/20","15","2","17015","13.33"
"Cass","0","73","Illinois","6/7/20","73","0","17017","0"
"Champaign","6","685","Illinois","6/7/20","640","45","17019","7.03"
"Christian","0","35","Illinois","6/7/20","35","0","17021","0"
"Clark","0","11","Illinois","6/7/20","11","0","17023","0"
"Clay","0","2","Illinois","6/7/20","2","0","17025","0"
"Clinton","1","193","Illinois","6/7/20","186","7","17027","3.76"
"Coles","2","139","Illinois","6/7/20","127","12","17029","9.45"
"Cook","643","82427","Illinois","6/7/20","77925","4502","17031","5.78"
"Crawford","0","11","Illinois","6/7/20","11","0","17033","0"
"Cumberland","0","10","Illinois","6/7/20","10","0","17035","0"
"De Witt","0","4","Illinois","6/7/20","4","0","17039","0"
"DeKalb","6","457","Illinois","6/7/20","416","41","17037","9.86"
"Douglas","0","28","Illinois","6/7/20","28","0","17041","0"
"DuPage","58","8111","Illinois","6/7/20","7707","404","17043","5.24"
"Edgar","0","1","Illinois","6/7/20","1","0","17045","0"
"Edwards","0","2","Illinois","6/7/20","2","0","17047","0"
"Effingham","0","8","Illinois","6/7/20","7","1","17049","14.29"
"Fayette","0","21","Illinois","6/7/20","21","0","17051","0"
"Ford","0","21","Illinois","6/7/20","20","1","17053","5"
"Franklin","0","12","Illinois","6/7/20","12","0","17055","0"
"Fulton","0","12","Illinois","6/7/20","11","1","17057","9.09"
"Gallatin","0","2","Illinois","6/7/20","2","0","17059","0"
"Greene","0","6","Illinois","6/7/20","5","1","17061","20"
"Grundy","2","114","Illinois","6/7/20","98","16","17063","16.33"
"Hamilton","0","2","Illinois","6/7/20","2","0","17065","0"
"Hancock","0","17","Illinois","6/7/20","17","0","17067","0"
"Hardin","0","1","Illinois","6/7/20","1","0","17069","0"
"Henderson","0","8","Illinois","6/7/20","8","0","17071","0"
"Henry","0","70","Illinois","6/7/20","69","1","17073","1.45"
"Iroquois","0","135","Illinois","6/7/20","132","3","17075","2.27"
"Jackson","2","301","Illinois","6/7/20","286","15","17077","5.24"
"Jasper","0","46","Illinois","6/7/20","45","1","17079","2.22"
"Jefferson","0","101","Illinois","6/7/20","101","0","17081","0"
"Jersey","0","26","Illinois","6/7/20","24","2","17083","8.33"
"Jo Daviess","0","33","Illinois","6/7/20","32","1","17085","3.12"
"Johnson","1","12","Illinois","6/7/20","8","4","17087","50"
"Kane","64","6787","Illinois","6/7/20","6338","449","17089","7.08"
"Kankakee","13","1001","Illinois","6/7/20","910","91","17091","10"
"Kendall","7","846","Illinois","6/7/20","798","48","17093","6.02"
"Knox","1","104","Illinois","6/7/20","100","4","17095","4"
"Lake","62","8768","Illinois","6/7/20","8331","437","17097","5.25"
"LaSalle","2","164","Illinois","6/7/20","153","11","17099","7.19"
"Lawrence","0","4","Illinois","6/7/20","4","0","17101","0"
"Lee","1","89","Illinois","6/7/20","81","8","17103","9.88"
"Livingston","0","36","Illinois","6/7/20","34","2","17105","5.88"
"Logan","0","10","Illinois","6/7/20","10","0","17107","0"
"Macon","1","202","Illinois","6/7/20","193","9","17115","4.66"
"Macoupin","0","46","Illinois","6/7/20","45","1","17117","2.22"
"Madison","8","639","Illinois","6/7/20","580","59","17119","10.17"
"Marion","1","55","Illinois","6/7/20","50","5","17121","10"
"Marshall","0","5","Illinois","6/7/20","5","0","17123","0"
"Mason","0","18","Illinois","6/7/20","18","0","17125","0"
"Massac","0","7","Illinois","6/7/20","7","0","17127","0"
"McDonough","1","92","Illinois","6/7/20","88","4","17109","4.55"
"McHenry","23","1724","Illinois","6/7/20","1566","158","17111","10.09"
"McLean","1","226","Illinois","6/7/20","220","6","17113","2.73"
"Menard","0","22","Illinois","6/7/20","20","2","17129","10"
"Mercer","0","18","Illinois","6/7/20","17","1","17131","5.88"
"Monroe","1","101","Illinois","6/7/20","95","6","17133","6.32"
"Montgomery","0","41","Illinois","6/7/20","39","2","17135","5.13"
"Morgan","2","47","Illinois","6/7/20","36","11","17137","30.56"
"Moultrie","0","12","Illinois","6/7/20","11","1","17139","9.09"
"Ogle","2","221","Illinois","6/7/20","206","15","17141","7.28"
"Out of IL","-1","113","Illinois","6/7/20","118","-5","80017","-4.24"
"Peoria","12","314","Illinois","6/7/20","233","81","17143","34.76"
"Perry","0","42","Illinois","6/7/20","41","1","17145","2.44"
"Piatt","0","12","Illinois","6/7/20","11","1","17147","9.09"
"Pike","0","1","Illinois","6/7/20","1","0","17149","0"
"Pope","0","1","Illinois","6/7/20","1","0","17151","0"
"Pulaski","1","61","Illinois","6/7/20","56","5","17153","8.93"
"Putnam","0","1","Illinois","6/7/20","1","0","17155","0"
"Randolph","1","274","Illinois","6/7/20","270","4","17157","1.48"
"Richland","0","4","Illinois","6/7/20","3","1","17159","33.33"
"Rock Island","8","715","Illinois","6/7/20","658","57","17161","8.66"
"Saline","0","7","Illinois","6/7/20","7","0","17165","0"
"Sangamon","2","363","Illinois","6/7/20","351","12","17167","3.42"
"Schuyler","0","13","Illinois","6/7/20","13","0","17169","0"
"Shelby","0","16","Illinois","6/7/20","16","0","17173","0"
"St. Clair","25","1314","Illinois","6/7/20","1137","177","17163","15.57"
"Stark","0","3","Illinois","6/7/20","3","0","17175","0"
"Stephenson","1","216","Illinois","6/7/20","206","10","17177","4.85"
"Tazewell","1","81","Illinois","6/7/20","73","8","17179","10.96"
"Union","2","170","Illinois","6/7/20","154","16","17181","10.39"
"Vermilion","0","42","Illinois","6/7/20","40","2","17183","5"
"Wabash","1","12","Illinois","6/7/20","2","10","17185","500"
"Warren","1","126","Illinois","6/7/20","117","9","17187","7.69"
"Washington","0","20","Illinois","6/7/20","18","2","17189","11.11"
"Wayne","0","9","Illinois","6/7/20","9","0","17191","0"
"White","0","2","Illinois","6/7/20","2","0","17193","0"
"Whiteside","2","157","Illinois","6/7/20","140","17","17195","12.14"
"Will","46","5890","Illinois","6/7/20","5566","324","17197","5.82"
"Williamson","1","76","Illinois","6/7/20","67","9","17199","13.43"
"Winnebago","42","2545","Illinois","6/7/20","2251","294","17201","13.06"
"Woodford","0","21","Illinois","6/7/20","19","2","17203","10.53"
"Adams","1","22","Indiana","6/7/20","15","7","18001","46.67"
"Allen","38","1883","Indiana","6/7/20","1618","265","18003","16.38"
"Bartholomew","3","534","Indiana","6/7/20","511","23","18005","4.5"
"Benton","0","32","Indiana","6/7/20","30","2","18007","6.67"
"Blackford","0","28","Indiana","6/7/20","25","3","18009","12"
"Boone","2","331","Indiana","6/7/20","315","16","18011","5.08"
"Brown","0","34","Indiana","6/7/20","33","1","18013","3.03"
"Carroll","0","96","Indiana","6/7/20","93","3","18015","3.23"
"Cass","1","1593","Indiana","6/7/20","1587","6","18017","0.38"
"Clark","6","548","Indiana","6/7/20","504","44","18019","8.73"
"Clay","0","53","Indiana","6/7/20","51","2","18021","3.92"
"Clinton","3","251","Indiana","6/7/20","232","19","18023","8.19"
"Crawford","0","25","Indiana","6/7/20","24","1","18025","4.17"
"Daviess","3","107","Indiana","6/7/20","88","19","18027","21.59"
"Dearborn","1","175","Indiana","6/7/20","168","7","18029","4.17"
"Decatur","1","231","Indiana","6/7/20","224","7","18031","3.12"
"DeKalb","4","67","Indiana","6/7/20","37","30","18033","81.08"
"Delaware","2","400","Indiana","6/7/20","385","15","18035","3.9"
"Dubois","4","228","Indiana","6/7/20","199","29","18037","14.57"
"Elkhart","56","1717","Indiana","6/7/20","1322","395","18039","29.88"
"Fayette","0","79","Indiana","6/7/20","77","2","18041","2.6"
"Floyd","1","326","Indiana","6/7/20","318","8","18043","2.52"
"Fountain","0","23","Indiana","6/7/20","21","2","18045","9.52"
"Franklin","1","117","Indiana","6/7/20","110","7","18047","6.36"
"Fulton","0","51","Indiana","6/7/20","49","2","18049","4.08"
"Gibson","0","20","Indiana","6/7/20","17","3","18051","17.65"
"Grant","3","235","Indiana","6/7/20","211","24","18053","11.37"
"Greene","1","175","Indiana","6/7/20","169","6","18055","3.55"
"Hamilton","7","1205","Indiana","6/7/20","1159","46","18057","3.97"
"Hancock","3","362","Indiana","6/7/20","338","24","18059","7.1"
"Harrison","0","195","Indiana","6/7/20","194","1","18061","0.52"
"Hendricks","7","1218","Indiana","6/7/20","1169","49","18063","4.19"
"Henry","1","188","Indiana","6/7/20","182","6","18065","3.3"
"Howard","5","444","Indiana","6/7/20","408","36","18067","8.82"
"Huntington","2","42","Indiana","6/7/20","28","14","18069","50"
"Jackson","2","403","Indiana","6/7/20","389","14","18071","3.6"
"Jasper","1","75","Indiana","6/7/20","67","8","18073","11.94"
"Jay","1","58","Indiana","6/7/20","52","6","18075","11.54"
"Jefferson","1","49","Indiana","6/7/20","45","4","18077","8.89"
"Jennings","0","132","Indiana","6/7/20","130","2","18079","1.54"
"Johnson","4","1133","Indiana","6/7/20","1105","28","18081","2.53"
"Knox","1","32","Indiana","6/7/20","28","4","18083","14.29"
"Kosciusko","13","227","Indiana","6/7/20","135","92","18085","68.15"
"LaGrange","11","159","Indiana","6/7/20","81","78","18087","96.3"
"Lake","46","3940","Indiana","6/7/20","3616","324","18089","8.96"
"LaPorte","3","457","Indiana","6/7/20","433","24","18091","5.54"
"Lawrence","1","171","Indiana","6/7/20","163","8","18093","4.91"
"Madison","2","603","Indiana","6/7/20","586","17","18095","2.9"
"Marion","68","10326","Indiana","6/7/20","9853","473","18097","4.8"
"Marshall","15","214","Indiana","6/7/20","108","106","18099","98.15"
"Martin","1","15","Indiana","6/7/20","11","4","18101","36.36"
"Miami","1","150","Indiana","6/7/20","140","10","18103","7.14"
"Monroe","1","174","Indiana","6/7/20","166","8","18105","4.82"
"Montgomery","2","252","Indiana","6/7/20","241","11","18107","4.56"
"Morgan","2","290","Indiana","6/7/20","277","13","18109","4.69"
"Newton","0","81","Indiana","6/7/20","78","3","18111","3.85"
"Noble","9","296","Indiana","6/7/20","232","64","18113","27.59"
"Ohio","0","13","Indiana","6/7/20","13","0","18115","0"
"Orange","1","132","Indiana","6/7/20","128","4","18117","3.12"
"Owen","0","36","Indiana","6/7/20","35","1","18119","2.86"
"Parke","0","19","Indiana","6/7/20","18","1","18121","5.56"
"Perry","1","42","Indiana","6/7/20","33","9","18123","27.27"
"Pike","0","6","Indiana","6/7/20","6","0","18125","0"
"Porter","5","571","Indiana","6/7/20","539","32","18127","5.94"
"Posey","0","16","Indiana","6/7/20","16","0","18129","0"
"Pulaski","1","51","Indiana","6/7/20","46","5","18131","10.87"
"Putnam","1","143","Indiana","6/7/20","137","6","18133","4.38"
"Randolph","1","55","Indiana","6/7/20","47","8","18135","17.02"
"Ripley","0","108","Indiana","6/7/20","109","-1","18137","-0.92"
"Rush","0","49","Indiana","6/7/20","47","2","18139","4.26"
"Scott","1","128","Indiana","6/7/20","120","8","18143","6.67"
"Shelby","4","398","Indiana","6/7/20","373","25","18145","6.7"
"Spencer","0","22","Indiana","6/7/20","20","2","18147","10"
"St. Joseph","19","1406","Indiana","6/7/20","1274","132","18141","10.36"
"Starke","1","46","Indiana","6/7/20","39","7","18149","17.95"
"Steuben","1","93","Indiana","6/7/20","83","10","18151","12.05"
"Sullivan","0","38","Indiana","6/7/20","36","2","18153","5.56"
"Switzerland","0","21","Indiana","6/7/20","20","1","18155","5"
"Tippecanoe","7","453","Indiana","6/7/20","402","51","18157","12.69"
"Tipton","0","26","Indiana","6/7/20","25","1","18159","4"
"Union","0","12","Indiana","6/7/20","9","3","18161","33.33"
"Vanderburgh","4","301","Indiana","6/7/20","274","27","18163","9.85"
"Vermillion","0","10","Indiana","6/7/20","10","0","18165","0"
"Vigo","4","194","Indiana","6/7/20","169","25","18167","14.79"
"Wabash","1","83","Indiana","6/7/20","78","5","18169","6.41"
"Warren","0","13","Indiana","6/7/20","12","1","18171","8.33"
"Warrick","0","167","Indiana","6/7/20","166","1","18173","0.6"
"Washington","0","51","Indiana","6/7/20","52","-1","18175","-1.92"
"Wayne","1","90","Indiana","6/7/20","82","8","18177","9.76"
"Wells","1","39","Indiana","6/7/20","32","7","18179","21.88"
"White","1","243","Indiana","6/7/20","235","8","18181","3.4"
"Whitley","1","50","Indiana","6/7/20","42","8","18183","19.05"
"Adair","0","9","Iowa","6/7/20","9","0","19001","0"
"Adams","0","7","Iowa","6/7/20","7","0","19003","0"
"Allamakee","0","120","Iowa","6/7/20","121","-1","19005","-0.83"
"Appanoose","0","17","Iowa","6/7/20","15","2","19007","13.33"
"Audubon","0","13","Iowa","6/7/20","12","1","19009","8.33"
"Benton","0","44","Iowa","6/7/20","43","1","19011","2.33"
"Black Hawk","7","1794","Iowa","6/7/20","1746","48","19013","2.75"
"Boone","2","77","Iowa","6/7/20","62","15","19015","24.19"
"Bremer","0","72","Iowa","6/7/20","70","2","19017","2.86"
"Buchanan","0","34","Iowa","6/7/20","33","1","19019","3.03"
"Buena Vista","51","1142","Iowa","6/7/20","783","359","19021","45.85"
"Butler","0","16","Iowa","6/7/20","16","0","19023","0"
"Calhoun","2","14","Iowa","6/7/20","2","12","19025","600"
"Carroll","1","17","Iowa","6/7/20","10","7","19027","70"
"Cass","0","13","Iowa","6/7/20","12","1","19029","8.33"
"Cedar","0","50","Iowa","6/7/20","47","3","19031","6.38"
"Cerro Gordo","1","34","Iowa","6/7/20","29","5","19033","17.24"
"Cherokee","3","46","Iowa","6/7/20","28","18","19035","64.29"
"Chickasaw","0","13","Iowa","6/7/20","10","3","19037","30"
"Clarke","3","75","Iowa","6/7/20","55","20","19039","36.36"
"Clay","3","34","Iowa","6/7/20","16","18","19041","112.5"
"Clayton","0","34","Iowa","6/7/20","35","-1","19043","-2.86"
"Clinton","1","65","Iowa","6/7/20","61","4","19045","6.56"
"Crawford","8","573","Iowa","6/7/20","516","57","19047","11.05"
"Dallas","8","959","Iowa","6/7/20","904","55","19049","6.08"
"Davis","1","28","Iowa","6/7/20","22","6","19051","27.27"
"Decatur","0","2","Iowa","6/7/20","1","1","19053","100"
"Delaware","1","19","Iowa","6/7/20","15","4","19055","26.67"
"Des Moines","1","70","Iowa","6/7/20","63","7","19057","11.11"
"Dickinson","4","51","Iowa","6/7/20","21","30","19059","142.86"
"Dubuque","3","364","Iowa","6/7/20","344","20","19061","5.81"
"Emmet","2","31","Iowa","6/7/20","15","16","19063","106.67"
"Fayette","0","28","Iowa","6/7/20","27","1","19065","3.7"
"Floyd","0","19","Iowa","6/7/20","19","0","19067","0"
"Franklin","2","30","Iowa","6/7/20","13","17","19069","130.77"
"Fremont","0","4","Iowa","6/7/20","4","0","19071","0"
"Greene","0","14","Iowa","6/7/20","13","1","19073","7.69"
"Grundy","0","19","Iowa","6/7/20","20","-1","19075","-5"
"Guthrie","1","55","Iowa","6/7/20","50","5","19077","10"
"Hamilton","7","83","Iowa","6/7/20","37","46","19079","124.32"
"Hancock","1","22","Iowa","6/7/20","16","6","19081","37.5"
"Hardin","2","32","Iowa","6/7/20","17","15","19083","88.24"
"Harrison","0","26","Iowa","6/7/20","23","3","19085","13.04"
"Henry","0","74","Iowa","6/7/20","71","3","19087","4.23"
"Howard","0","12","Iowa","6/7/20","12","0","19089","0"
"Humboldt","0","20","Iowa","6/7/20","18","2","19091","11.11"
"Ida","0","15","Iowa","6/7/20","14","1","19093","7.14"
"Iowa","0","33","Iowa","6/7/20","33","0","19095","0"
"Jackson","0","14","Iowa","6/7/20","12","2","19097","16.67"
"Jasper","2","274","Iowa","6/7/20","260","14","19099","5.38"
"Jefferson","1","36","Iowa","6/7/20","27","9","19101","33.33"
"Johnson","2","626","Iowa","6/7/20","614","12","19103","1.95"
"Jones","0","37","Iowa","6/7/20","36","1","19105","2.78"
"Keokuk","0","15","Iowa","6/7/20","15","0","19107","0"
"Kossuth","1","16","Iowa","6/7/20","9","7","19109","77.78"
"Lee","1","31","Iowa","6/7/20","27","4","19111","14.81"
"Linn","4","985","Iowa","6/7/20","955","30","19113","3.14"
"Louisa","1","350","Iowa","6/7/20","344","6","19115","1.74"
"Lucas","1","22","Iowa","6/7/20","17","5","19117","29.41"
"Lyon","0","26","Iowa","6/7/20","24","2","19119","8.33"
"Madison","0","29","Iowa","6/7/20","28","1","19121","3.57"
"Mahaska","1","100","Iowa","6/7/20","94","6","19123","6.38"
"Marion","0","35","Iowa","6/7/20","32","3","19125","9.38"
"Marshall","4","924","Iowa","6/7/20","894","30","19127","3.36"
"Mills","0","20","Iowa","6/7/20","19","1","19129","5.26"
"Mitchell","0","4","Iowa","6/7/20","4","0","19131","0"
"Monona","0","27","Iowa","6/7/20","24","3","19133","12.5"
"Monroe","1","43","Iowa","6/7/20","38","5","19135","13.16"
"Montgomery","0","9","Iowa","6/7/20","7","2","19137","28.57"
"Muscatine","1","566","Iowa","6/7/20","557","9","19139","1.62"
"O'Brien","3","50","Iowa","6/7/20","31","19","19141","61.29"
"Osceola","1","38","Iowa","6/7/20","33","5","19143","15.15"
"Page","0","16","Iowa","6/7/20","13","3","19145","23.08"
"Palo Alto","0","7","Iowa","6/7/20","6","1","19147","16.67"
"Plymouth","4","163","Iowa","6/7/20","132","31","19149","23.48"
"Pocahontas","1","20","Iowa","6/7/20","12","8","19151","66.67"
"Polk","73","4741","Iowa","6/7/20","4227","514","19153","12.16"
"Pottawattamie","11","343","Iowa","6/7/20","263","80","19155","30.42"
"Poweshiek","0","93","Iowa","6/7/20","90","3","19157","3.33"
"Ringgold","0","4","Iowa","6/7/20","4","0","19159","0"
"Sac","2","30","Iowa","6/7/20","19","11","19161","57.89"
"Scott","4","387","Iowa","6/7/20","359","28","19163","7.8"
"Shelby","0","38","Iowa","6/7/20","37","1","19165","2.7"
"Sioux","6","319","Iowa","6/7/20","275","44","19167","16"
"Story","5","149","Iowa","6/7/20","115","34","19169","29.57"
"Tama","2","415","Iowa","6/7/20","403","12","19171","2.98"
"Taylor","2","67","Iowa","6/7/20","56","11","19173","19.64"
"Union","0","11","Iowa","6/7/20","8","3","19175","37.5"
"Van Buren","0","10","Iowa","6/7/20","9","1","19177","11.11"
"Wapello","7","643","Iowa","6/7/20","593","50","19179","8.43"
"Warren","6","174","Iowa","6/7/20","132","42","19181","31.82"
"Washington","2","200","Iowa","6/7/20","189","11","19183","5.82"
"Wayne","0","2","Iowa","6/7/20","1","1","19185","100"
"Webster","6","81","Iowa","6/7/20","40","41","19187","102.5"
"Winnebago","0","11","Iowa","6/7/20","11","0","19189","0"
"Winneshiek","0","24","Iowa","6/7/20","24","0","19191","0"
"Woodbury","24","2915","Iowa","6/7/20","2750","165","19193","6"
"Worth","0","3","Iowa","6/7/20","3","0","19195","0"
"Wright","10","242","Iowa","6/7/20","169","73","19197","43.2"
"Allen","0","1","Kansas","6/7/20","1","0","20001","0"
"Anderson","0","1","Kansas","6/7/20","1","0","20003","0"
"Atchison","0","23","Kansas","6/7/20","22","1","20005","4.55"
"Barber","0","1","Kansas","6/7/20","1","0","20007","0"
"Barton","0","45","Kansas","6/7/20","45","0","20009","0"
"Bourbon","0","8","Kansas","6/7/20","7","1","20011","14.29"
"Brown","0","9","Kansas","6/7/20","6","3","20013","50"
"Butler","1","37","Kansas","6/7/20","31","6","20015","19.35"
"Chase","0","4","Kansas","6/7/20","4","0","20017","0"
"Chautauqua","0","4","Kansas","6/7/20","4","0","20019","0"
"Cherokee","0","10","Kansas","6/7/20","10","0","20021","0"
"Cheyenne","0","2","Kansas","6/7/20","2","0","20023","0"
"Clark","0","33","Kansas","6/7/20","33","0","20025","0"
"Clay","0","5","Kansas","6/7/20","5","0","20027","0"
"Cloud","0","5","Kansas","6/7/20","5","0","20029","0"
"Coffey","0","51","Kansas","6/7/20","50","1","20031","2"
"Comanche","0","2","Kansas","6/7/20","2","0","20033","0"
"Cowley","3","25","Kansas","6/7/20","5","20","20035","400"
"Crawford","0","8","Kansas","6/7/20","8","0","20037","0"
"Dickinson","0","5","Kansas","6/7/20","3","2","20041","66.67"
"Doniphan","0","18","Kansas","6/7/20","15","3","20043","20"
"Douglas","1","70","Kansas","6/7/20","66","4","20045","6.06"
"Edwards","0","5","Kansas","6/7/20","5","0","20047","0"
"Ellis","0","10","Kansas","6/7/20","8","2","20051","25"
"Ellsworth","0","2","Kansas","6/7/20","2","0","20053","0"
"Finney","6","1526","Kansas","6/7/20","1481","45","20055","3.04"
"Ford","11","1819","Kansas","6/7/20","1742","77","20057","4.42"
"Franklin","0","35","Kansas","6/7/20","34","1","20059","2.94"
"Geary","1","26","Kansas","6/7/20","20","6","20061","30"
"Gove","0","1","Kansas","6/7/20","1","0","20063","0"
"Grant","0","18","Kansas","6/7/20","18","0","20067","0"
"Gray","0","23","Kansas","6/7/20","22","1","20069","4.55"
"Greenwood","0","9","Kansas","6/7/20","9","0","20073","0"
"Hamilton","0","20","Kansas","6/7/20","17","3","20075","17.65"
"Harper","0","2","Kansas","6/7/20","2","0","20077","0"
"Harvey","0","11","Kansas","6/7/20","11","0","20079","0"
"Haskell","0","22","Kansas","6/7/20","21","1","20081","4.76"
"Hodgeman","0","5","Kansas","6/7/20","5","0","20083","0"
"Jackson","1","102","Kansas","6/7/20","96","6","20085","6.25"
"Jefferson","0","22","Kansas","6/7/20","22","0","20087","0"
"Jewell","0","4","Kansas","6/7/20","4","0","20089","0"
"Johnson","18","940","Kansas","6/7/20","812","128","20091","15.76"
"Kearny","0","45","Kansas","6/7/20","45","0","20093","0"
"Kiowa","0","3","Kansas","6/7/20","2","1","20097","50"
"Labette","0","22","Kansas","6/7/20","22","0","20099","0"
"Lane","0","4","Kansas","6/7/20","3","1","20101","33.33"
"Leavenworth","3","1100","Kansas","6/7/20","1082","18","20103","1.66"
"Linn","0","11","Kansas","6/7/20","11","0","20107","0"
"Lyon","5","387","Kansas","6/7/20","354","33","20111","9.32"
"Marion","0","5","Kansas","6/7/20","5","0","20115","0"
"McPherson","1","33","Kansas","6/7/20","27","6","20113","22.22"
"Meade","0","30","Kansas","6/7/20","29","1","20119","3.45"
"Miami","0","7","Kansas","6/7/20","7","0","20121","0"
"Mitchell","0","4","Kansas","6/7/20","4","0","20123","0"
"Montgomery","0","20","Kansas","6/7/20","20","0","20125","0"
"Morris","0","5","Kansas","6/7/20","5","0","20127","0"
"Morton","0","6","Kansas","6/7/20","5","1","20129","20"
"Nemaha","0","19","Kansas","6/7/20","16","3","20131","18.75"
"Neosho","0","3","Kansas","6/7/20","2","1","20133","50"
"Ness","0","4","Kansas","6/7/20","1","3","20135","300"
"Norton","0","2","Kansas","6/7/20","2","0","20137","0"
"Osage","0","9","Kansas","6/7/20","7","2","20139","28.57"
"Osborne","0","2","Kansas","6/7/20","2","0","20141","0"
"Ottawa","0","4","Kansas","6/7/20","4","0","20143","0"
"Pawnee","0","2","Kansas","6/7/20","0","2","20145","1"
"Phillips","0","2","Kansas","6/7/20","2","0","20147","0"
"Pottawatomie","0","27","Kansas","6/7/20","25","2","20149","8"
"Pratt","0","2","Kansas","6/7/20","2","0","20151","0"
"Reno","0","45","Kansas","6/7/20","43","2","20155","4.65"
"Republic","0","4","Kansas","6/7/20","4","0","20157","0"
"Rice","0","4","Kansas","6/7/20","4","0","20159","0"
"Riley","1","68","Kansas","6/7/20","64","4","20161","6.25"
"Rooks","0","7","Kansas","6/7/20","6","1","20163","16.67"
"Saline","0","25","Kansas","6/7/20","25","0","20169","0"
"Scott","0","14","Kansas","6/7/20","14","0","20171","0"
"Sedgwick","11","654","Kansas","6/7/20","580","74","20173","12.76"
"Seward","1","891","Kansas","6/7/20","883","8","20175","0.91"
"Shawnee","10","372","Kansas","6/7/20","300","72","20177","24"
"Sheridan","0","2","Kansas","6/7/20","2","0","20179","0"
"Sherman","0","7","Kansas","6/7/20","7","0","20181","0"
"Smith","0","2","Kansas","6/7/20","2","0","20183","0"
"Stafford","0","1","Kansas","6/7/20","1","0","20185","0"
"Stanton","0","10","Kansas","6/7/20","9","1","20187","11.11"
"Stevens","0","30","Kansas","6/7/20","30","0","20189","0"
"Sumner","0","8","Kansas","6/7/20","8","0","20191","0"
"Trego","0","1","Kansas","6/7/20","1","0","20195","0"
"Wabaunsee","0","31","Kansas","6/7/20","31","0","20197","0"
"Wilson","0","1","Kansas","6/7/20","1","0","20205","0"
"Woodson","0","6","Kansas","6/7/20","6","0","20207","0"
"Wyandotte","23","1496","Kansas","6/7/20","1337","159","20209","11.89"
"Adair","0","99","Kentucky","6/7/20","97","2","21001","2.06"
"Allen","5","102","Kentucky","6/7/20","70","32","21003","45.71"
"Anderson","1","25","Kentucky","6/7/20","18","7","21005","38.89"
"Ballard","0","13","Kentucky","6/7/20","12","1","21007","8.33"
"Barren","1","53","Kentucky","6/7/20","45","8","21009","17.78"
"Bath","0","9","Kentucky","6/7/20","9","0","21011","0"
"Bell","0","2","Kentucky","6/7/20","1","1","21013","100"
"Boone","11","516","Kentucky","6/7/20","436","80","21015","18.35"
"Bourbon","0","14","Kentucky","6/7/20","11","3","21017","27.27"
"Boyd","0","42","Kentucky","6/7/20","39","3","21019","7.69"
"Boyle","0","28","Kentucky","6/7/20","25","3","21021","12"
"Bracken","0","14","Kentucky","6/7/20","12","2","21023","16.67"
"Breathitt","0","3","Kentucky","6/7/20","3","0","21025","0"
"Breckinridge","0","19","Kentucky","6/7/20","17","2","21027","11.76"
"Bullitt","1","121","Kentucky","6/7/20","111","10","21029","9.01"
"Butler","1","237","Kentucky","6/7/20","228","9","21031","3.95"
"Caldwell","0","12","Kentucky","6/7/20","12","0","21033","0"
"Calloway","1","55","Kentucky","6/7/20","50","5","21035","10"
"Campbell","3","196","Kentucky","6/7/20","173","23","21037","13.29"
"Carlisle","0","5","Kentucky","6/7/20","5","0","21039","0"
"Carroll","0","15","Kentucky","6/7/20","12","3","21041","25"
"Carter","1","17","Kentucky","6/7/20","11","6","21043","54.55"
"Casey","1","8","Kentucky","6/7/20","3","5","21045","166.67"
"Christian","2","127","Kentucky","6/7/20","110","17","21047","15.45"
"Clark","2","58","Kentucky","6/7/20","41","17","21049","41.46"
"Clay","0","8","Kentucky","6/7/20","7","1","21051","14.29"
"Clinton","0","5","Kentucky","6/7/20","3","2","21053","66.67"
"Crittenden","0","7","Kentucky","6/7/20","6","1","21055","16.67"
"Cumberland","0","5","Kentucky","6/7/20","5","0","21057","0"
"Daviess","3","340","Kentucky","6/7/20","317","23","21059","7.26"
"Edmonson","0","58","Kentucky","6/7/20","56","2","21061","3.57"
"Elliott","0","1","Kentucky","6/7/20","1","0","21063","0"
"Estill","0","1","Kentucky","6/7/20","0","1","21065","1"
"Fayette","20","854","Kentucky","6/7/20","714","140","21067","19.61"
"Fleming","0","2","Kentucky","6/7/20","3","-1","21069","-33.33"
"Floyd","0","17","Kentucky","6/7/20","16","1","21071","6.25"
"Franklin","6","77","Kentucky","6/7/20","38","39","21073","102.63"
"Fulton","1","11","Kentucky","6/7/20","7","4","21075","57.14"
"Gallatin","1","46","Kentucky","6/7/20","36","10","21077","27.78"
"Garrard","0","5","Kentucky","6/7/20","5","0","21079","0"
"Grant","1","47","Kentucky","6/7/20","42","5","21081","11.9"
"Graves","0","166","Kentucky","6/7/20","165","1","21083","0.61"
"Grayson","2","135","Kentucky","6/7/20","124","11","21085","8.87"
"Green","0","2","Kentucky","6/7/20","1","1","21087","100"
"Greenup","0","14","Kentucky","6/7/20","14","0","21089","0"
"Hancock","0","7","Kentucky","6/7/20","7","0","21091","0"
"Hardin","3","120","Kentucky","6/7/20","102","18","21093","17.65"
"Harlan","0","4","Kentucky","6/7/20","1","3","21095","300"
"Harrison","1","28","Kentucky","6/7/20","18","10","21097","55.56"
"Hart","1","27","Kentucky","6/7/20","22","5","21099","22.73"
"Henderson","1","119","Kentucky","6/7/20","110","9","21101","8.18"
"Henry","0","24","Kentucky","6/7/20","22","2","21103","9.09"
"Hickman","0","5","Kentucky","6/7/20","5","0","21105","0"
"Hopkins","0","224","Kentucky","6/7/20","221","3","21107","1.36"
"Jackson","0","61","Kentucky","6/7/20","61","0","21109","0"
"Jefferson","87","3043","Kentucky","6/7/20","2437","606","21111","24.87"
"Jessamine","2","73","Kentucky","6/7/20","62","11","21113","17.74"
"Johnson","0","5","Kentucky","6/7/20","5","0","21115","0"
"Kenton","12","671","Kentucky","6/7/20","585","86","21117","14.7"
"Knott","0","4","Kentucky","6/7/20","4","0","21119","0"
"Knox","0","10","Kentucky","6/7/20","8","2","21121","25"
"Larue","0","11","Kentucky","6/7/20","8","3","21123","37.5"
"Laurel","0","21","Kentucky","6/7/20","21","0","21125","0"
"Lawrence","0","5","Kentucky","6/7/20","2","3","21127","150"
"Lee","0","1","Kentucky","6/7/20","1","0","21129","0"
"Leslie","0","6","Kentucky","6/7/20","6","0","21131","0"
"Letcher","0","3","Kentucky","6/7/20","4","-1","21133","-25"
"Lewis","0","7","Kentucky","6/7/20","7","0","21135","0"
"Lincoln","0","11","Kentucky","6/7/20","8","3","21137","37.5"
"Livingston","0","9","Kentucky","6/7/20","9","0","21139","0"
"Logan","3","168","Kentucky","6/7/20","145","23","21141","15.86"
"Lyon","0","17","Kentucky","6/7/20","15","2","21143","13.33"
"Madison","1","59","Kentucky","6/7/20","55","4","21151","7.27"
"Magoffin","0","2","Kentucky","6/7/20","2","0","21153","0"
"Marion","2","34","Kentucky","6/7/20","21","13","21155","61.9"
"Marshall","0","37","Kentucky","6/7/20","38","-1","21157","-2.63"
"Martin","0","3","Kentucky","6/7/20","3","0","21159","0"
"Mason","0","12","Kentucky","6/7/20","9","3","21161","33.33"
"McCracken","2","112","Kentucky","6/7/20","95","17","21145","17.89"
"McCreary","0","13","Kentucky","6/7/20","13","0","21147","0"
"McLean","0","22","Kentucky","6/7/20","22","0","21149","0"
"Meade","0","23","Kentucky","6/7/20","22","1","21163","4.55"
"Menifee","0","10","Kentucky","6/7/20","10","0","21165","0"
"Mercer","0","15","Kentucky","6/7/20","13","2","21167","15.38"
"Metcalfe","0","7","Kentucky","6/7/20","6","1","21169","16.67"
"Monroe","1","25","Kentucky","6/7/20","17","8","21171","47.06"
"Montgomery","1","30","Kentucky","6/7/20","24","6","21173","25"
"Morgan","0","3","Kentucky","6/7/20","1","2","21175","200"
"Muhlenberg","0","485","Kentucky","6/7/20","483","2","21177","0.41"
"Nelson","1","45","Kentucky","6/7/20","41","4","21179","9.76"
"Nicholas","0","4","Kentucky","6/7/20","3","1","21181","33.33"
"Ohio","1","151","Kentucky","6/7/20","144","7","21183","4.86"
"Oldham","4","109","Kentucky","6/7/20","83","26","21185","31.33"
"Owen","0","3","Kentucky","6/7/20","2","1","21187","50"
"Owsley","0","2","Kentucky","6/7/20","2","0","21189","0"
"Pendleton","1","14","Kentucky","6/7/20","9","5","21191","55.56"
"Perry","0","22","Kentucky","6/7/20","19","3","21193","15.79"
"Pike","1","36","Kentucky","6/7/20","29","7","21195","24.14"
"Powell","0","1","Kentucky","6/7/20","1","0","21197","0"
"Pulaski","1","65","Kentucky","6/7/20","58","7","21199","12.07"
"Rockcastle","0","13","Kentucky","6/7/20","13","0","21203","0"
"Rowan","0","8","Kentucky","6/7/20","7","1","21205","14.29"
"Russell","1","30","Kentucky","6/7/20","24","6","21207","25"
"Scott","0","37","Kentucky","6/7/20","35","2","21209","5.71"
"Shelby","7","216","Kentucky","6/7/20","164","52","21211","31.71"
"Simpson","0","54","Kentucky","6/7/20","52","2","21213","3.85"
"Spencer","0","25","Kentucky","6/7/20","22","3","21215","13.64"
"Taylor","0","13","Kentucky","6/7/20","11","2","21217","18.18"
"Todd","1","23","Kentucky","6/7/20","17","6","21219","35.29"
"Trigg","0","11","Kentucky","6/7/20","10","1","21221","10"
"Trimble","0","6","Kentucky","6/7/20","6","0","21223","0"
"Union","1","15","Kentucky","6/7/20","11","4","21225","36.36"
"Warren","15","1112","Kentucky","6/7/20","1007","105","21227","10.43"
"Washington","0","8","Kentucky","6/7/20","6","2","21229","33.33"
"Wayne","0","9","Kentucky","6/7/20","8","1","21231","12.5"
"Webster","0","34","Kentucky","6/7/20","32","2","21233","6.25"
"Whitley","0","13","Kentucky","6/7/20","13","0","21235","0"
"Wolfe","0","1","Kentucky","6/7/20","1","0","21237","0"
"Woodford","1","33","Kentucky","6/7/20","27","6","21239","22.22"
"Acadia","12","502","Louisiana","6/7/20","418","84","22001","20.1"
"Allen","0","186","Louisiana","6/7/20","184","2","22003","1.09"
"Ascension","9","882","Louisiana","6/7/20","820","62","22005","7.56"
"Assumption","1","257","Louisiana","6/7/20","252","5","22007","1.98"
"Avoyelles","5","161","Louisiana","6/7/20","128","33","22009","25.78"
"Beauregard","5","101","Louisiana","6/7/20","66","35","22011","53.03"
"Bienville","1","153","Louisiana","6/7/20","146","7","22013","4.79"
"Bossier","7","463","Louisiana","6/7/20","415","48","22015","11.57"
"Caddo","24","2731","Louisiana","6/7/20","2562","169","22017","6.6"
"Calcasieu","5","637","Louisiana","6/7/20","599","38","22019","6.34"
"Caldwell","2","71","Louisiana","6/7/20","54","17","22021","31.48"
"Cameron","0","9","Louisiana","6/7/20","6","3","22023","50"
"Catahoula","1","121","Louisiana","6/7/20","113","8","22025","7.08"
"Claiborne","0","66","Louisiana","6/7/20","66","0","22027","0"
"Concordia","1","96","Louisiana","6/7/20","87","9","22029","10.34"
"De Soto","2","262","Louisiana","6/7/20","247","15","22031","6.07"
"East Baton Rouge","47","3949","Louisiana","6/7/20","3618","331","22033","9.15"
"East Carroll","7","195","Louisiana","6/7/20","148","47","22035","31.76"
"East Feliciana","1","201","Louisiana","6/7/20","194","7","22037","3.61"
"Evangeline","1","84","Louisiana","6/7/20","78","6","22039","7.69"
"Franklin","8","386","Louisiana","6/7/20","332","54","22041","16.27"
"Grant","2","44","Louisiana","6/7/20","28","16","22043","57.14"
"Iberia","2","424","Louisiana","6/7/20","408","16","22045","3.92"
"Iberville","4","596","Louisiana","6/7/20","567","29","22047","5.11"
"Jackson","4","131","Louisiana","6/7/20","106","25","22049","23.58"
"Jefferson","40","7862","Louisiana","6/7/20","7584","278","22051","3.67"
"Jefferson Davis","2","91","Louisiana","6/7/20","76","15","22053","19.74"
"Lafayette","16","880","Louisiana","6/7/20","768","112","22055","14.58"
"Lafourche","12","902","Louisiana","6/7/20","821","81","22057","9.87"
"LaSalle","1","61","Louisiana","6/7/20","51","10","22059","19.61"
"Lincoln","2","173","Louisiana","6/7/20","157","16","22061","10.19"
"Livingston","6","464","Louisiana","6/7/20","422","42","22063","9.95"
"Madison","16","209","Louisiana","6/7/20","97","112","22065","115.46"
"Morehouse","2","133","Louisiana","6/7/20","122","11","22067","9.02"
"Natchitoches","1","177","Louisiana","6/7/20","169","8","22069","4.73"
"Orleans","15","7230","Louisiana","6/7/20","7127","103","22071","1.45"
"Ouachita","32","1470","Louisiana","6/7/20","1248","222","22073","17.79"
"Plaquemines","1","218","Louisiana","6/7/20","211","7","22075","3.32"
"Pointe Coupee","2","213","Louisiana","6/7/20","197","16","22077","8.12"
"Rapides","24","957","Louisiana","6/7/20","790","167","22079","21.14"
"Red River","0","51","Louisiana","6/7/20","50","1","22081","2"
"Richland","3","153","Louisiana","6/7/20","135","18","22083","13.33"
"Sabine","1","51","Louisiana","6/7/20","46","5","22085","10.87"
"St. Bernard","2","552","Louisiana","6/7/20","536","16","22087","2.99"
"St. Charles","2","649","Louisiana","6/7/20","638","11","22089","1.72"
"St. Helena","1","55","Louisiana","6/7/20","51","4","22091","7.84"
"St. James","1","304","Louisiana","6/7/20","294","10","22093","3.4"
"St. John the Baptist","2","877","Louisiana","6/7/20","860","17","22095","1.98"
"St. Landry","7","309","Louisiana","6/7/20","257","52","22097","20.23"
"St. Martin","-2","286","Louisiana","6/7/20","298","-12","22099","-4.03"
"St. Mary","3","339","Louisiana","6/7/20","319","20","22101","6.27"
"St. Tammany","14","1846","Louisiana","6/7/20","1749","97","22103","5.55"
"Tangipahoa","12","944","Louisiana","6/7/20","858","86","22105","10.02"
"Tensas","1","21","Louisiana","6/7/20","11","10","22107","90.91"
"Terrebonne","9","744","Louisiana","6/7/20","679","65","22109","9.57"
"Union","4","348","Louisiana","6/7/20","317","31","22111","9.78"
"Vermilion","1","61","Louisiana","6/7/20","53","8","22113","15.09"
"Vernon","1","34","Louisiana","6/7/20","26","8","22115","30.77"
"Washington","6","465","Louisiana","6/7/20","425","40","22117","9.41"
"Webster","5","182","Louisiana","6/7/20","147","35","22119","23.81"
"West Baton Rouge","3","185","Louisiana","6/7/20","166","19","22121","11.45"
"West Carroll","3","84","Louisiana","6/7/20","62","22","22123","35.48"
"West Feliciana","2","222","Louisiana","6/7/20","209","13","22125","6.22"
"Winn","3","186","Louisiana","6/7/20","164","22","22127","13.41"
"Androscoggin","10","367","Maine","6/7/20","298","69","23001","23.15"
"Aroostook","0","10","Maine","6/7/20","10","0","23003","0"
"Cumberland","19","1307","Maine","6/7/20","1175","132","23005","11.23"
"Franklin","0","36","Maine","6/7/20","36","0","23007","0"
"Hancock","0","12","Maine","6/7/20","11","1","23009","9.09"
"Kennebec","0","130","Maine","6/7/20","128","2","23011","1.56"
"Knox","0","21","Maine","6/7/20","20","1","23013","5"
"Lincoln","0","20","Maine","6/7/20","20","0","23015","0"
"Oxford","0","31","Maine","6/7/20","34","-3","23017","-8.82"
"Penobscot","0","101","Maine","6/7/20","100","1","23019","1"
"Piscataquis","0","1","Maine","6/7/20","1","0","23021","0"
"Sagadahoc","0","30","Maine","6/7/20","30","0","23023","0"
"Somerset","0","22","Maine","6/7/20","22","0","23025","0"
"Waldo","0","52","Maine","6/7/20","51","1","23027","1.96"
"Washington","0","1","Maine","6/7/20","2","-1","23029","-50"
"York","6","427","Maine","6/7/20","385","42","23031","10.91"
"Allegany","1","184","Maryland","6/7/20","178","6","24001","3.37"
"Anne Arundel","64","4236","Maryland","6/7/20","3785","451","24003","11.92"
"Baltimore","98","6753","Maryland","6/7/20","6065","688","24005","11.34"
"Baltimore City","81","6229","Maryland","6/7/20","5664","565","24510","9.98"
"Calvert","2","358","Maryland","6/7/20","341","17","24009","4.99"
"Caroline","2","272","Maryland","6/7/20","259","13","24011","5.02"
"Carroll","6","952","Maryland","6/7/20","913","39","24013","4.27"
"Cecil","5","404","Maryland","6/7/20","371","33","24015","8.89"
"Charles","13","1202","Maryland","6/7/20","1108","94","24017","8.48"
"Dorchester","2","155","Maryland","6/7/20","142","13","24019","9.15"
"Frederick","29","2114","Maryland","6/7/20","1911","203","24021","10.62"
"Garrett","0","10","Maryland","6/7/20","10","0","24023","0"
"Harford","11","957","Maryland","6/7/20","882","75","24025","8.5"
"Howard","28","2125","Maryland","6/7/20","1928","197","24027","10.22"
"Kent","2","187","Maryland","6/7/20","173","14","24029","8.09"
"Montgomery","196","12734","Maryland","6/7/20","11361","1373","24031","12.09"
"Prince George's","173","16434","Maryland","6/7/20","15220","1214","24033","7.98"
"Queen Anne's","1","170","Maryland","6/7/20","160","10","24035","6.25"
"Somerset","0","76","Maryland","6/7/20","73","3","24039","4.11"
"St. Mary's","8","553","Maryland","6/7/20","499","54","24037","10.82"
"Talbot","1","108","Maryland","6/7/20","99","9","24041","9.09"
"Washington","11","548","Maryland","6/7/20","469","79","24043","16.84"
"Wicomico","3","977","Maryland","6/7/20","953","24","24045","2.52"
"Worcester","3","235","Maryland","6/7/20","214","21","24047","9.81"
"Barnstable","5","1456","Massachusetts","6/7/20","1420","36","25001","2.54"
"Berkshire","1","574","Massachusetts","6/7/20","567","7","25003","1.23"
"Bristol","52","7683","Massachusetts","6/7/20","7322","361","25005","4.93"
"Dukes and Nantucket","0","55","Massachusetts","6/7/20","53","2","00000","3.77"
"Essex","80","15217","Massachusetts","6/7/20","14658","559","25009","3.81"
"Franklin","0","338","Massachusetts","6/7/20","335","3","25011","0.9"
"Hampden","27","6353","Massachusetts","6/7/20","6165","188","25013","3.05"
"Hampshire","3","905","Massachusetts","6/7/20","885","20","25015","2.26"
"Middlesex","86","22754","Massachusetts","6/7/20","22150","604","25017","2.73"
"Norfolk","21","8713","Massachusetts","6/7/20","8568","145","25021","1.69"
"Plymouth","27","8363","Massachusetts","6/7/20","8171","192","25023","2.35"
"Suffolk","67","19001","Massachusetts","6/7/20","18533","468","25025","2.53"
"Worcester","61","11732","Massachusetts","6/7/20","11307","425","25027","3.76"
"Alcona","0","20","Michigan","6/7/20","18","2","26001","11.11"
"Allegan","3","273","Michigan","6/7/20","255","18","26005","7.06"
"Alpena","2","112","Michigan","6/7/20","101","11","26007","10.89"
"Antrim","0","14","Michigan","6/7/20","13","1","26009","7.69"
"Arenac","0","38","Michigan","6/7/20","38","0","26011","0"
"Baraga","0","1","Michigan","6/7/20","1","0","26013","0"
"Barry","1","88","Michigan","6/7/20","80","8","26015","10"
"Bay","3","370","Michigan","6/7/20","346","24","26017","6.94"
"Benzie","0","5","Michigan","6/7/20","4","1","26019","25"
"Berrien","6","803","Michigan","6/7/20","761","42","26021","5.52"
"Branch","3","153","Michigan","6/7/20","133","20","26023","15.04"
"Calhoun","7","466","Michigan","6/7/20","416","50","26025","12.02"
"Cass","2","110","Michigan","6/7/20","96","14","26027","14.58"
"Charlevoix","0","19","Michigan","6/7/20","18","1","26029","5.56"
"Cheboygan","0","26","Michigan","6/7/20","26","0","26031","0"
"Chippewa","0","3","Michigan","6/7/20","3","0","26033","0"
"Clare","1","24","Michigan","6/7/20","20","4","26035","20"
"Clinton","1","184","Michigan","6/7/20","175","9","26037","5.14"
"Crawford","0","63","Michigan","6/7/20","62","1","26039","1.61"
"Delta","0","20","Michigan","6/7/20","20","0","26041","0"
"Dickinson","0","6","Michigan","6/7/20","5","1","26043","20"
"Eaton","1","251","Michigan","6/7/20","244","7","26045","2.87"
"Emmet","0","26","Michigan","6/7/20","26","0","26047","0"
"Federal Correctional Institution (FCI)","1","156","Michigan","6/7/20","146","10","00000","6.85"
"Genesee","13","2553","Michigan","6/7/20","2459","94","26049","3.82"
"Gladwin","0","19","Michigan","6/7/20","18","1","26051","5.56"
"Gogebic","0","5","Michigan","6/7/20","5","0","26053","0"
"Grand Traverse","1","34","Michigan","6/7/20","28","6","26055","21.43"
"Gratiot","1","88","Michigan","6/7/20","83","5","26057","6.02"
"Hillsdale","0","179","Michigan","6/7/20","176","3","26059","1.7"
"Houghton","0","7","Michigan","6/7/20","6","1","26061","16.67"
"Huron","0","59","Michigan","6/7/20","56","3","26063","5.36"
"Ingham","5","807","Michigan","6/7/20","775","32","26065","4.13"
"Ionia","1","176","Michigan","6/7/20","166","10","26067","6.02"
"Iosco","0","110","Michigan","6/7/20","109","1","26069","0.92"
"Iron","0","2","Michigan","6/7/20","0","2","26071","1"
"Isabella","0","94","Michigan","6/7/20","92","2","26073","2.17"
"Jackson","2","484","Michigan","6/7/20","470","14","26075","2.98"
"Kalamazoo","6","935","Michigan","6/7/20","894","41","26077","4.59"
"Kalkaska","0","30","Michigan","6/7/20","30","0","26079","0"
"Kent","39","4228","Michigan","6/7/20","3953","275","26081","6.96"
"Lake","0","7","Michigan","6/7/20","7","0","26085","0"
"Lapeer","1","225","Michigan","6/7/20","217","8","26087","3.69"
"Leelanau","0","11","Michigan","6/7/20","11","0","26089","0"
"Lenawee","1","191","Michigan","6/7/20","186","5","26091","2.69"
"Livingston","3","517","Michigan","6/7/20","493","24","26093","4.87"
"Luce","0","3","Michigan","6/7/20","3","0","26095","0"
"Mackinac","0","8","Michigan","6/7/20","8","0","26097","0"
"Macomb","21","6992","Michigan","6/7/20","6842","150","26099","2.19"
"Manistee","0","12","Michigan","6/7/20","12","0","26101","0"
"Marquette","0","59","Michigan","6/7/20","56","3","26103","5.36"
"Mason","0","38","Michigan","6/7/20","38","0","26105","0"
"Mecosta","0","24","Michigan","6/7/20","24","0","26107","0"
"Menominee","0","9","Michigan","6/7/20","8","1","26109","12.5"
"Michigan Department of Corrections (MDOC)","12","4120","Michigan","6/7/20","4037","83","00000","2.06"
"Midland","2","138","Michigan","6/7/20","121","17","26111","14.05"
"Missaukee","0","22","Michigan","6/7/20","22","0","26113","0"
"Monroe","4","559","Michigan","6/7/20","530","29","26115","5.47"
"Montcalm","1","80","Michigan","6/7/20","72","8","26117","11.11"
"Montmorency","0","5","Michigan","6/7/20","5","0","26119","0"
"Muskegon","9","717","Michigan","6/7/20","652","65","26121","9.97"
"Newaygo","2","122","Michigan","6/7/20","110","12","26123","10.91"
"Oakland","65","11235","Michigan","6/7/20","10781","454","26125","4.21"
"Oceana","1","103","Michigan","6/7/20","93","10","26127","10.75"
"Ogemaw","0","31","Michigan","6/7/20","29","2","26129","6.9"
"Osceola","0","18","Michigan","6/7/20","15","3","26133","20"
"Oscoda","0","8","Michigan","6/7/20","8","0","26135","0"
"Otsego","0","120","Michigan","6/7/20","120","0","26137","0"
"Ottawa","9","900","Michigan","6/7/20","840","60","26139","7.14"
"Out of MI","-3","22","Michigan","6/7/20","42","-20","80026","-47.62"
"Presque Isle","0","11","Michigan","6/7/20","11","0","26141","0"
"Roscommon","0","24","Michigan","6/7/20","24","0","26143","0"
"Saginaw","10","1136","Michigan","6/7/20","1063","73","26145","6.87"
"Sanilac","0","42","Michigan","6/7/20","42","0","26151","0"
"Schoolcraft","0","4","Michigan","6/7/20","4","0","26153","0"
"Shiawassee","0","261","Michigan","6/7/20","261","0","26155","0"
"St. Clair","0","513","Michigan","6/7/20","510","3","26147","0.59"
"St. Joseph","5","159","Michigan","6/7/20","123","36","26149","29.27"
"Tuscola","2","205","Michigan","6/7/20","190","15","26157","7.89"
"Van Buren","4","191","Michigan","6/7/20","165","26","26159","15.76"
"Washtenaw","5","1545","Michigan","6/7/20","1513","32","26161","2.12"
"Wayne","63","21521","Michigan","6/7/20","21079","442","26163","2.1"
"Wexford","0","14","Michigan","6/7/20","13","1","26165","7.69"
"Aitkin","1","12","Minnesota","6/7/20","8","4","27001","50"
"Anoka","27","1585","Minnesota","6/7/20","1399","186","27003","13.3"
"Becker","1","44","Minnesota","6/7/20","40","4","27005","10"
"Beltrami","1","21","Minnesota","6/7/20","15","6","27007","40"
"Benton","2","188","Minnesota","6/7/20","177","11","27009","6.21"
"Big Stone","1","12","Minnesota","6/7/20","5","7","27011","140"
"Blue Earth","2","152","Minnesota","6/7/20","140","12","27013","8.57"
"Brown","0","18","Minnesota","6/7/20","16","2","27015","12.5"
"Carlton","1","77","Minnesota","6/7/20","73","4","27017","5.48"
"Carver","6","250","Minnesota","6/7/20","210","40","27019","19.05"
"Cass","0","11","Minnesota","6/7/20","14","-3","27021","-21.43"
"Chippewa","0","52","Minnesota","6/7/20","51","1","27023","1.96"
"Chisago","1","70","Minnesota","6/7/20","61","9","27025","14.75"
"Clay","6","462","Minnesota","6/7/20","423","39","27027","9.22"
"Clearwater","0","3","Minnesota","6/7/20","3","0","27029","0"
"Cottonwood","2","90","Minnesota","6/7/20","75","15","27033","20"
"Crow Wing","2","82","Minnesota","6/7/20","71","11","27035","15.49"
"Dakota","25","1504","Minnesota","6/7/20","1327","177","27037","13.34"
"Dodge","0","55","Minnesota","6/7/20","52","3","27039","5.77"
"Douglas","1","47","Minnesota","6/7/20","42","5","27041","11.9"
"Faribault","1","23","Minnesota","6/7/20","18","5","27043","27.78"
"Fillmore","0","20","Minnesota","6/7/20","17","3","27045","17.65"
"Freeborn","9","177","Minnesota","6/7/20","117","60","27047","51.28"
"Goodhue","2","77","Minnesota","6/7/20","66","11","27049","16.67"
"Grant","0","5","Minnesota","6/7/20","4","1","27051","25"
"Hennepin","140","9372","Minnesota","6/7/20","8393","979","27053","11.66"
"Houston","0","3","Minnesota","6/7/20","2","1","27055","50"
"Hubbard","0","4","Minnesota","6/7/20","2","2","27057","100"
"Isanti","1","39","Minnesota","6/7/20","35","4","27059","11.43"
"Itasca","0","56","Minnesota","6/7/20","54","2","27061","3.7"
"Jackson","0","42","Minnesota","6/7/20","39","3","27063","7.69"
"Kanabec","0","12","Minnesota","6/7/20","11","1","27065","9.09"
"Kandiyohi","4","521","Minnesota","6/7/20","496","25","27067","5.04"
"Kittson","0","1","Minnesota","6/7/20","1","0","27069","0"
"Koochiching","0","9","Minnesota","6/7/20","8","1","27071","12.5"
"Lac qui Parle","0","3","Minnesota","6/7/20","3","0","27073","0"
"Lake","0","1","Minnesota","6/7/20","1","0","27075","0"
"Le Sueur","1","49","Minnesota","6/7/20","44","5","27079","11.36"
"Lincoln","0","6","Minnesota","6/7/20","5","1","27081","20"
"Lyon","11","133","Minnesota","6/7/20","56","77","27083","137.5"
"Mahnomen","0","6","Minnesota","6/7/20","6","0","27087","0"
"Marshall","0","12","Minnesota","6/7/20","12","0","27089","0"
"Martin","1","137","Minnesota","6/7/20","130","7","27091","5.38"
"McLeod","1","43","Minnesota","6/7/20","37","6","27085","16.22"
"Meeker","0","46","Minnesota","6/7/20","45","1","27093","2.22"
"Mille Lacs","1","24","Minnesota","6/7/20","19","5","27095","26.32"
"Morrison","1","51","Minnesota","6/7/20","46","5","27097","10.87"
"Mower","27","504","Minnesota","6/7/20","318","186","27099","58.49"
"Murray","0","41","Minnesota","6/7/20","39","2","27101","5.13"
"Nicollet","0","89","Minnesota","6/7/20","87","2","27103","2.3"
"Nobles","8","1592","Minnesota","6/7/20","1539","53","27105","3.44"
"Norman","0","15","Minnesota","6/7/20","13","2","27107","15.38"
"Olmsted","12","711","Minnesota","6/7/20","626","85","27109","13.58"
"Otter Tail","1","76","Minnesota","6/7/20","68","8","27111","11.76"
"Pennington","2","34","Minnesota","6/7/20","19","15","27113","78.95"
"Pine","1","93","Minnesota","6/7/20","89","4","27115","4.49"
"Pipestone","0","14","Minnesota","6/7/20","12","2","27117","16.67"
"Polk","0","64","Minnesota","6/7/20","61","3","27119","4.92"
"Pope","0","10","Minnesota","6/7/20","9","1","27121","11.11"
"Ramsey","70","3507","Minnesota","6/7/20","3019","488","27123","16.16"
"Red Lake","0","4","Minnesota","6/7/20","4","0","27125","0"
"Redwood","0","7","Minnesota","6/7/20","5","2","27127","40"
"Renville","0","8","Minnesota","6/7/20","5","3","27129","60"
"Rice","16","576","Minnesota","6/7/20","462","114","27131","24.68"
"Rock","0","23","Minnesota","6/7/20","22","1","27133","4.55"
"Roseau","0","4","Minnesota","6/7/20","2","2","27135","100"
"Scott","9","486","Minnesota","6/7/20","426","60","27139","14.08"
"Sherburne","2","254","Minnesota","6/7/20","243","11","27141","4.53"
"Sibley","0","19","Minnesota","6/7/20","16","3","27143","18.75"
"St. Louis","0","119","Minnesota","6/7/20","118","1","27137","0.85"
"Stearns","7","2070","Minnesota","6/7/20","2021","49","27145","2.42"
"Steele","2","172","Minnesota","6/7/20","158","14","27147","8.86"
"Stevens","0","1","Minnesota","6/7/20","1","0","27149","0"
"Swift","0","19","Minnesota","6/7/20","18","1","27151","5.56"
"Todd","5","350","Minnesota","6/7/20","316","34","27153","10.76"
"Traverse","0","5","Minnesota","6/7/20","3","2","27155","66.67"
"Wabasha","0","20","Minnesota","6/7/20","18","2","27157","11.11"
"Wadena","0","10","Minnesota","6/7/20","10","0","27159","0"
"Waseca","1","30","Minnesota","6/7/20","26","4","27161","15.38"
"Washington","12","721","Minnesota","6/7/20","636","85","27163","13.36"
"Watonwan","1","83","Minnesota","6/7/20","74","9","27165","12.16"
"Wilkin","0","11","Minnesota","6/7/20","11","0","27167","0"
"Winona","1","85","Minnesota","6/7/20","79","6","27169","7.59"
"Wright","6","358","Minnesota","6/7/20","313","45","27171","14.38"
"Yellow Medicine","0","7","Minnesota","6/7/20","6","1","27173","16.67"
"Adams","1","204","Mississippi","6/7/20","199","5","28001","2.51"
"Alcorn","0","20","Mississippi","6/7/20","17","3","28003","17.65"
"Amite","0","65","Mississippi","6/7/20","64","1","28005","1.56"
"Attala","2","315","Mississippi","6/7/20","298","17","28007","5.7"
"Benton","0","15","Mississippi","6/7/20","15","0","28009","0"
"Bolivar","2","174","Mississippi","6/7/20","162","12","28011","7.41"
"Calhoun","1","70","Mississippi","6/7/20","65","5","28013","7.69"
"Carroll","0","119","Mississippi","6/7/20","117","2","28015","1.71"
"Chickasaw","2","147","Mississippi","6/7/20","135","12","28017","8.89"
"Choctaw","1","53","Mississippi","6/7/20","43","10","28019","23.26"
"Claiborne","1","120","Mississippi","6/7/20","111","9","28021","8.11"
"Clarke","2","159","Mississippi","6/7/20","144","15","28023","10.42"
"Clay","3","132","Mississippi","6/7/20","112","20","28025","17.86"
"Coahoma","1","134","Mississippi","6/7/20","125","9","28027","7.2"
"Copiah","4","341","Mississippi","6/7/20","312","29","28029","9.29"
"Covington","3","188","Mississippi","6/7/20","165","23","28031","13.94"
"DeSoto","10","611","Mississippi","6/7/20","542","69","28033","12.73"
"Forrest","7","610","Mississippi","6/7/20","564","46","28035","8.16"
"Franklin","0","30","Mississippi","6/7/20","29","1","28037","3.45"
"George","1","30","Mississippi","6/7/20","25","5","28039","20"
"Greene","4","42","Mississippi","6/7/20","13","29","28041","223.08"
"Grenada","3","113","Mississippi","6/7/20","94","19","28043","20.21"
"Hancock","0","92","Mississippi","6/7/20","91","1","28045","1.1"
"Harrison","3","281","Mississippi","6/7/20","258","23","28047","8.91"
"Hinds","19","1137","Mississippi","6/7/20","1006","131","28049","13.02"
"Holmes","4","454","Mississippi","6/7/20","429","25","28051","5.83"
"Humphreys","1","70","Mississippi","6/7/20","60","10","28053","16.67"
"Itawamba","0","90","Mississippi","6/7/20","87","3","28057","3.45"
"Jackson","2","321","Mississippi","6/7/20","308","13","28059","4.22"
"Jasper","2","179","Mississippi","6/7/20","163","16","28061","9.82"
"Jefferson","1","46","Mississippi","6/7/20","42","4","28063","9.52"
"Jefferson Davis","1","84","Mississippi","6/7/20","77","7","28065","9.09"
"Jones","14","729","Mississippi","6/7/20","629","100","28067","15.9"
"Kemper","2","159","Mississippi","6/7/20","144","15","28069","10.42"
"Lafayette","3","156","Mississippi","6/7/20","136","20","28071","14.71"
"Lamar","3","259","Mississippi","6/7/20","238","21","28073","8.82"
"Lauderdale","6","779","Mississippi","6/7/20","738","41","28075","5.56"
"Lawrence","1","108","Mississippi","6/7/20","102","6","28077","5.88"
"Leake","5","462","Mississippi","6/7/20","427","35","28079","8.2"
"Lee","10","224","Mississippi","6/7/20","153","71","28081","46.41"
"Leflore","3","288","Mississippi","6/7/20","264","24","28083","9.09"
"Lincoln","4","289","Mississippi","6/7/20","263","26","28085","9.89"
"Lowndes","8","270","Mississippi","6/7/20","211","59","28087","27.96"
"Madison","10","796","Mississippi","6/7/20","724","72","28089","9.94"
"Marion","1","119","Mississippi","6/7/20","115","4","28091","3.48"
"Marshall","1","90","Mississippi","6/7/20","83","7","28093","8.43"
"Monroe","3","277","Mississippi","6/7/20","257","20","28095","7.78"
"Montgomery","0","85","Mississippi","6/7/20","85","0","28097","0"
"Neshoba","16","755","Mississippi","6/7/20","646","109","28099","16.87"
"Newton","4","298","Mississippi","6/7/20","271","27","28101","9.96"
"Noxubee","2","200","Mississippi","6/7/20","186","14","28103","7.53"
"Oktibbeha","8","297","Mississippi","6/7/20","239","58","28105","24.27"
"Panola","4","96","Mississippi","6/7/20","71","25","28107","35.21"
"Pearl River","1","215","Mississippi","6/7/20","209","6","28109","2.87"
"Perry","0","51","Mississippi","6/7/20","50","1","28111","2"
"Pike","1","207","Mississippi","6/7/20","203","4","28113","1.97"
"Pontotoc","3","55","Mississippi","6/7/20","35","20","28115","57.14"
"Prentiss","0","56","Mississippi","6/7/20","53","3","28117","5.66"
"Quitman","0","32","Mississippi","6/7/20","33","-1","28119","-3.03"
"Rankin","6","480","Mississippi","6/7/20","439","41","28121","9.34"
"Scott","3","671","Mississippi","6/7/20","650","21","28123","3.23"
"Sharkey","0","7","Mississippi","6/7/20","7","0","28125","0"
"Simpson","1","105","Mississippi","6/7/20","101","4","28127","3.96"
"Smith","2","165","Mississippi","6/7/20","152","13","28129","8.55"
"Stone","0","32","Mississippi","6/7/20","30","2","28131","6.67"
"Sunflower","2","97","Mississippi","6/7/20","84","13","28133","15.48"
"Tallahatchie","1","32","Mississippi","6/7/20","27","5","28135","18.52"
"Tate","0","96","Mississippi","6/7/20","94","2","28137","2.13"
"Tippah","1","80","Mississippi","6/7/20","73","7","28139","9.59"
"Tishomingo","1","37","Mississippi","6/7/20","32","5","28141","15.62"
"Tunica","0","58","Mississippi","6/7/20","55","3","28143","5.45"
"Union","1","91","Mississippi","6/7/20","83","8","28145","9.64"
"Walthall","3","74","Mississippi","6/7/20","56","18","28147","32.14"
"Warren","5","206","Mississippi","6/7/20","173","33","28149","19.08"
"Washington","3","202","Mississippi","6/7/20","178","24","28151","13.48"
"Wayne","16","315","Mississippi","6/7/20","204","111","28153","54.41"
"Webster","4","96","Mississippi","6/7/20","69","27","28155","39.13"
"Wilkinson","0","85","Mississippi","6/7/20","88","-3","28157","-3.41"
"Winston","2","128","Mississippi","6/7/20","117","11","28159","9.4"
"Yalobusha","3","114","Mississippi","6/7/20","93","21","28161","22.58"
"Yazoo","3","301","Mississippi","6/7/20","281","20","28163","7.12"
"Adair","2","72","Missouri","6/7/20","55","17","29001","30.91"
"Andrew","0","33","Missouri","6/7/20","30","3","29003","10"
"Atchison","0","3","Missouri","6/7/20","3","0","29005","0"
"Audrain","4","111","Missouri","6/7/20","82","29","29007","35.37"
"Barry","0","9","Missouri","6/7/20","9","0","29009","0"
"Bates","1","12","Missouri","6/7/20","7","5","29013","71.43"
"Benton","0","13","Missouri","6/7/20","11","2","29015","18.18"
"Bollinger","0","7","Missouri","6/7/20","6","1","29017","16.67"
"Boone","5","189","Missouri","6/7/20","152","37","29019","24.34"
"Buchanan","8","748","Missouri","6/7/20","692","56","29021","8.09"
"Butler","2","47","Missouri","6/7/20","35","12","29023","34.29"
"Caldwell","0","8","Missouri","6/7/20","5","3","29025","60"
"Callaway","1","33","Missouri","6/7/20","29","4","29027","13.79"
"Camden","0","38","Missouri","6/7/20","38","0","29029","0"
"Cape Girardeau","2","85","Missouri","6/7/20","73","12","29031","16.44"
"Carroll","0","9","Missouri","6/7/20","8","1","29033","12.5"
"Carter","0","5","Missouri","6/7/20","5","0","29035","0"
"Cass","2","102","Missouri","6/7/20","90","12","29037","13.33"
"Cedar","0","9","Missouri","6/7/20","9","0","29039","0"
"Chariton","0","6","Missouri","6/7/20","6","0","29041","0"
"Christian","1","29","Missouri","6/7/20","23","6","29043","26.09"
"Clark","0","1","Missouri","6/7/20","1","0","29045","0"
"Clay","9","233","Missouri","6/7/20","173","60","29047","34.68"
"Clinton","0","20","Missouri","6/7/20","18","2","29049","11.11"
"Cole","0","61","Missouri","6/7/20","60","1","29051","1.67"
"Cooper","0","9","Missouri","6/7/20","9","0","29053","0"
"Crawford","0","9","Missouri","6/7/20","9","0","29055","0"
"Dallas","0","5","Missouri","6/7/20","3","2","29059","66.67"
"Daviess","0","5","Missouri","6/7/20","4","1","29061","25"
"DeKalb","0","7","Missouri","6/7/20","6","1","29063","16.67"
"Dunklin","2","49","Missouri","6/7/20","38","11","29069","28.95"
"Franklin","2","150","Missouri","6/7/20","139","11","29071","7.91"
"Gasconade","0","2","Missouri","6/7/20","2","0","29073","0"
"Gentry","3","52","Missouri","6/7/20","31","21","29075","67.74"
"Greene","3","174","Missouri","6/7/20","151","23","29077","15.23"
"Harrison","0","9","Missouri","6/7/20","9","0","29081","0"
"Henry","0","12","Missouri","6/7/20","12","0","29083","0"
"Holt","0","2","Missouri","6/7/20","2","0","29087","0"
"Howard","0","3","Missouri","6/7/20","3","0","29089","0"
"Howell","1","12","Missouri","6/7/20","7","5","29091","71.43"
"Iron","0","3","Missouri","6/7/20","2","1","29093","50"
"Jackson","15","702","Missouri","6/7/20","596","106","29095","17.79"
"Jasper","3","56","Missouri","6/7/20","37","19","29097","51.35"
"Jefferson","7","398","Missouri","6/7/20","349","49","29099","14.04"
"Johnson","0","77","Missouri","6/7/20","76","1","29101","1.32"
"Kansas City","49","1527","Missouri","6/7/20","1182","345","00000","29.19"
"Laclede","0","7","Missouri","6/7/20","4","3","29105","75"
"Lafayette","1","81","Missouri","6/7/20","74","7","29107","9.46"
"Lawrence","0","8","Missouri","6/7/20","8","0","29109","0"
"Lewis","0","7","Missouri","6/7/20","7","0","29111","0"
"Lincoln","2","121","Missouri","6/7/20","109","12","29113","11.01"
"Linn","0","10","Missouri","6/7/20","9","1","29115","11.11"
"Livingston","0","5","Missouri","6/7/20","3","2","29117","66.67"
"Macon","0","6","Missouri","6/7/20","4","2","29121","50"
"Madison","0","3","Missouri","6/7/20","3","0","29123","0"
"Maries","0","2","Missouri","6/7/20","2","0","29125","0"
"Marion","0","5","Missouri","6/7/20","5","0","29127","0"
"McDonald","1","26","Missouri","6/7/20","20","6","29119","30"
"Miller","0","4","Missouri","6/7/20","4","0","29131","0"
"Mississippi","0","61","Missouri","6/7/20","58","3","29133","5.17"
"Moniteau","0","49","Missouri","6/7/20","47","2","29135","4.26"
"Montgomery","0","11","Missouri","6/7/20","9","2","29139","22.22"
"Morgan","0","9","Missouri","6/7/20","9","0","29141","0"
"New Madrid","0","21","Missouri","6/7/20","21","0","29143","0"
"Newton","1","26","Missouri","6/7/20","18","8","29145","44.44"
"Nodaway","0","14","Missouri","6/7/20","13","1","29147","7.69"
"Oregon","0","2","Missouri","6/7/20","2","0","29149","0"
"Osage","0","5","Missouri","6/7/20","5","0","29151","0"
"Pemiscot","1","91","Missouri","6/7/20","83","8","29155","9.64"
"Perry","2","70","Missouri","6/7/20","57","13","29157","22.81"
"Pettis","0","81","Missouri","6/7/20","78","3","29159","3.85"
"Phelps","0","5","Missouri","6/7/20","4","1","29161","25"
"Pike","1","28","Missouri","6/7/20","22","6","29163","27.27"
"Platte","1","77","Missouri","6/7/20","70","7","29165","10"
"Polk","0","4","Missouri","6/7/20","3","1","29167","33.33"
"Pulaski","10","107","Missouri","6/7/20","34","73","29169","214.71"
"Ralls","0","5","Missouri","6/7/20","5","0","29173","0"
"Randolph","0","10","Missouri","6/7/20","10","0","29175","0"
"Ray","1","23","Missouri","6/7/20","19","4","29177","21.05"
"Reynolds","0","2","Missouri","6/7/20","2","0","29179","0"
"Ripley","1","11","Missouri","6/7/20","7","4","29181","57.14"
"Saline","2","283","Missouri","6/7/20","269","14","29195","5.2"
"Scotland","1","9","Missouri","6/7/20","5","4","29199","80"
"Scott","2","121","Missouri","6/7/20","110","11","29201","10"
"Shelby","0","1","Missouri","6/7/20","1","0","29205","0"
"St. Charles","8","838","Missouri","6/7/20","780","58","29183","7.44"
"St. Clair","0","3","Missouri","6/7/20","3","0","29185","0"
"St. Francois","1","39","Missouri","6/7/20","35","4","29187","11.43"
"St. Louis","39","5323","Missouri","6/7/20","5047","276","29189","5.47"
"St. Louis City","17","2071","Missouri","6/7/20","1955","116","29510","5.93"
"Ste. Genevieve","0","12","Missouri","6/7/20","12","0","29186","0"
"Stoddard","4","106","Missouri","6/7/20","81","25","29207","30.86"
"Stone","1","10","Missouri","6/7/20","4","6","29209","150"
"Sullivan","1","66","Missouri","6/7/20","59","7","29211","11.86"
"Taney","0","14","Missouri","6/7/20","14","0","29213","0"
"Texas","0","1","Missouri","6/7/20","1","0","29215","0"
"Vernon","0","11","Missouri","6/7/20","9","2","29217","22.22"
"Warren","0","29","Missouri","6/7/20","28","1","29219","3.57"
"Washington","0","13","Missouri","6/7/20","11","2","29221","18.18"
"Webster","0","18","Missouri","6/7/20","17","1","29225","5.88"
"Worth","0","4","Missouri","6/7/20","4","0","29227","0"
"Wright","0","14","Missouri","6/7/20","11","3","29229","27.27"
"Beaverhead","0","1","Montana","6/7/20","1","0","30001","0"
"Big Horn","1","39","Montana","6/7/20","29","10","30003","34.48"
"Broadwater","0","4","Montana","6/7/20","4","0","30007","0"
"Carbon","0","6","Montana","6/7/20","6","0","30009","0"
"Cascade","0","17","Montana","6/7/20","17","0","30013","0"
"Deer Lodge","0","3","Montana","6/7/20","3","0","30023","0"
"Flathead","0","37","Montana","6/7/20","37","0","30029","0"
"Gallatin","2","162","Montana","6/7/20","151","11","30031","7.28"
"Glacier","0","6","Montana","6/7/20","6","0","30035","0"
"Golden Valley","0","3","Montana","6/7/20","3","0","30037","0"
"Hill","0","1","Montana","6/7/20","1","0","30041","0"
"Jefferson","0","3","Montana","6/7/20","3","0","30043","0"
"Lake","0","5","Montana","6/7/20","5","0","30047","0"
"Lewis and Clark","0","18","Montana","6/7/20","16","2","30049","12.5"
"Liberty","0","1","Montana","6/7/20","1","0","30051","0"
"Lincoln","0","7","Montana","6/7/20","7","0","30053","0"
"Madison","0","8","Montana","6/7/20","8","0","30057","0"
"Meagher","0","1","Montana","6/7/20","1","0","30059","0"
"Missoula","0","40","Montana","6/7/20","40","0","30063","0"
"Musselshell","0","1","Montana","6/7/20","1","0","30065","0"
"Park","0","8","Montana","6/7/20","8","0","30067","0"
"Pondera","0","2","Montana","6/7/20","2","0","30073","0"
"Ravalli","0","14","Montana","6/7/20","14","0","30081","0"
"Richland","0","3","Montana","6/7/20","3","0","30083","0"
"Roosevelt","0","7","Montana","6/7/20","7","0","30085","0"
"Rosebud","0","1","Montana","6/7/20","0","1","30087","1"
"Silver Bow","0","11","Montana","6/7/20","11","0","30093","0"
"Stillwater","0","1","Montana","6/7/20","1","0","30095","0"
"Toole","0","29","Montana","6/7/20","29","0","30101","0"
"Wheatland","0","1","Montana","6/7/20","1","0","30107","0"
"Yellowstone","1","105","Montana","6/7/20","99","6","30111","6.06"
"Adams","1","275","Nebraska","6/7/20","270","5","31001","1.85"
"Antelope","0","8","Nebraska","6/7/20","8","0","31003","0"
"Boone","0","7","Nebraska","6/7/20","6","1","31011","16.67"
"Box Butte","0","3","Nebraska","6/7/20","2","1","31013","50"
"Boyd","0","1","Nebraska","6/7/20","0","1","31015","1"
"Buffalo","2","174","Nebraska","6/7/20","157","17","31019","10.83"
"Burt","0","10","Nebraska","6/7/20","9","1","31021","11.11"
"Butler","0","51","Nebraska","6/7/20","48","3","31023","6.25"
"Cass","1","55","Nebraska","6/7/20","50","5","31025","10"
"Cedar","0","8","Nebraska","6/7/20","8","0","31027","0"
"Chase","0","1","Nebraska","6/7/20","1","0","31029","0"
"Cherry","0","1","Nebraska","6/7/20","1","0","31031","0"
"Cheyenne","0","10","Nebraska","6/7/20","9","1","31033","11.11"
"Clay","0","24","Nebraska","6/7/20","24","0","31035","0"
"Colfax","3","637","Nebraska","6/7/20","617","20","31037","3.24"
"Cuming","0","34","Nebraska","6/7/20","31","3","31039","9.68"
"Custer","0","34","Nebraska","6/7/20","31","3","31041","9.68"
"Dakota","6","1704","Nebraska","6/7/20","1663","41","31043","2.47"
"Dawes","0","1","Nebraska","6/7/20","1","0","31045","0"
"Dawson","1","843","Nebraska","6/7/20","838","5","31047","0.6"
"Dixon","1","32","Nebraska","6/7/20","27","5","31051","18.52"
"Dodge","15","567","Nebraska","6/7/20","465","102","31053","21.94"
"Douglas","119","5032","Nebraska","6/7/20","4198","834","31055","19.87"
"Fillmore","0","7","Nebraska","6/7/20","6","1","31059","16.67"
"Franklin","0","6","Nebraska","6/7/20","6","0","31061","0"
"Frontier","0","1","Nebraska","6/7/20","1","0","31063","0"
"Furnas","0","9","Nebraska","6/7/20","9","0","31065","0"
"Gage","0","45","Nebraska","6/7/20","45","0","31067","0"
"Garden","1","4","Nebraska","6/7/20","0","4","31069","1"
"Garfield","0","1","Nebraska","6/7/20","0","1","31071","1"
"Gosper","0","13","Nebraska","6/7/20","13","0","31073","0"
"Greeley","0","3","Nebraska","6/7/20","2","1","31077","50"
"Hall","6","1543","Nebraska","6/7/20","1503","40","31079","2.66"
"Hamilton","0","56","Nebraska","6/7/20","55","1","31081","1.82"
"Hitchcock","0","1","Nebraska","6/7/20","1","0","31087","0"
"Holt","0","1","Nebraska","6/7/20","1","0","31089","0"
"Howard","0","43","Nebraska","6/7/20","42","1","31093","2.38"
"Jefferson","0","8","Nebraska","6/7/20","6","2","31095","33.33"
"Johnson","0","6","Nebraska","6/7/20","6","0","31097","0"
"Kearney","0","12","Nebraska","6/7/20","11","1","31099","9.09"
"Keith","0","2","Nebraska","6/7/20","2","0","31101","0"
"Kimball","0","8","Nebraska","6/7/20","8","0","31105","0"
"Knox","0","11","Nebraska","6/7/20","10","1","31107","10"
"Lancaster","21","1349","Nebraska","6/7/20","1205","144","31109","11.95"
"Lincoln","0","49","Nebraska","6/7/20","48","1","31111","2.08"
"Madison","1","324","Nebraska","6/7/20","314","10","31119","3.18"
"Merrick","0","35","Nebraska","6/7/20","33","2","31121","6.06"
"Morrill","0","11","Nebraska","6/7/20","11","0","31123","0"
"Nance","0","4","Nebraska","6/7/20","4","0","31125","0"
"Nemaha","0","4","Nebraska","6/7/20","3","1","31127","33.33"
"Nuckolls","0","1","Nebraska","6/7/20","1","0","31129","0"
"Otoe","1","11","Nebraska","6/7/20","7","4","31131","57.14"
"Phelps","0","20","Nebraska","6/7/20","20","0","31137","0"
"Pierce","0","6","Nebraska","6/7/20","6","0","31139","0"
"Platte","7","624","Nebraska","6/7/20","577","47","31141","8.15"
"Polk","0","11","Nebraska","6/7/20","11","0","31143","0"
"Red Willow","0","5","Nebraska","6/7/20","5","0","31145","0"
"Richardson","0","1","Nebraska","6/7/20","1","0","31147","0"
"Saline","3","517","Nebraska","6/7/20","497","20","31151","4.02"
"Sarpy","22","773","Nebraska","6/7/20","620","153","31153","24.68"
"Saunders","2","51","Nebraska","6/7/20","36","15","31155","41.67"
"Scotts Bluff","6","143","Nebraska","6/7/20","102","41","31157","40.2"
"Seward","0","29","Nebraska","6/7/20","28","1","31159","3.57"
"Sherman","0","5","Nebraska","6/7/20","4","1","31163","25"
"Stanton","0","21","Nebraska","6/7/20","20","1","31167","5"
"Thayer","0","1","Nebraska","6/7/20","1","0","31169","0"
"Thomas","0","1","Nebraska","6/7/20","1","0","31171","0"
"Thurston","1","51","Nebraska","6/7/20","46","5","31173","10.87"
"Valley","0","5","Nebraska","6/7/20","4","1","31175","25"
"Washington","1","36","Nebraska","6/7/20","30","6","31177","20"
"Wayne","1","25","Nebraska","6/7/20","15","10","31179","66.67"
"Webster","0","5","Nebraska","6/7/20","5","0","31181","0"
"York","0","37","Nebraska","6/7/20","36","1","31185","2.78"
"Carson City","2","109","Nevada","6/7/20","98","11","32510","11.22"
"Churchill","0","8","Nevada","6/7/20","7","1","32001","14.29"
"Clark","118","7483","Nevada","6/7/20","6657","826","32003","12.41"
"Douglas","1","38","Nevada","6/7/20","32","6","32005","18.75"
"Elko","0","27","Nevada","6/7/20","24","3","32007","12.5"
"Humboldt","0","78","Nevada","6/7/20","78","0","32013","0"
"Lander","0","21","Nevada","6/7/20","20","1","32015","5"
"Lincoln","0","2","Nevada","6/7/20","2","0","32017","0"
"Lyon","3","84","Nevada","6/7/20","62","22","32019","35.48"
"Mineral","0","4","Nevada","6/7/20","4","0","32021","0"
"Nye","1","66","Nevada","6/7/20","62","4","32023","6.45"
"Pershing","0","2","Nevada","6/7/20","0","2","32027","1"
"Storey","0","1","Nevada","6/7/20","1","0","32029","0"
"Washoe","24","1743","Nevada","6/7/20","1577","166","32031","10.53"
"White Pine","0","3","Nevada","6/7/20","4","-1","32033","-25"
"Belknap","1","68","New Hampshire","6/7/20","60","8","33001","13.33"
"Carroll","0","48","New Hampshire","6/7/20","47","1","33003","2.13"
"Cheshire","0","57","New Hampshire","6/7/20","57","0","33005","0"
"Coos","0","5","New Hampshire","6/7/20","5","0","33007","0"
"Grafton","0","76","New Hampshire","6/7/20","76","0","33009","0"
"Hillsborough","38","2731","New Hampshire","6/7/20","2464","267","33011","10.84"
"Merrimack","4","372","New Hampshire","6/7/20","342","30","33013","8.77"
"Rockingham","11","1380","New Hampshire","6/7/20","1306","74","33015","5.67"
"Strafford","1","277","New Hampshire","6/7/20","269","8","33017","2.97"
"Sullivan","0","20","New Hampshire","6/7/20","19","1","33019","5.26"
"Atlantic","21","2364","New Jersey","6/7/20","2214","150","34001","6.78"
"Bergen","34","18512","New Jersey","6/7/20","18272","240","34003","1.31"
"Burlington","23","4785","New Jersey","6/7/20","4627","158","34005","3.41"
"Camden","41","6799","New Jersey","6/7/20","6510","289","34007","4.44"
"Cape May","4","646","New Jersey","6/7/20","617","29","34009","4.7"
"Cumberland","38","2564","New Jersey","6/7/20","2298","266","34011","11.58"
"Essex","61","18077","New Jersey","6/7/20","17649","428","34013","2.43"
"Gloucester","13","2328","New Jersey","6/7/20","2234","94","34015","4.21"
"Hudson","21","18916","New Jersey","6/7/20","18767","149","34017","0.79"
"Hunterdon","4","1023","New Jersey","6/7/20","993","30","34019","3.02"
"Mercer","33","7166","New Jersey","6/7/20","6933","233","34021","3.36"
"Middlesex","40","16198","New Jersey","6/7/20","15921","277","34023","1.74"
"Monmouth","37","8478","New Jersey","6/7/20","8219","259","34025","3.15"
"Morris","18","6592","New Jersey","6/7/20","6463","129","34027","2"
"Ocean","39","9022","New Jersey","6/7/20","8748","274","34029","3.13"
"Passaic","40","16449","New Jersey","6/7/20","16170","279","34031","1.73"
"Salem","6","675","New Jersey","6/7/20","634","41","34033","6.47"
"Somerset","11","4662","New Jersey","6/7/20","4583","79","34035","1.72"
"Sussex","7","1160","New Jersey","6/7/20","1110","50","34037","4.5"
"Union","52","16186","New Jersey","6/7/20","15821","365","34039","2.31"
"Warren","4","1189","New Jersey","6/7/20","1160","29","34041","2.5"
"Bernalillo","17","1592","New Mexico","6/7/20","1476","116","35001","7.86"
"Catron","0","2","New Mexico","6/7/20","2","0","35003","0"
"Chaves","0","49","New Mexico","6/7/20","47","2","35005","4.26"
"Cibola","4","166","New Mexico","6/7/20","141","25","35006","17.73"
"Colfax","0","5","New Mexico","6/7/20","5","0","35007","0"
"Curry","1","62","New Mexico","6/7/20","52","10","35009","19.23"
"Dona Ana","15","570","New Mexico","6/7/20","466","104","35013","22.32"
"Eddy","2","35","New Mexico","6/7/20","22","13","35015","59.09"
"Grant","0","15","New Mexico","6/7/20","15","0","35017","0"
"Guadalupe","0","20","New Mexico","6/7/20","20","0","35019","0"
"Harding","0","1","New Mexico","6/7/20","1","0","35021","0"
"Hidalgo","0","1","New Mexico","6/7/20","1","0","35023","0"
"Lea","0","29","New Mexico","6/7/20","26","3","35025","11.54"
"Lincoln","0","5","New Mexico","6/7/20","2","3","35027","150"
"Los Alamos","0","6","New Mexico","6/7/20","6","0","35028","0"
"Luna","1","12","New Mexico","6/7/20","8","4","35029","50"
"McKinley","40","2694","New Mexico","6/7/20","2415","279","35031","11.55"
"Otero","1","26","New Mexico","6/7/20","22","4","35035","18.18"
"Quay","0","5","New Mexico","6/7/20","5","0","35037","0"
"Rio Arriba","1","54","New Mexico","6/7/20","47","7","35039","14.89"
"Roosevelt","0","42","New Mexico","6/7/20","40","2","35041","5"
"San Juan","33","1966","New Mexico","6/7/20","1733","233","35045","13.44"
"San Miguel","0","15","New Mexico","6/7/20","15","0","35047","0"
"Sandoval","4","597","New Mexico","6/7/20","568","29","35043","5.11"
"Santa Fe","2","155","New Mexico","6/7/20","142","13","35049","9.15"
"Sierra","0","1","New Mexico","6/7/20","1","0","35051","0"
"Socorro","1","55","New Mexico","6/7/20","50","5","35053","10"
"Taos","1","31","New Mexico","6/7/20","24","7","35055","29.17"
"Torrance","0","35","New Mexico","6/7/20","32","3","35057","9.38"
"Union","0","5","New Mexico","6/7/20","4","1","35059","25"
"Valencia","1","81","New Mexico","6/7/20","74","7","35061","9.46"
"Albany","14","1961","New York","6/7/20","1860","101","36001","5.43"
"Allegany","1","51","New York","6/7/20","45","6","36003","13.33"
"Broome","8","620","New York","6/7/20","566","54","36007","9.54"
"Cattaraugus","1","94","New York","6/7/20","88","6","36009","6.82"
"Cayuga","1","101","New York","6/7/20","91","10","36011","10.99"
"Chautauqua","2","101","New York","6/7/20","84","17","36013","20.24"
"Chemung","0","137","New York","6/7/20","137","0","36015","0"
"Chenango","0","134","New York","6/7/20","133","1","36017","0.75"
"Clinton","0","97","New York","6/7/20","95","2","36019","2.11"
"Columbia","4","414","New York","6/7/20","387","27","36021","6.98"
"Cortland","0","41","New York","6/7/20","41","0","36023","0"
"Delaware","1","85","New York","6/7/20","79","6","36025","7.59"
"Dutchess","13","4000","New York","6/7/20","3909","91","36027","2.33"
"Erie","59","6486","New York","6/7/20","6070","416","36029","6.85"
"Essex","0","38","New York","6/7/20","37","1","36031","2.7"
"Franklin","0","23","New York","6/7/20","22","1","36033","4.55"
"Fulton","2","224","New York","6/7/20","208","16","36035","7.69"
"Genesee","1","208","New York","6/7/20","202","6","36037","2.97"
"Greene","1","246","New York","6/7/20","238","8","36039","3.36"
"Hamilton","0","5","New York","6/7/20","5","0","36041","0"
"Herkimer","2","123","New York","6/7/20","108","15","36043","13.89"
"Jefferson","0","77","New York","6/7/20","74","3","36045","4.05"
"Lewis","0","20","New York","6/7/20","20","0","36049","0"
"Livingston","0","121","New York","6/7/20","119","2","36051","1.68"
"Madison","2","327","New York","6/7/20","316","11","36053","3.48"
"Monroe","35","3190","New York","6/7/20","2942","248","36055","8.43"
"Montgomery","1","100","New York","6/7/20","91","9","36057","9.89"
"Nassau","73","40904","New York","6/7/20","40396","508","36059","1.26"
"New York","524","206969","New York","6/7/20","203303","3666","36061","1.8"
"Niagara","11","1112","New York","6/7/20","1037","75","36063","7.23"
"Oneida","17","1143","New York","6/7/20","1027","116","36065","11.3"
"Onondaga","32","2392","New York","6/7/20","2170","222","36067","10.23"
"Ontario","2","221","New York","6/7/20","207","14","36069","6.76"
"Orange","15","10514","New York","6/7/20","10406","108","36071","1.04"
"Orleans","4","255","New York","6/7/20","229","26","36073","11.35"
"Oswego","1","115","New York","6/7/20","109","6","36075","5.5"
"Otsego","0","74","New York","6/7/20","72","2","36077","2.78"
"Putnam","4","1277","New York","6/7/20","1252","25","36079","2"
"Rensselaer","2","502","New York","6/7/20","491","11","36083","2.24"
"Rockland","25","13325","New York","6/7/20","13151","174","36087","1.32"
"Saratoga","3","502","New York","6/7/20","480","22","36091","4.58"
"Schenectady","3","711","New York","6/7/20","689","22","36093","3.19"
"Schoharie","1","54","New York","6/7/20","50","4","36095","8"
"Schuyler","0","12","New York","6/7/20","11","1","36097","9.09"
"Seneca","0","61","New York","6/7/20","58","3","36099","5.17"
"St. Lawrence","1","209","New York","6/7/20","204","5","36089","2.45"
"Steuben","1","251","New York","6/7/20","241","10","36101","4.15"
"Suffolk","98","40329","New York","6/7/20","39643","686","36103","1.73"
"Sullivan","4","1415","New York","6/7/20","1387","28","36105","2.02"
"Tioga","1","134","New York","6/7/20","130","4","36107","3.08"
"Tompkins","1","171","New York","6/7/20","164","7","36109","4.27"
"Ulster","5","1718","New York","6/7/20","1685","33","36111","1.96"
"Warren","0","257","New York","6/7/20","255","2","36113","0.78"
"Washington","1","240","New York","6/7/20","235","5","36115","2.13"
"Wayne","1","124","New York","6/7/20","115","9","36117","7.83"
"Westchester","68","33954","New York","6/7/20","33481","473","36119","1.41"
"Wyoming","0","89","New York","6/7/20","86","3","36121","3.49"
"Yates","0","39","New York","6/7/20","39","0","36123","0"
"Alamance","14","465","North Carolina","6/7/20","364","101","37001","27.75"
"Alexander","1","43","North Carolina","6/7/20","33","10","37003","30.3"
"Alleghany","2","28","North Carolina","6/7/20","16","12","37005","75"
"Anson","1","72","North Carolina","6/7/20","65","7","37007","10.77"
"Ashe","0","40","North Carolina","6/7/20","37","3","37009","8.11"
"Avery","0","3","North Carolina","6/7/20","2","1","37011","50"
"Beaufort","1","43","North Carolina","6/7/20","36","7","37013","19.44"
"Bertie","2","134","North Carolina","6/7/20","122","12","37015","9.84"
"Bladen","9","162","North Carolina","6/7/20","101","61","37017","60.4"
"Brunswick","8","142","North Carolina","6/7/20","85","57","37019","67.06"
"Buncombe","9","396","North Carolina","6/7/20","335","61","37021","18.21"
"Burke","17","547","North Carolina","6/7/20","425","122","37023","28.71"
"Cabarrus","13","588","North Carolina","6/7/20","500","88","37025","17.6"
"Caldwell","9","201","North Carolina","6/7/20","138","63","37027","45.65"
"Camden","0","3","North Carolina","6/7/20","3","0","37029","0"
"Carteret","0","39","North Carolina","6/7/20","37","2","37031","5.41"
"Caswell","5","96","North Carolina","6/7/20","61","35","37033","57.38"
"Catawba","11","293","North Carolina","6/7/20","217","76","37035","35.02"
"Chatham","13","723","North Carolina","6/7/20","634","89","37037","14.04"
"Cherokee","0","30","North Carolina","6/7/20","30","0","37039","0"
"Chowan","0","17","North Carolina","6/7/20","17","0","37041","0"
"Clay","0","8","North Carolina","6/7/20","8","0","37043","0"
"Cleveland","4","121","North Carolina","6/7/20","90","31","37045","34.44"
"Columbus","5","368","North Carolina","6/7/20","336","32","37047","9.52"
"Craven","4","232","North Carolina","6/7/20","207","25","37049","12.08"
"Cumberland","11","775","North Carolina","6/7/20","697","78","37051","11.19"
"Currituck","0","15","North Carolina","6/7/20","13","2","37053","15.38"
"Dare","0","22","North Carolina","6/7/20","22","0","37055","0"
"Davidson","14","511","North Carolina","6/7/20","413","98","37057","23.73"
"Davie","3","117","North Carolina","6/7/20","98","19","37059","19.39"
"Duplin","25","1006","North Carolina","6/7/20","831","175","37061","21.06"
"Durham","71","2114","North Carolina","6/7/20","1615","499","37063","30.9"
"Edgecombe","4","228","North Carolina","6/7/20","200","28","37065","14"
"Forsyth","61","1774","North Carolina","6/7/20","1347","427","37067","31.7"
"Franklin","4","185","North Carolina","6/7/20","159","26","37069","16.35"
"Gaston","11","364","North Carolina","6/7/20","286","78","37071","27.27"
"Gates","0","24","North Carolina","6/7/20","24","0","37073","0"
"Graham","0","4","North Carolina","6/7/20","2","2","37075","100"
"Granville","27","501","North Carolina","6/7/20","312","189","37077","60.58"
"Greene","2","95","North Carolina","6/7/20","78","17","37079","21.79"
"Guilford","50","1614","North Carolina","6/7/20","1264","350","37081","27.69"
"Halifax","3","201","North Carolina","6/7/20","180","21","37083","11.67"
"Harnett","6","333","North Carolina","6/7/20","288","45","37085","15.62"
"Haywood","2","59","North Carolina","6/7/20","47","12","37087","25.53"
"Henderson","4","373","North Carolina","6/7/20","345","28","37089","8.12"
"Hertford","2","135","North Carolina","6/7/20","120","15","37091","12.5"
"Hoke","5","278","North Carolina","6/7/20","240","38","37093","15.83"
"Hyde","0","2","North Carolina","6/7/20","1","1","37095","100"
"Iredell","10","332","North Carolina","6/7/20","259","73","37097","28.19"
"Jackson","2","47","North Carolina","6/7/20","33","14","37099","42.42"
"Johnston","23","620","North Carolina","6/7/20","456","164","37101","35.96"
"Jones","0","28","North Carolina","6/7/20","28","0","37103","0"
"Lee","11","530","North Carolina","6/7/20","455","75","37105","16.48"
"Lenoir","3","235","North Carolina","6/7/20","216","19","37107","8.8"
"Lincoln","5","101","North Carolina","6/7/20","69","32","37109","46.38"
"Macon","7","121","North Carolina","6/7/20","70","51","37113","72.86"
"Madison","0","4","North Carolina","6/7/20","4","0","37115","0"
"Martin","1","77","North Carolina","6/7/20","72","5","37117","6.94"
"McDowell","4","100","North Carolina","6/7/20","73","27","37111","36.99"
"Mecklenburg","180","5509","North Carolina","6/7/20","4250","1259","37119","29.62"
"Mitchell","0","17","North Carolina","6/7/20","14","3","37121","21.43"
"Montgomery","5","162","North Carolina","6/7/20","128","34","37123","26.56"
"Moore","5","259","North Carolina","6/7/20","224","35","37125","15.62"
"Nash","5","236","North Carolina","6/7/20","204","32","37127","15.69"
"New Hanover","9","259","North Carolina","6/7/20","195","64","37129","32.82"
"Northampton","1","165","North Carolina","6/7/20","156","9","37131","5.77"
"Onslow","3","134","North Carolina","6/7/20","110","24","37133","21.82"
"Orange","7","398","North Carolina","6/7/20","348","50","37135","14.37"
"Pamlico","0","12","North Carolina","6/7/20","10","2","37137","20"
"Pasquotank","2","119","North Carolina","6/7/20","105","14","37139","13.33"
"Pender","4","108","North Carolina","6/7/20","80","28","37141","35"
"Perquimans","0","26","North Carolina","6/7/20","24","2","37143","8.33"
"Person","1","58","North Carolina","6/7/20","48","10","37145","20.83"
"Pitt","13","394","North Carolina","6/7/20","304","90","37147","29.61"
"Polk","1","47","North Carolina","6/7/20","37","10","37149","27.03"
"Randolph","18","792","North Carolina","6/7/20","665","127","37151","19.1"
"Richmond","3","184","North Carolina","6/7/20","163","21","37153","12.88"
"Robeson","12","905","North Carolina","6/7/20","824","81","37155","9.83"
"Rockingham","3","115","North Carolina","6/7/20","94","21","37157","22.34"
"Rowan","15","761","North Carolina","6/7/20","654","107","37159","16.36"
"Rutherford","2","198","North Carolina","6/7/20","182","16","37161","8.79"
"Sampson","17","597","North Carolina","6/7/20","479","118","37163","24.63"
"Scotland","2","97","North Carolina","6/7/20","85","12","37165","14.12"
"Stanly","6","118","North Carolina","6/7/20","78","40","37167","51.28"
"Stokes","3","85","North Carolina","6/7/20","67","18","37169","26.87"
"Surry","9","274","North Carolina","6/7/20","214","60","37171","28.04"
"Swain","2","25","North Carolina","6/7/20","13","12","37173","92.31"
"Transylvania","0","16","North Carolina","6/7/20","13","3","37175","23.08"
"Tyrrell","0","4","North Carolina","6/7/20","4","0","37177","0"
"Union","19","575","North Carolina","6/7/20","442","133","37179","30.09"
"Vance","7","366","North Carolina","6/7/20","317","49","37181","15.46"
"Wake","70","2235","North Carolina","6/7/20","1747","488","37183","27.93"
"Warren","4","89","North Carolina","6/7/20","63","26","37185","41.27"
"Washington","0","32","North Carolina","6/7/20","29","3","37187","10.34"
"Watauga","2","40","North Carolina","6/7/20","23","17","37189","73.91"
"Wayne","24","1306","North Carolina","6/7/20","1138","168","37191","14.76"
"Wilkes","2","509","North Carolina","6/7/20","497","12","37193","2.41"
"Wilson","12","443","North Carolina","6/7/20","356","87","37195","24.44"
"Yadkin","6","216","North Carolina","6/7/20","171","45","37197","26.32"
"Yancey","1","21","North Carolina","6/7/20","14","7","37199","50"
"Barnes","1","9","North Dakota","6/7/20","4","5","38003","125"
"Benson","0","2","North Dakota","6/7/20","1","1","38005","100"
"Bottineau","0","3","North Dakota","6/7/20","2","1","38009","50"
"Bowman","0","1","North Dakota","6/7/20","1","0","38011","0"
"Burke","0","5","North Dakota","6/7/20","5","0","38013","0"
"Burleigh","2","142","North Dakota","6/7/20","128","14","38015","10.94"
"Cass","29","1911","North Dakota","6/7/20","1705","206","38017","12.08"
"Dickey","0","1","North Dakota","6/7/20","0","1","38021","1"
"Divide","0","1","North Dakota","6/7/20","1","0","38023","0"
"Dunn","0","11","North Dakota","6/7/20","12","-1","38025","-8.33"
"Eddy","0","5","North Dakota","6/7/20","4","1","38027","25"
"Emmons","0","4","North Dakota","6/7/20","4","0","38029","0"
"Foster","0","1","North Dakota","6/7/20","1","0","38031","0"
"Grand Forks","1","337","North Dakota","6/7/20","333","4","38035","1.2"
"Grant","0","2","North Dakota","6/7/20","2","0","38037","0"
"Griggs","0","1","North Dakota","6/7/20","1","0","38039","0"
"LaMoure","0","1","North Dakota","6/7/20","0","1","38045","1"
"McHenry","0","2","North Dakota","6/7/20","2","0","38049","0"
"McIntosh","0","1","North Dakota","6/7/20","1","0","38051","0"
"McKenzie","0","18","North Dakota","6/7/20","17","1","38053","5.88"
"McLean","0","7","North Dakota","6/7/20","7","0","38055","0"
"Mercer","0","6","North Dakota","6/7/20","5","1","38057","20"
"Morton","0","60","North Dakota","6/7/20","59","1","38059","1.69"
"Mountrail","1","43","North Dakota","6/7/20","39","4","38061","10.26"
"Nelson","0","1","North Dakota","6/7/20","1","0","38063","0"
"Oliver","0","1","North Dakota","6/7/20","1","0","38065","0"
"Pembina","0","6","North Dakota","6/7/20","6","0","38067","0"
"Pierce","0","3","North Dakota","6/7/20","3","0","38069","0"
"Ramsey","0","8","North Dakota","6/7/20","8","0","38071","0"
"Ransom","0","11","North Dakota","6/7/20","8","3","38073","37.5"
"Renville","0","3","North Dakota","6/7/20","3","0","38075","0"
"Richland","1","28","North Dakota","6/7/20","22","6","38077","27.27"
"Rolette","0","6","North Dakota","6/7/20","6","0","38079","0"
"Sargent","0","4","North Dakota","6/7/20","3","1","38081","33.33"
"Sheridan","0","1","North Dakota","6/7/20","0","1","38083","1"
"Sioux","0","2","North Dakota","6/7/20","2","0","38085","0"
"Slope","0","3","North Dakota","6/7/20","3","0","38087","0"
"Stark","0","62","North Dakota","6/7/20","62","0","38089","0"
"Steele","0","1","North Dakota","6/7/20","1","0","38091","0"
"Stutsman","3","42","North Dakota","6/7/20","23","19","38093","82.61"
"Traill","0","14","North Dakota","6/7/20","13","1","38097","7.69"
"Walsh","0","16","North Dakota","6/7/20","13","3","38099","23.08"
"Ward","1","44","North Dakota","6/7/20","37","7","38101","18.92"
"Wells","0","6","North Dakota","6/7/20","3","3","38103","100"
"Williams","0","25","North Dakota","6/7/20","25","0","38105","0"
"","1","27","Northern Mariana Islands","6/7/20","22","5",,"22.73"
"Adams","0","11","Ohio","6/7/20","10","1","39001","10"
"Allen","1","222","Ohio","6/7/20","212","10","39003","4.72"
"Ashland","1","24","Ohio","6/7/20","20","4","39005","20"
"Ashtabula","5","372","Ohio","6/7/20","339","33","39007","9.73"
"Athens","0","18","Ohio","6/7/20","18","0","39009","0"
"Auglaize","1","78","Ohio","6/7/20","73","5","39011","6.85"
"Belmont","3","451","Ohio","6/7/20","429","22","39013","5.13"
"Brown","0","31","Ohio","6/7/20","29","2","39015","6.9"
"Butler","15","999","Ohio","6/7/20","893","106","39017","11.87"
"Carroll","1","36","Ohio","6/7/20","31","5","39019","16.13"
"Champaign","1","33","Ohio","6/7/20","28","5","39021","17.86"
"Clark","10","355","Ohio","6/7/20","285","70","39023","24.56"
"Clermont","2","227","Ohio","6/7/20","211","16","39025","7.58"
"Clinton","1","47","Ohio","6/7/20","43","4","39027","9.3"
"Columbiana","15","896","Ohio","6/7/20","793","103","39029","12.99"
"Coshocton","1","48","Ohio","6/7/20","40","8","39031","20"
"Crawford","1","120","Ohio","6/7/20","114","6","39033","5.26"
"Cuyahoga","59","4858","Ohio","6/7/20","4444","414","39035","9.32"
"Darke","3","193","Ohio","6/7/20","170","23","39037","13.53"
"Defiance","0","36","Ohio","6/7/20","34","2","39039","5.88"
"Delaware","4","368","Ohio","6/7/20","337","31","39041","9.2"
"Erie","2","189","Ohio","6/7/20","172","17","39043","9.88"
"Fairfield","8","326","Ohio","6/7/20","267","59","39045","22.1"
"Fayette","0","42","Ohio","6/7/20","40","2","39047","5"
"Franklin","93","6512","Ohio","6/7/20","5862","650","39049","11.09"
"Fulton","1","46","Ohio","6/7/20","41","5","39051","12.2"
"Gallia","0","9","Ohio","6/7/20","8","1","39053","12.5"
"Geauga","4","309","Ohio","6/7/20","284","25","39055","8.8"
"Greene","1","111","Ohio","6/7/20","101","10","39057","9.9"
"Guernsey","1","42","Ohio","6/7/20","35","7","39059","20"
"Hamilton","27","2860","Ohio","6/7/20","2672","188","39061","7.04"
"Hancock","1","56","Ohio","6/7/20","50","6","39063","12"
"Hardin","2","73","Ohio","6/7/20","61","12","39065","19.67"
"Harrison","0","10","Ohio","6/7/20","10","0","39067","0"
"Henry","0","18","Ohio","6/7/20","15","3","39069","20"
"Highland","1","29","Ohio","6/7/20","25","4","39071","16"
"Hocking","0","71","Ohio","6/7/20","69","2","39073","2.9"
"Holmes","4","68","Ohio","6/7/20","39","29","39075","74.36"
"Huron","1","63","Ohio","6/7/20","58","5","39077","8.62"
"Jackson","0","15","Ohio","6/7/20","14","1","39079","7.14"
"Jefferson","0","68","Ohio","6/7/20","67","1","39081","1.49"
"Knox","0","28","Ohio","6/7/20","25","3","39083","12"
"Lake","3","331","Ohio","6/7/20","308","23","39085","7.47"
"Lawrence","0","30","Ohio","6/7/20","30","0","39087","0"
"Licking","4","277","Ohio","6/7/20","248","29","39089","11.69"
"Logan","1","44","Ohio","6/7/20","39","5","39091","12.82"
"Lorain","9","747","Ohio","6/7/20","687","60","39093","8.73"
"Lucas","12","2348","Ohio","6/7/20","2267","81","39095","3.57"
"Madison","1","166","Ohio","6/7/20","156","10","39097","6.41"
"Mahoning","11","1511","Ohio","6/7/20","1431","80","39099","5.59"
"Marion","4","2691","Ohio","6/7/20","2666","25","39101","0.94"
"Medina","7","387","Ohio","6/7/20","337","50","39103","14.84"
"Meigs","0","6","Ohio","6/7/20","6","0","39105","0"
"Mercer","3","233","Ohio","6/7/20","211","22","39107","10.43"
"Miami","2","374","Ohio","6/7/20","357","17","39109","4.76"
"Monroe","0","80","Ohio","6/7/20","78","2","39111","2.56"
"Montgomery","18","791","Ohio","6/7/20","663","128","39113","19.31"
"Morgan","0","6","Ohio","6/7/20","5","1","39115","20"
"Morrow","0","108","Ohio","6/7/20","107","1","39117","0.93"
"Muskingum","1","56","Ohio","6/7/20","52","4","39119","7.69"
"Noble","0","6","Ohio","6/7/20","6","0","39121","0"
"Ottawa","1","109","Ohio","6/7/20","99","10","39123","10.1"
"Paulding","0","14","Ohio","6/7/20","14","0","39125","0"
"Perry","0","20","Ohio","6/7/20","18","2","39127","11.11"
"Pickaway","5","2106","Ohio","6/7/20","2074","32","39129","1.54"
"Pike","0","9","Ohio","6/7/20","6","3","39131","50"
"Portage","2","339","Ohio","6/7/20","325","14","39133","4.31"
"Preble","0","39","Ohio","6/7/20","37","2","39135","5.41"
"Putnam","1","97","Ohio","6/7/20","92","5","39137","5.43"
"Richland","4","231","Ohio","6/7/20","200","31","39139","15.5"
"Ross","0","74","Ohio","6/7/20","71","3","39141","4.23"
"Sandusky","2","95","Ohio","6/7/20","79","16","39143","20.25"
"Scioto","0","18","Ohio","6/7/20","16","2","39145","12.5"
"Seneca","1","27","Ohio","6/7/20","20","7","39147","35"
"Shelby","1","49","Ohio","6/7/20","43","6","39149","13.95"
"Stark","13","817","Ohio","6/7/20","727","90","39151","12.38"
"Summit","18","1548","Ohio","6/7/20","1420","128","39153","9.01"
"Trumbull","6","612","Ohio","6/7/20","573","39","39155","6.81"
"Tuscarawas","5","378","Ohio","6/7/20","343","35","39157","10.2"
"Union","1","58","Ohio","6/7/20","52","6","39159","11.54"
"Van Wert","0","8","Ohio","6/7/20","6","2","39161","33.33"
"Vinton","0","20","Ohio","6/7/20","21","-1","39163","-4.76"
"Warren","7","419","Ohio","6/7/20","373","46","39165","12.33"
"Washington","0","118","Ohio","6/7/20","118","0","39167","0"
"Wayne","3","298","Ohio","6/7/20","274","24","39169","8.76"
"Williams","0","58","Ohio","6/7/20","55","3","39171","5.45"
"Wood","2","307","Ohio","6/7/20","294","13","39173","4.42"
"Wyandot","1","48","Ohio","6/7/20","41","7","39175","17.07"
"Adair","1","94","Oklahoma","6/7/20","87","7","40001","8.05"
"Alfalfa","0","1","Oklahoma","6/7/20","1","0","40003","0"
"Atoka","0","4","Oklahoma","6/7/20","3","1","40005","33.33"
"Beaver","0","27","Oklahoma","6/7/20","24","3","40007","12.5"
"Beckham","0","7","Oklahoma","6/7/20","6","1","40009","16.67"
"Blaine","0","9","Oklahoma","6/7/20","6","3","40011","50"
"Bryan","1","36","Oklahoma","6/7/20","26","10","40013","38.46"
"Caddo","2","170","Oklahoma","6/7/20","158","12","40015","7.59"
"Canadian","1","142","Oklahoma","6/7/20","132","10","40017","7.58"
"Carter","2","52","Oklahoma","6/7/20","41","11","40019","26.83"
"Cherokee","1","33","Oklahoma","6/7/20","29","4","40021","13.79"
"Choctaw","8","98","Oklahoma","6/7/20","39","59","40023","151.28"
"Cimarron","0","1","Oklahoma","6/7/20","1","0","40025","0"
"Cleveland","3","520","Oklahoma","6/7/20","500","20","40027","4"
"Coal","1","5","Oklahoma","6/7/20","1","4","40029","400"
"Comanche","4","310","Oklahoma","6/7/20","279","31","40031","11.11"
"Cotton","0","5","Oklahoma","6/7/20","5","0","40033","0"
"Craig","0","16","Oklahoma","6/7/20","15","1","40035","6.67"
"Creek","1","100","Oklahoma","6/7/20","94","6","40037","6.38"
"Custer","3","34","Oklahoma","6/7/20","16","18","40039","112.5"
"Delaware","0","102","Oklahoma","6/7/20","100","2","40041","2"
"Dewey","0","2","Oklahoma","6/7/20","2","0","40043","0"
"Garfield","0","30","Oklahoma","6/7/20","27","3","40047","11.11"
"Garvin","0","20","Oklahoma","6/7/20","17","3","40049","17.65"
"Grady","3","115","Oklahoma","6/7/20","92","23","40051","25"
"Grant","0","2","Oklahoma","6/7/20","2","0","40053","0"
"Greer","0","66","Oklahoma","6/7/20","66","0","40055","0"
"Harper","0","1","Oklahoma","6/7/20","1","0","40059","0"
"Haskell","0","6","Oklahoma","6/7/20","6","0","40061","0"
"Hughes","0","3","Oklahoma","6/7/20","1","2","40063","200"
"Jackson","0","28","Oklahoma","6/7/20","27","1","40065","3.7"
"Jefferson","0","4","Oklahoma","6/7/20","3","1","40067","33.33"
"Johnston","0","3","Oklahoma","6/7/20","3","0","40069","0"
"Kay","1","59","Oklahoma","6/7/20","53","6","40071","11.32"
"Kingfisher","0","12","Oklahoma","6/7/20","11","1","40073","9.09"
"Kiowa","0","6","Oklahoma","6/7/20","6","0","40075","0"
"Latimer","0","5","Oklahoma","6/7/20","5","0","40077","0"
"Le Flore","0","15","Oklahoma","6/7/20","14","1","40079","7.14"
"Lincoln","0","22","Oklahoma","6/7/20","22","0","40081","0"
"Logan","0","21","Oklahoma","6/7/20","19","2","40083","10.53"
"Love","0","17","Oklahoma","6/7/20","15","2","40085","13.33"
"Major","0","6","Oklahoma","6/7/20","6","0","40093","0"
"Marshall","0","11","Oklahoma","6/7/20","8","3","40095","37.5"
"Mayes","1","34","Oklahoma","6/7/20","30","4","40097","13.33"
"McClain","1","109","Oklahoma","6/7/20","104","5","40087","4.81"
"McCurtain","7","84","Oklahoma","6/7/20","35","49","40089","140"
"McIntosh","0","14","Oklahoma","6/7/20","11","3","40091","27.27"
"Murray","0","6","Oklahoma","6/7/20","4","2","40099","50"
"Muskogee","2","62","Oklahoma","6/7/20","48","14","40101","29.17"
"Noble","0","7","Oklahoma","6/7/20","7","0","40103","0"
"Nowata","0","24","Oklahoma","6/7/20","23","1","40105","4.35"
"Okfuskee","0","5","Oklahoma","6/7/20","4","1","40107","25"
"Oklahoma","15","1369","Oklahoma","6/7/20","1263","106","40109","8.39"
"Okmulgee","0","26","Oklahoma","6/7/20","26","0","40111","0"
"Osage","1","101","Oklahoma","6/7/20","95","6","40113","6.32"
"Ottawa","0","35","Oklahoma","6/7/20","35","0","40115","0"
"Pawnee","0","34","Oklahoma","6/7/20","31","3","40117","9.68"
"Payne","0","48","Oklahoma","6/7/20","45","3","40119","6.67"
"Pittsburg","0","42","Oklahoma","6/7/20","41","1","40121","2.44"
"Pontotoc","1","18","Oklahoma","6/7/20","13","5","40123","38.46"
"Pottawatomie","1","64","Oklahoma","6/7/20","59","5","40125","8.47"
"Pushmataha","0","5","Oklahoma","6/7/20","2","3","40127","150"
"Rogers","1","85","Oklahoma","6/7/20","81","4","40131","4.94"
"Seminole","1","30","Oklahoma","6/7/20","26","4","40133","15.38"
"Sequoyah","0","17","Oklahoma","6/7/20","15","2","40135","13.33"
"Stephens","1","44","Oklahoma","6/7/20","38","6","40137","15.79"
"Texas","4","947","Oklahoma","6/7/20","917","30","40139","3.27"
"Tillman","0","23","Oklahoma","6/7/20","23","0","40141","0"
"Tulsa","27","1188","Oklahoma","6/7/20","998","190","40143","19.04"
"Wagoner","1","156","Oklahoma","6/7/20","149","7","40145","4.7"
"Washington","3","340","Oklahoma","6/7/20","316","24","40147","7.59"
"Washita","0","2","Oklahoma","6/7/20","2","0","40149","0"
"Woods","0","4","Oklahoma","6/7/20","3","1","40151","33.33"
"Woodward","0","7","Oklahoma","6/7/20","5","2","40153","40"
"Baker","0","1","Oregon","6/7/20","1","0","41001","0"
"Benton","1","62","Oregon","6/7/20","55","7","41003","12.73"
"Clackamas","5","346","Oregon","6/7/20","312","34","41005","10.9"
"Clatsop","0","45","Oregon","6/7/20","45","0","41007","0"
"Columbia","0","16","Oregon","6/7/20","16","0","41009","0"
"Coos","0","32","Oregon","6/7/20","31","1","41011","3.23"
"Crook","0","6","Oregon","6/7/20","6","0","41013","0"
"Curry","0","7","Oregon","6/7/20","7","0","41015","0"
"Deschutes","1","133","Oregon","6/7/20","125","8","41017","6.4"
"Douglas","0","29","Oregon","6/7/20","27","2","41019","7.41"
"Grant","0","1","Oregon","6/7/20","1","0","41023","0"
"Harney","0","1","Oregon","6/7/20","1","0","41025","0"
"Hood River","4","44","Oregon","6/7/20","18","26","41027","144.44"
"Jackson","1","71","Oregon","6/7/20","66","5","41029","7.58"
"Jefferson","3","57","Oregon","6/7/20","33","24","41031","72.73"
"Josephine","0","23","Oregon","6/7/20","23","0","41033","0"
"Klamath","0","45","Oregon","6/7/20","44","1","41035","2.27"
"Lake","0","2","Oregon","6/7/20","2","0","41037","0"
"Lane","1","80","Oregon","6/7/20","73","7","41039","9.59"
"Lincoln","3","33","Oregon","6/7/20","12","21","41041","175"
"Linn","1","124","Oregon","6/7/20","115","9","41043","7.83"
"Malheur","0","34","Oregon","6/7/20","32","2","41045","6.25"
"Marion","11","1039","Oregon","6/7/20","960","79","41047","8.23"
"Morrow","0","13","Oregon","6/7/20","11","2","41049","18.18"
"Multnomah","14","1264","Oregon","6/7/20","1165","99","41051","8.5"
"Polk","1","103","Oregon","6/7/20","98","5","41053","5.1"
"Sherman","0","1","Oregon","6/7/20","1","0","41055","0"
"Tillamook","0","6","Oregon","6/7/20","6","0","41057","0"
"Umatilla","2","131","Oregon","6/7/20","116","15","41059","12.93"
"Union","0","6","Oregon","6/7/20","6","0","41061","0"
"Wallowa","0","3","Oregon","6/7/20","2","1","41063","50"
"Wasco","1","33","Oregon","6/7/20","24","9","41065","37.5"
"Washington","7","790","Oregon","6/7/20","739","51","41067","6.9"
"Yamhill","2","81","Oregon","6/7/20","70","11","41071","15.71"
"Adams","3","273","Pennsylvania","6/7/20","251","22","42001","8.76"
"Allegheny","13","2003","Pennsylvania","6/7/20","1911","92","42003","4.81"
"Armstrong","0","65","Pennsylvania","6/7/20","62","3","42005","4.84"
"Beaver","2","603","Pennsylvania","6/7/20","590","13","42007","2.2"
"Bedford","1","44","Pennsylvania","6/7/20","39","5","42009","12.82"
"Berks","20","4201","Pennsylvania","6/7/20","4061","140","42011","3.45"
"Blair","0","53","Pennsylvania","6/7/20","50","3","42013","6"
"Bradford","0","46","Pennsylvania","6/7/20","46","0","42015","0"
"Bucks","26","5261","Pennsylvania","6/7/20","5082","179","42017","3.52"
"Butler","2","247","Pennsylvania","6/7/20","230","17","42019","7.39"
"Cambria","0","59","Pennsylvania","6/7/20","57","2","42021","3.51"
"Cameron","0","2","Pennsylvania","6/7/20","2","0","42023","0"
"Carbon","2","249","Pennsylvania","6/7/20","235","14","42025","5.96"
"Centre","0","156","Pennsylvania","6/7/20","153","3","42027","1.96"
"Chester","46","3053","Pennsylvania","6/7/20","2729","324","42029","11.87"
"Clarion","0","27","Pennsylvania","6/7/20","27","0","42031","0"
"Clearfield","1","44","Pennsylvania","6/7/20","39","5","42033","12.82"
"Clinton","1","60","Pennsylvania","6/7/20","56","4","42035","7.14"
"Columbia","2","364","Pennsylvania","6/7/20","348","16","42037","4.6"
"Crawford","0","30","Pennsylvania","6/7/20","29","1","42039","3.45"
"Cumberland","6","669","Pennsylvania","6/7/20","629","40","42041","6.36"
"Dauphin","29","1481","Pennsylvania","6/7/20","1277","204","42043","15.97"
"Delaware","32","6688","Pennsylvania","6/7/20","6461","227","42045","3.51"
"Elk","0","6","Pennsylvania","6/7/20","6","0","42047","0"
"Erie","13","367","Pennsylvania","6/7/20","279","88","42049","31.54"
"Fayette","0","95","Pennsylvania","6/7/20","95","0","42051","0"
"Forest","0","7","Pennsylvania","6/7/20","7","0","42053","0"
"Franklin","3","795","Pennsylvania","6/7/20","774","21","42055","2.71"
"Fulton","0","16","Pennsylvania","6/7/20","15","1","42057","6.67"
"Greene","0","27","Pennsylvania","6/7/20","27","0","42059","0"
"Huntingdon","1","236","Pennsylvania","6/7/20","230","6","42061","2.61"
"Indiana","0","92","Pennsylvania","6/7/20","91","1","42063","1.1"
"Jefferson","1","16","Pennsylvania","6/7/20","9","7","42065","77.78"
"Juniata","0","97","Pennsylvania","6/7/20","95","2","42067","2.11"
"Lackawanna","5","1583","Pennsylvania","6/7/20","1547","36","42069","2.33"
"Lancaster","43","3461","Pennsylvania","6/7/20","3161","300","42071","9.49"
"Lawrence","1","85","Pennsylvania","6/7/20","80","5","42073","6.25"
"Lebanon","13","1062","Pennsylvania","6/7/20","969","93","42075","9.6"
"Lehigh","13","3858","Pennsylvania","6/7/20","3765","93","42077","2.47"
"Luzerne","8","2793","Pennsylvania","6/7/20","2736","57","42079","2.08"
"Lycoming","0","167","Pennsylvania","6/7/20","164","3","42081","1.83"
"McKean","0","13","Pennsylvania","6/7/20","12","1","42083","8.33"
"Mercer","1","111","Pennsylvania","6/7/20","107","4","42085","3.74"
"Mifflin","0","59","Pennsylvania","6/7/20","59","0","42087","0"
"Monroe","3","1338","Pennsylvania","6/7/20","1319","19","42089","1.44"
"Montgomery","74","7582","Pennsylvania","6/7/20","7061","521","42091","7.38"
"Montour","0","53","Pennsylvania","6/7/20","52","1","42093","1.92"
"Northampton","10","3151","Pennsylvania","6/7/20","3083","68","42095","2.21"
"Northumberland","2","209","Pennsylvania","6/7/20","192","17","42097","8.85"
"Perry","1","68","Pennsylvania","6/7/20","59","9","42099","15.25"
"Philadelphia","129","23529","Pennsylvania","6/7/20","22629","900","42101","3.98"
"Pike","1","482","Pennsylvania","6/7/20","476","6","42103","1.26"
"Potter","1","11","Pennsylvania","6/7/20","4","7","42105","175"
"Schuylkill","4","656","Pennsylvania","6/7/20","631","25","42107","3.96"
"Snyder","1","55","Pennsylvania","6/7/20","45","10","42109","22.22"
"Somerset","0","39","Pennsylvania","6/7/20","38","1","42111","2.63"
"Sullivan","0","3","Pennsylvania","6/7/20","3","0","42113","0"
"Susquehanna","6","148","Pennsylvania","6/7/20","109","39","42115","35.78"
"Tioga","0","19","Pennsylvania","6/7/20","17","2","42117","11.76"
"Union","2","73","Pennsylvania","6/7/20","59","14","42119","23.73"
"Venango","1","15","Pennsylvania","6/7/20","9","6","42121","66.67"
"Warren","0","5","Pennsylvania","6/7/20","3","2","42123","66.67"
"Washington","1","147","Pennsylvania","6/7/20","139","8","42125","5.76"
"Wayne","1","126","Pennsylvania","6/7/20","119","7","42127","5.88"
"Westmoreland","1","459","Pennsylvania","6/7/20","449","10","42129","2.23"
"Wyoming","0","34","Pennsylvania","6/7/20","34","0","42131","0"
"York","11","1082","Pennsylvania","6/7/20","1007","75","42133","7.45"
"","173","4985","Puerto Rico","6/7/20","3776","1209",,"32.02"
"Bristol","0","224","Rhode Island","6/7/20","224","0","44001","0"
"Kent","0","1052","Rhode Island","6/7/20","1052","0","44003","0"
"Newport","0","244","Rhode Island","6/7/20","244","0","44005","0"
"Providence","0","11052","Rhode Island","6/7/20","11052","0","44007","0"
"Washington","0","499","Rhode Island","6/7/20","499","0","44009","0"
"Abbeville","1","51","South Carolina","6/7/20","42","9","45001","21.43"
"Aiken","2","208","South Carolina","6/7/20","197","11","45003","5.58"
"Allendale","1","39","South Carolina","6/7/20","35","4","45005","11.43"
"Anderson","6","279","South Carolina","6/7/20","239","40","45007","16.74"
"Bamberg","2","36","South Carolina","6/7/20","22","14","45009","63.64"
"Barnwell","1","54","South Carolina","6/7/20","46","8","45011","17.39"
"Beaufort","6","430","South Carolina","6/7/20","385","45","45013","11.69"
"Berkeley","6","273","South Carolina","6/7/20","233","40","45015","17.17"
"Calhoun","1","21","South Carolina","6/7/20","15","6","45017","40"
"Charleston","23","776","South Carolina","6/7/20","617","159","45019","25.77"
"Cherokee","4","69","South Carolina","6/7/20","39","30","45021","76.92"
"Chester","3","103","South Carolina","6/7/20","80","23","45023","28.75"
"Chesterfield","7","247","South Carolina","6/7/20","196","51","45025","26.02"
"Clarendon","1","306","South Carolina","6/7/20","301","5","45027","1.66"
"Colleton","5","142","South Carolina","6/7/20","105","37","45029","35.24"
"Darlington","5","328","South Carolina","6/7/20","295","33","45031","11.19"
"Dillon","3","188","South Carolina","6/7/20","165","23","45033","13.94"
"Dorchester","6","206","South Carolina","6/7/20","166","40","45035","24.1"
"Edgefield","1","56","South Carolina","6/7/20","51","5","45037","9.8"
"Fairfield","4","206","South Carolina","6/7/20","179","27","45039","15.08"
"Florence","9","717","South Carolina","6/7/20","655","62","45041","9.47"
"Georgetown","1","85","South Carolina","6/7/20","76","9","45043","11.84"
"Greenville","63","2060","South Carolina","6/7/20","1619","441","45045","27.24"
"Greenwood","4","172","South Carolina","6/7/20","142","30","45047","21.13"
"Hampton","1","41","South Carolina","6/7/20","37","4","45049","10.81"
"Horry","27","618","South Carolina","6/7/20","432","186","45051","43.06"
"Jasper","1","47","South Carolina","6/7/20","42","5","45053","11.9"
"Kershaw","7","379","South Carolina","6/7/20","332","47","45055","14.16"
"Lancaster","9","201","South Carolina","6/7/20","135","66","45057","48.89"
"Laurens","3","88","South Carolina","6/7/20","67","21","45059","31.34"
"Lee","2","229","South Carolina","6/7/20","218","11","45061","5.05"
"Lexington","27","836","South Carolina","6/7/20","645","191","45063","29.61"
"Marion","2","84","South Carolina","6/7/20","69","15","45067","21.74"
"Marlboro","5","206","South Carolina","6/7/20","171","35","45069","20.47"
"McCormick","0","10","South Carolina","6/7/20","9","1","45065","11.11"
"Newberry","2","79","South Carolina","6/7/20","63","16","45071","25.4"
"Oconee","1","58","South Carolina","6/7/20","50","8","45073","16"
"Orangeburg","9","255","South Carolina","6/7/20","189","66","45075","34.92"
"Pickens","6","197","South Carolina","6/7/20","158","39","45077","24.68"
"Richland","33","1748","South Carolina","6/7/20","1518","230","45079","15.15"
"Saluda","1","152","South Carolina","6/7/20","145","7","45081","4.83"
"Spartanburg","24","782","South Carolina","6/7/20","617","165","45083","26.74"
"Sumter","11","462","South Carolina","6/7/20","384","78","45085","20.31"
"Union","1","41","South Carolina","6/7/20","37","4","45087","10.81"
"Williamsburg","3","256","South Carolina","6/7/20","236","20","45089","8.47"
"York","8","465","South Carolina","6/7/20","407","58","45091","14.25"
"Aurora","0","29","South Dakota","6/7/20","26","3","46003","11.54"
"Beadle","17","382","South Dakota","6/7/20","261","121","46005","46.36"
"Bon Homme","0","8","South Dakota","6/7/20","8","0","46009","0"
"Brookings","1","23","South Dakota","6/7/20","16","7","46011","43.75"
"Brown","4","298","South Dakota","6/7/20","273","25","46013","9.16"
"Brule","0","2","South Dakota","6/7/20","0","2","46015","1"
"Buffalo","1","25","South Dakota","6/7/20","17","8","46017","47.06"
"Charles Mix","0","20","South Dakota","6/7/20","17","3","46023","17.65"
"Clark","0","4","South Dakota","6/7/20","4","0","46025","0"
"Clay","2","32","South Dakota","6/7/20","15","17","46027","113.33"
"Codington","1","41","South Dakota","6/7/20","37","4","46029","10.81"
"Corson","0","4","South Dakota","6/7/20","4","0","46031","0"
"Custer","0","1","South Dakota","6/7/20","0","1","46033","1"
"Davison","2","27","South Dakota","6/7/20","16","11","46035","68.75"
"Day","0","13","South Dakota","6/7/20","13","0","46037","0"
"Deuel","0","1","South Dakota","6/7/20","1","0","46039","0"
"Dewey","0","1","South Dakota","6/7/20","0","1","46041","1"
"Douglas","0","4","South Dakota","6/7/20","3","1","46043","33.33"
"Edmunds","0","3","South Dakota","6/7/20","1","2","46045","200"
"Fall River","0","6","South Dakota","6/7/20","4","2","46047","50"
"Faulk","0","2","South Dakota","6/7/20","1","1","46049","100"
"Grant","0","13","South Dakota","6/7/20","13","0","46051","0"
"Gregory","0","1","South Dakota","6/7/20","1","0","46053","0"
"Hamlin","0","6","South Dakota","6/7/20","4","2","46057","50"
"Hand","0","5","South Dakota","6/7/20","2","3","46059","150"
"Hanson","0","2","South Dakota","6/7/20","0","2","46061","1"
"Hughes","0","20","South Dakota","6/7/20","19","1","46065","5.26"
"Hutchinson","0","6","South Dakota","6/7/20","5","1","46067","20"
"Hyde","0","1","South Dakota","6/7/20","1","0","46069","0"
"Jackson","0","4","South Dakota","6/7/20","4","0","46071","0"
"Jerauld","1","40","South Dakota","6/7/20","35","5","46073","14.29"
"Kingsbury","1","5","South Dakota","6/7/20","1","4","46077","400"
"Lake","1","13","South Dakota","6/7/20","8","5","46079","62.5"
"Lawrence","0","12","South Dakota","6/7/20","11","1","46081","9.09"
"Lincoln","2","254","South Dakota","6/7/20","238","16","46083","6.72"
"Lyman","1","24","South Dakota","6/7/20","14","10","46085","71.43"
"Marshall","0","4","South Dakota","6/7/20","4","0","46091","0"
"McCook","0","6","South Dakota","6/7/20","6","0","46087","0"
"McPherson","0","2","South Dakota","6/7/20","1","1","46089","100"
"Meade","1","24","South Dakota","6/7/20","19","5","46093","26.32"
"Miner","0","3","South Dakota","6/7/20","1","2","46097","200"
"Minnehaha","8","3407","South Dakota","6/7/20","3349","58","46099","1.73"
"Moody","0","19","South Dakota","6/7/20","19","0","46101","0"
"Oglala Lakota","2","39","South Dakota","6/7/20","26","13","46102","50"
"Pennington","11","305","South Dakota","6/7/20","227","78","46103","34.36"
"Roberts","0","38","South Dakota","6/7/20","36","2","46109","5.56"
"Sanborn","0","13","South Dakota","6/7/20","13","0","46111","0"
"Spink","0","5","South Dakota","6/7/20","5","0","46115","0"
"Stanley","0","10","South Dakota","6/7/20","10","0","46117","0"
"Sully","0","1","South Dakota","6/7/20","1","0","46119","0"
"Todd","1","37","South Dakota","6/7/20","27","10","46121","37.04"
"Tripp","0","6","South Dakota","6/7/20","6","0","46123","0"
"Turner","0","25","South Dakota","6/7/20","24","1","46125","4.17"
"Union","2","100","South Dakota","6/7/20","89","11","46127","12.36"
"Walworth","0","5","South Dakota","6/7/20","5","0","46129","0"
"Yankton","1","55","South Dakota","6/7/20","51","4","46135","7.84"
"Ziebach","0","2","South Dakota","6/7/20","1","1","46137","100"
"Anderson","1","47","Tennessee","6/7/20","40","7","47001","17.5"
"Bedford","6","325","Tennessee","6/7/20","283","42","47003","14.84"
"Benton","0","8","Tennessee","6/7/20","7","1","47005","14.29"
"Bledsoe","1","614","Tennessee","6/7/20","607","7","47007","1.15"
"Blount","0","94","Tennessee","6/7/20","91","3","47009","3.3"
"Bradley","11","199","Tennessee","6/7/20","122","77","47011","63.11"
"Campbell","0","18","Tennessee","6/7/20","18","0","47013","0"
"Cannon","2","32","Tennessee","6/7/20","21","11","47015","52.38"
"Carroll","0","28","Tennessee","6/7/20","27","1","47017","3.7"
"Carter","0","19","Tennessee","6/7/20","19","0","47019","0"
"Cheatham","3","143","Tennessee","6/7/20","123","20","47021","16.26"
"Chester","0","12","Tennessee","6/7/20","12","0","47023","0"
"Claiborne","1","14","Tennessee","6/7/20","9","5","47025","55.56"
"Clay","0","8","Tennessee","6/7/20","7","1","47027","14.29"
"Cocke","0","21","Tennessee","6/7/20","20","1","47029","5"
"Coffee","1","81","Tennessee","6/7/20","73","8","47031","10.96"
"Crockett","0","16","Tennessee","6/7/20","16","0","47033","0"
"Cumberland","2","125","Tennessee","6/7/20","112","13","47035","11.61"
"Davidson","109","5801","Tennessee","6/7/20","5040","761","47037","15.1"
"Decatur","0","8","Tennessee","6/7/20","5","3","47039","60"
"DeKalb","0","39","Tennessee","6/7/20","37","2","47041","5.41"
"Dickson","2","125","Tennessee","6/7/20","109","16","47043","14.68"
"Dyer","2","61","Tennessee","6/7/20","50","11","47045","22"
"Fayette","5","152","Tennessee","6/7/20","115","37","47047","32.17"
"Fentress","0","12","Tennessee","6/7/20","12","0","47049","0"
"Franklin","0","54","Tennessee","6/7/20","53","1","47051","1.89"
"Gibson","0","63","Tennessee","6/7/20","63","0","47053","0"
"Giles","1","18","Tennessee","6/7/20","12","6","47055","50"
"Grainger","1","16","Tennessee","6/7/20","8","8","47057","100"
"Greene","0","52","Tennessee","6/7/20","50","2","47059","4"
"Grundy","0","32","Tennessee","6/7/20","31","1","47061","3.23"
"Hamblen","1","45","Tennessee","6/7/20","36","9","47063","25"
"Hamilton","33","1028","Tennessee","6/7/20","794","234","47065","29.47"
"Hancock","0","2","Tennessee","6/7/20","1","1","47067","100"
"Hardeman","2","211","Tennessee","6/7/20","196","15","47069","7.65"
"Hardin","2","31","Tennessee","6/7/20","15","16","47071","106.67"
"Hawkins","0","34","Tennessee","6/7/20","33","1","47073","3.03"
"Haywood","1","36","Tennessee","6/7/20","31","5","47075","16.13"
"Henderson","0","15","Tennessee","6/7/20","15","0","47077","0"
"Henry","0","32","Tennessee","6/7/20","30","2","47079","6.67"
"Hickman","1","62","Tennessee","6/7/20","58","4","47081","6.9"
"Houston","0","8","Tennessee","6/7/20","8","0","47083","0"
"Humphreys","0","16","Tennessee","6/7/20","13","3","47085","23.08"
"Jackson","0","19","Tennessee","6/7/20","17","2","47087","11.76"
"Jefferson","0","29","Tennessee","6/7/20","28","1","47089","3.57"
"Johnson","1","21","Tennessee","6/7/20","16","5","47091","31.25"
"Knox","13","469","Tennessee","6/7/20","375","94","47093","25.07"
"Lake","60","835","Tennessee","6/7/20","414","421","47095","101.69"
"Lauderdale","1","60","Tennessee","6/7/20","56","4","47097","7.14"
"Lawrence","1","38","Tennessee","6/7/20","31","7","47099","22.58"
"Lewis","0","4","Tennessee","6/7/20","3","1","47101","33.33"
"Lincoln","1","32","Tennessee","6/7/20","25","7","47103","28"
"Loudon","4","168","Tennessee","6/7/20","143","25","47105","17.48"
"Macon","6","178","Tennessee","6/7/20","136","42","47111","30.88"
"Madison","0","178","Tennessee","6/7/20","175","3","47113","1.71"
"Marion","1","45","Tennessee","6/7/20","40","5","47115","12.5"
"Marshall","1","36","Tennessee","6/7/20","31","5","47117","16.13"
"Maury","4","115","Tennessee","6/7/20","89","26","47119","29.21"
"McMinn","1","150","Tennessee","6/7/20","141","9","47107","6.38"
"McNairy","2","23","Tennessee","6/7/20","12","11","47109","91.67"
"Meigs","0","27","Tennessee","6/7/20","26","1","47121","3.85"
"Monroe","2","75","Tennessee","6/7/20","62","13","47123","20.97"
"Montgomery","4","294","Tennessee","6/7/20","269","25","47125","9.29"
"Moore","0","5","Tennessee","6/7/20","3","2","47127","66.67"
"Morgan","0","19","Tennessee","6/7/20","17","2","47129","11.76"
"Obion","4","56","Tennessee","6/7/20","30","26","47131","86.67"
"Out of TN","1","426","Tennessee","6/7/20","418","8","80047","1.91"
"Overton","1","35","Tennessee","6/7/20","26","9","47133","34.62"
"Perry","0","24","Tennessee","6/7/20","21","3","47135","14.29"
"Pickett","0","4","Tennessee","6/7/20","3","1","47137","33.33"
"Polk","1","21","Tennessee","6/7/20","16","5","47139","31.25"
"Putnam","10","552","Tennessee","6/7/20","479","73","47141","15.24"
"Rhea","1","218","Tennessee","6/7/20","210","8","47143","3.81"
"Roane","1","21","Tennessee","6/7/20","16","5","47145","31.25"
"Robertson","13","553","Tennessee","6/7/20","465","88","47147","18.92"
"Rutherford","40","1479","Tennessee","6/7/20","1196","283","47149","23.66"
"Scott","0","14","Tennessee","6/7/20","12","2","47151","16.67"
"Sequatchie","1","20","Tennessee","6/7/20","15","5","47153","33.33"
"Sevier","4","110","Tennessee","6/7/20","81","29","47155","35.8"
"Shelby","131","5860","Tennessee","6/7/20","4943","917","47157","18.55"
"Smith","0","36","Tennessee","6/7/20","34","2","47159","5.88"
"Stewart","1","15","Tennessee","6/7/20","11","4","47161","36.36"
"Sullivan","0","62","Tennessee","6/7/20","60","2","47163","3.33"
"Sumner","13","975","Tennessee","6/7/20","881","94","47165","10.67"
"Tipton","5","479","Tennessee","6/7/20","442","37","47167","8.37"
"Trousdale","0","1394","Tennessee","6/7/20","1392","2","47169","0.14"
"Unicoi","7","52","Tennessee","6/7/20","4","48","47171","1200"
"Union","0","4","Tennessee","6/7/20","4","0","47173","0"
"Van Buren","0","4","Tennessee","6/7/20","4","0","47175","0"
"Warren","1","28","Tennessee","6/7/20","23","5","47177","21.74"
"Washington","2","86","Tennessee","6/7/20","75","11","47179","14.67"
"Wayne","0","64","Tennessee","6/7/20","64","0","47181","0"
"Weakley","0","26","Tennessee","6/7/20","26","0","47183","0"
"White","1","41","Tennessee","6/7/20","33","8","47185","24.24"
"Williamson","10","621","Tennessee","6/7/20","552","69","47187","12.5"
"Wilson","10","475","Tennessee","6/7/20","407","68","47189","16.71"
"Anderson","2","87","Texas","6/7/20","72","15","48001","20.83"
"Andrews","0","27","Texas","6/7/20","27","0","48003","0"
"Angelina","5","237","Texas","6/7/20","205","32","48005","15.61"
"Aransas","0","5","Texas","6/7/20","5","0","48007","0"
"Archer","0","2","Texas","6/7/20","1","1","48009","100"
"Armstrong","0","3","Texas","6/7/20","3","0","48011","0"
"Atascosa","1","42","Texas","6/7/20","37","5","48013","13.51"
"Austin","0","29","Texas","6/7/20","26","3","48015","11.54"
"Bailey","1","26","Texas","6/7/20","17","9","48017","52.94"
"Bandera","0","6","Texas","6/7/20","6","0","48019","0"
"Bastrop","6","255","Texas","6/7/20","211","44","48021","20.85"
"Baylor","0","1","Texas","6/7/20","0","1","48023","1"
"Bee","2","22","Texas","6/7/20","9","13","48025","144.44"
"Bell","12","446","Texas","6/7/20","362","84","48027","23.2"
"Bexar","45","3143","Texas","6/7/20","2825","318","48029","11.26"
"Blanco","0","11","Texas","6/7/20","11","0","48031","0"
"Bosque","0","7","Texas","6/7/20","7","0","48035","0"
"Bowie","10","336","Texas","6/7/20","265","71","48037","26.79"
"Brazoria","12","990","Texas","6/7/20","907","83","48039","9.15"
"Brazos","18","605","Texas","6/7/20","477","128","48041","26.83"
"Brewster","0","1","Texas","6/7/20","1","0","48043","0"
"Briscoe","0","1","Texas","6/7/20","1","0","48045","0"
"Brooks","0","1","Texas","6/7/20","1","0","48047","0"
"Brown","0","59","Texas","6/7/20","58","1","48049","1.72"
"Burleson","1","32","Texas","6/7/20","24","8","48051","33.33"
"Burnet","2","54","Texas","6/7/20","37","17","48053","45.95"
"Caldwell","2","77","Texas","6/7/20","65","12","48055","18.46"
"Calhoun","0","39","Texas","6/7/20","37","2","48057","5.41"
"Callahan","0","10","Texas","6/7/20","9","1","48059","11.11"
"Cameron","18","892","Texas","6/7/20","764","128","48061","16.75"
"Camp","1","92","Texas","6/7/20","83","9","48063","10.84"
"Carson","0","6","Texas","6/7/20","6","0","48065","0"
"Cass","0","31","Texas","6/7/20","29","2","48067","6.9"
"Castro","0","35","Texas","6/7/20","33","2","48069","6.06"
"Chambers","1","76","Texas","6/7/20","68","8","48071","11.76"
"Cherokee","1","52","Texas","6/7/20","44","8","48073","18.18"
"Childress","0","2","Texas","6/7/20","2","0","48075","0"
"Clay","0","5","Texas","6/7/20","3","2","48077","66.67"
"Cochran","0","1","Texas","6/7/20","1","0","48079","0"
"Coke","0","1","Texas","6/7/20","1","0","48081","0"
"Coleman","0","3","Texas","6/7/20","3","0","48083","0"
"Collin","21","1447","Texas","6/7/20","1297","150","48085","11.57"
"Collingsworth","0","5","Texas","6/7/20","5","0","48087","0"
"Colorado","0","24","Texas","6/7/20","22","2","48089","9.09"
"Comal","3","117","Texas","6/7/20","94","23","48091","24.47"
"Comanche","0","12","Texas","6/7/20","12","0","48093","0"
"Concho","0","1","Texas","6/7/20","1","0","48095","0"
"Cooke","1","20","Texas","6/7/20","14","6","48097","42.86"
"Coryell","1","289","Texas","6/7/20","281","8","48099","2.85"
"Cottle","0","4","Texas","6/7/20","4","0","48101","0"
"Crane","1","27","Texas","6/7/20","23","4","48103","17.39"
"Crockett","0","1","Texas","6/7/20","0","1","48105","1"
"Crosby","0","3","Texas","6/7/20","4","-1","48107","-25"
"Dallam","0","27","Texas","6/7/20","25","2","48111","8"
"Dallas","266","12093","Texas","6/7/20","10234","1859","48113","18.16"
"Dawson","0","45","Texas","6/7/20","42","3","48115","7.14"
"Deaf Smith","2","176","Texas","6/7/20","164","12","48117","7.32"
"Delta","0","2","Texas","6/7/20","1","1","48119","100"
"Denton","18","1486","Texas","6/7/20","1357","129","48121","9.51"
"DeWitt","0","18","Texas","6/7/20","17","1","48123","5.88"
"Dickens","0","1","Texas","6/7/20","1","0","48125","0"
"Dimmit","0","1","Texas","6/7/20","1","0","48127","0"
"Donley","0","27","Texas","6/7/20","26","1","48129","3.85"
"Duval","0","5","Texas","6/7/20","5","0","48131","0"
"Eastland","0","7","Texas","6/7/20","6","1","48133","16.67"
"Ector","5","187","Texas","6/7/20","154","33","48135","21.43"
"El Paso","87","3376","Texas","6/7/20","2764","612","48141","22.14"
"Ellis","8","388","Texas","6/7/20","335","53","48139","15.82"
"Erath","1","26","Texas","6/7/20","17","9","48143","52.94"
"Falls","1","11","Texas","6/7/20","7","4","48145","57.14"
"Fannin","0","43","Texas","6/7/20","41","2","48147","4.88"
"Fayette","1","38","Texas","6/7/20","34","4","48149","11.76"
"Fisher","0","2","Texas","6/7/20","2","0","48151","0"
"Floyd","1","16","Texas","6/7/20","11","5","48153","45.45"
"Fort Bend","37","2117","Texas","6/7/20","1861","256","48157","13.76"
"Franklin","1","19","Texas","6/7/20","15","4","48159","26.67"
"Freestone","0","11","Texas","6/7/20","10","1","48161","10"
"Frio","1","46","Texas","6/7/20","37","9","48163","24.32"
"Gaines","0","8","Texas","6/7/20","7","1","48165","14.29"
"Galveston","24","972","Texas","6/7/20","807","165","48167","20.45"
"Garza","0","6","Texas","6/7/20","5","1","48169","20"
"Gillespie","0","5","Texas","6/7/20","5","0","48171","0"
"Glasscock","0","1","Texas","6/7/20","1","0","48173","0"
"Goliad","0","7","Texas","6/7/20","7","0","48175","0"
"Gonzales","3","151","Texas","6/7/20","129","22","48177","17.05"
"Gray","1","104","Texas","6/7/20","98","6","48179","6.12"
"Grayson","6","375","Texas","6/7/20","333","42","48181","12.61"
"Gregg","6","257","Texas","6/7/20","213","44","48183","20.66"
"Grimes","4","241","Texas","6/7/20","215","26","48185","12.09"
"Guadalupe","2","147","Texas","6/7/20","133","14","48187","10.53"
"Hale","0","60","Texas","6/7/20","58","2","48189","3.45"
"Hall","0","2","Texas","6/7/20","2","0","48191","0"
"Hamilton","0","9","Texas","6/7/20","8","1","48193","12.5"
"Hansford","0","20","Texas","6/7/20","19","1","48195","5.26"
"Hardeman","0","3","Texas","6/7/20","1","2","48197","200"
"Hardin","1","142","Texas","6/7/20","138","4","48199","2.9"
"Harris","330","14586","Texas","6/7/20","12276","2310","48201","18.82"
"Harrison","2","256","Texas","6/7/20","245","11","48203","4.49"
"Hartley","0","12","Texas","6/7/20","11","1","48205","9.09"
"Haskell","0","3","Texas","6/7/20","3","0","48207","0"
"Hays","8","385","Texas","6/7/20","329","56","48209","17.02"
"Hemphill","0","1","Texas","6/7/20","1","0","48211","0"
"Henderson","2","68","Texas","6/7/20","57","11","48213","19.3"
"Hidalgo","20","701","Texas","6/7/20","560","141","48215","25.18"
"Hill","1","29","Texas","6/7/20","24","5","48217","20.83"
"Hockley","0","27","Texas","6/7/20","27","0","48219","0"
"Hood","1","31","Texas","6/7/20","27","4","48221","14.81"
"Hopkins","1","30","Texas","6/7/20","26","4","48223","15.38"
"Houston","5","151","Texas","6/7/20","114","37","48225","32.46"
"Howard","0","9","Texas","6/7/20","8","1","48227","12.5"
"Hudspeth","0","4","Texas","6/7/20","2","2","48229","100"
"Hunt","5","121","Texas","6/7/20","88","33","48231","37.5"
"Hutchinson","1","44","Texas","6/7/20","36","8","48233","22.22"
"Irion","0","1","Texas","6/7/20","0","1","48235","1"
"Jack","0","4","Texas","6/7/20","4","0","48237","0"
"Jackson","0","19","Texas","6/7/20","18","1","48239","5.56"
"Jasper","0","30","Texas","6/7/20","29","1","48241","3.45"
"Jefferson","12","627","Texas","6/7/20","544","83","48245","15.26"
"Jim Hogg","0","4","Texas","6/7/20","4","0","48247","0"
"Jim Wells","1","13","Texas","6/7/20","9","4","48249","44.44"
"Johnson","4","202","Texas","6/7/20","175","27","48251","15.43"
"Jones","34","637","Texas","6/7/20","401","236","48253","58.85"
"Karnes","0","4","Texas","6/7/20","4","0","48255","0"
"Kaufman","7","269","Texas","6/7/20","223","46","48257","20.63"
"Kendall","1","33","Texas","6/7/20","29","4","48259","13.79"
"Kerr","0","20","Texas","6/7/20","19","1","48265","5.26"
"Kimble","0","1","Texas","6/7/20","1","0","48267","0"
"Kinney","0","1","Texas","6/7/20","1","0","48271","0"
"Kleberg","0","18","Texas","6/7/20","16","2","48273","12.5"
"Knox","0","1","Texas","6/7/20","1","0","48275","0"
"La Salle","0","4","Texas","6/7/20","4","0","48283","0"
"Lamar","1","154","Texas","6/7/20","145","9","48277","6.21"
"Lamb","0","17","Texas","6/7/20","16","1","48279","6.25"
"Lampasas","0","9","Texas","6/7/20","9","0","48281","0"
"Lavaca","1","19","Texas","6/7/20","12","7","48285","58.33"
"Lee","0","26","Texas","6/7/20","24","2","48287","8.33"
"Leon","0","11","Texas","6/7/20","10","1","48289","10"
"Liberty","1","103","Texas","6/7/20","95","8","48291","8.42"
"Limestone","1","32","Texas","6/7/20","24","8","48293","33.33"
"Lipscomb","0","5","Texas","6/7/20","2","3","48295","150"
"Live Oak","0","9","Texas","6/7/20","9","0","48297","0"
"Llano","0","3","Texas","6/7/20","3","0","48299","0"
"Lubbock","7","741","Texas","6/7/20","691","50","48303","7.24"
"Lynn","0","8","Texas","6/7/20","7","1","48305","14.29"
"Madison","0","10","Texas","6/7/20","8","2","48313","25"
"Marion","0","17","Texas","6/7/20","16","1","48315","6.25"
"Martin","0","3","Texas","6/7/20","3","0","48317","0"
"Mason","0","32","Texas","6/7/20","32","0","48319","0"
"Matagorda","0","71","Texas","6/7/20","70","1","48321","1.43"
"Maverick","2","133","Texas","6/7/20","116","17","48323","14.66"
"McCulloch","0","3","Texas","6/7/20","3","0","48307","0"
"McLennan","2","129","Texas","6/7/20","118","11","48309","9.32"
"Medina","20","216","Texas","6/7/20","73","143","48325","195.89"
"Midland","4","155","Texas","6/7/20","129","26","48329","20.16"
"Milam","1","35","Texas","6/7/20","28","7","48331","25"
"Mills","0","1","Texas","6/7/20","1","0","48333","0"
"Mitchell","0","1","Texas","6/7/20","1","0","48335","0"
"Montague","0","9","Texas","6/7/20","9","0","48337","0"
"Montgomery","16","1064","Texas","6/7/20","954","110","48339","11.53"
"Moore","24","852","Texas","6/7/20","686","166","48341","24.2"
"Morris","0","27","Texas","6/7/20","26","1","48343","3.85"
"Motley","0","1","Texas","6/7/20","1","0","48345","0"
"Nacogdoches","2","304","Texas","6/7/20","287","17","48347","5.92"
"Navarro","1","66","Texas","6/7/20","56","10","48349","17.86"
"Newton","0","6","Texas","6/7/20","5","1","48351","20"
"Nolan","1","9","Texas","6/7/20","4","5","48353","125"
"Nueces","2","289","Texas","6/7/20","274","15","48355","5.47"
"Ochiltree","0","51","Texas","6/7/20","49","2","48357","4.08"
"Oldham","0","4","Texas","6/7/20","3","1","48359","33.33"
"Orange","0","100","Texas","6/7/20","98","2","48361","2.04"
"Palo Pinto","0","13","Texas","6/7/20","13","0","48363","0"
"Panola","2","214","Texas","6/7/20","197","17","48365","8.63"
"Parker","2","92","Texas","6/7/20","76","16","48367","21.05"
"Parmer","4","89","Texas","6/7/20","59","30","48369","50.85"
"Pecos","2","105","Texas","6/7/20","93","12","48371","12.9"
"Polk","1","61","Texas","6/7/20","56","5","48373","8.93"
"Potter","62","2756","Texas","6/7/20","2321","435","48375","18.74"
"Presidio","0","2","Texas","6/7/20","1","1","48377","100"
"Rains","0","4","Texas","6/7/20","3","1","48379","33.33"
"Randall","8","728","Texas","6/7/20","674","54","48381","8.01"
"Reagan","0","2","Texas","6/7/20","2","0","48383","0"
"Real","0","1","Texas","6/7/20","0","1","48385","1"
"Red River","1","79","Texas","6/7/20","70","9","48387","12.86"
"Reeves","0","8","Texas","6/7/20","7","1","48389","14.29"
"Refugio","0","3","Texas","6/7/20","3","0","48391","0"
"Roberts","0","2","Texas","6/7/20","2","0","48393","0"
"Robertson","1","16","Texas","6/7/20","8","8","48395","100"
"Rockwall","5","200","Texas","6/7/20","167","33","48397","19.76"
"Runnels","0","3","Texas","6/7/20","3","0","48399","0"
"Rusk","1","64","Texas","6/7/20","55","9","48401","16.36"
"Sabine","0","15","Texas","6/7/20","14","1","48403","7.14"
"San Augustine","1","45","Texas","6/7/20","38","7","48405","18.42"
"San Jacinto","0","17","Texas","6/7/20","14","3","48407","21.43"
"San Patricio","1","39","Texas","6/7/20","33","6","48409","18.18"
"San Saba","0","1","Texas","6/7/20","1","0","48411","0"
"Scurry","0","26","Texas","6/7/20","24","2","48415","8.33"
"Shackelford","0","1","Texas","6/7/20","1","0","48417","0"
"Shelby","2","213","Texas","6/7/20","201","12","48419","5.97"
"Sherman","1","28","Texas","6/7/20","24","4","48421","16.67"
"Smith","3","223","Texas","6/7/20","204","19","48423","9.31"
"Starr","4","59","Texas","6/7/20","33","26","48427","78.79"
"Stephens","0","4","Texas","6/7/20","4","0","48429","0"
"Swisher","0","18","Texas","6/7/20","17","1","48437","5.88"
"Tarrant","87","6073","Texas","6/7/20","5463","610","48439","11.17"
"Taylor","2","246","Texas","6/7/20","235","11","48441","4.68"
"Terry","0","13","Texas","6/7/20","13","0","48445","0"
"Throckmorton","0","1","Texas","6/7/20","0","1","48447","1"
"Titus","19","583","Texas","6/7/20","451","132","48449","29.27"
"Tom Green","2","111","Texas","6/7/20","100","11","48451","11"
"Travis","61","3662","Texas","6/7/20","3232","430","48453","13.3"
"Trinity","1","20","Texas","6/7/20","15","5","48455","33.33"
"Tyler","1","16","Texas","6/7/20","12","4","48457","33.33"
"Upshur","1","31","Texas","6/7/20","26","5","48459","19.23"
"Uvalde","1","18","Texas","6/7/20","12","6","48463","50"
"Val Verde","1","25","Texas","6/7/20","20","5","48465","25"
"Van Zandt","1","39","Texas","6/7/20","31","8","48467","25.81"
"Victoria","1","170","Texas","6/7/20","160","10","48469","6.25"
"Walker","57","1851","Texas","6/7/20","1455","396","48471","27.22"
"Waller","2","72","Texas","6/7/20","57","15","48473","26.32"
"Ward","0","1","Texas","6/7/20","1","0","48475","0"
"Washington","1","207","Texas","6/7/20","202","5","48477","2.48"
"Webb","7","594","Texas","6/7/20","546","48","48479","8.79"
"Wharton","3","76","Texas","6/7/20","58","18","48481","31.03"
"Wheeler","0","15","Texas","6/7/20","15","0","48483","0"
"Wichita","0","87","Texas","6/7/20","84","3","48485","3.57"
"Wilbarger","0","7","Texas","6/7/20","7","0","48487","0"
"Willacy","3","37","Texas","6/7/20","16","21","48489","131.25"
"Williamson","10","691","Texas","6/7/20","621","70","48491","11.27"
"Wilson","1","45","Texas","6/7/20","38","7","48493","18.42"
"Winkler","0","3","Texas","6/7/20","3","0","48495","0"
"Wise","1","52","Texas","6/7/20","46","6","48497","13.04"
"Wood","3","49","Texas","6/7/20","29","20","48499","68.97"
"Yoakum","0","3","Texas","6/7/20","3","0","48501","0"
"Young","0","6","Texas","6/7/20","4","2","48503","50"
"Zapata","0","12","Texas","6/7/20","9","3","48505","33.33"
"Zavala","0","12","Texas","6/7/20","11","1","48507","9.09"
"Bear River","73","732","Utah","6/7/20","218","514","00000","235.78"
"Central Utah","1","46","Utah","6/7/20","38","8","00000","21.05"
"Davis","12","549","Utah","6/7/20","465","84","49011","18.06"
"Salt Lake","134","6182","Utah","6/7/20","5242","940","49035","17.93"
"San Juan","5","333","Utah","6/7/20","297","36","49037","12.12"
"Southeast Utah","0","26","Utah","6/7/20","24","2","00000","8.33"
"Southwest Utah","25","616","Utah","6/7/20","440","176","00000","40"
"Summit","3","434","Utah","6/7/20","415","19","49043","4.58"
"Tooele","3","148","Utah","6/7/20","128","20","49045","15.62"
"TriCounty","0","22","Utah","6/7/20","21","1","00000","4.76"
"Utah","47","2261","Utah","6/7/20","1929","332","49049","17.21"
"Wasatch","7","330","Utah","6/7/20","282","48","49051","17.02"
"Weber-Morgan","13","387","Utah","6/7/20","298","89","00000","29.87"
"Addison","0","65","Vermont","6/7/20","64","1","50001","1.56"
"Bennington","0","66","Vermont","6/7/20","63","3","50003","4.76"
"Caledonia","0","16","Vermont","6/7/20","15","1","50005","6.67"
"Chittenden","10","520","Vermont","6/7/20","451","69","50007","15.3"
"Essex","0","3","Vermont","6/7/20","3","0","50009","0"
"Franklin","0","100","Vermont","6/7/20","99","1","50011","1.01"
"Grand Isle","0","7","Vermont","6/7/20","7","0","50013","0"
"Lamoille","0","29","Vermont","6/7/20","29","0","50015","0"
"Orange","0","9","Vermont","6/7/20","9","0","50017","0"
"Orleans","0","10","Vermont","6/7/20","10","0","50019","0"
"Rutland","0","57","Vermont","6/7/20","55","2","50021","3.64"
"Washington","0","39","Vermont","6/7/20","39","0","50023","0"
"Windham","0","82","Vermont","6/7/20","81","1","50025","1.23"
"Windsor","1","55","Vermont","6/7/20","51","4","50027","7.84"
"","0","71","Virgin Islands","6/7/20","69","2",,"2.9"
"Accomack","11","983","Virginia","6/7/20","909","74","51001","8.14"
"Albemarle","9","251","Virginia","6/7/20","187","64","51003","34.22"
"Alexandria","17","2095","Virginia","6/7/20","1974","121","51510","6.13"
"Alleghany","1","26","Virginia","6/7/20","20","6","51005","30"
"Amelia","1","31","Virginia","6/7/20","25","6","51007","24"
"Amherst","0","27","Virginia","6/7/20","27","0","51009","0"
"Appomattox","0","33","Virginia","6/7/20","31","2","51011","6.45"
"Arlington","16","2225","Virginia","6/7/20","2116","109","51013","5.15"
"Augusta","3","132","Virginia","6/7/20","109","23","51015","21.1"
"Bedford","3","79","Virginia","6/7/20","57","22","51019","38.6"
"Botetourt","1","40","Virginia","6/7/20","32","8","51023","25"
"Bristol","0","4","Virginia","6/7/20","4","0","51520","0"
"Brunswick","2","39","Virginia","6/7/20","25","14","51025","56"
"Buchanan","0","18","Virginia","6/7/20","18","0","51027","0"
"Buckingham","3","481","Virginia","6/7/20","459","22","51029","4.79"
"Buena Vista","0","13","Virginia","6/7/20","13","0","51530","0"
"Campbell","0","20","Virginia","6/7/20","18","2","51031","11.11"
"Caroline","3","90","Virginia","6/7/20","67","23","51033","34.33"
"Carroll","5","130","Virginia","6/7/20","96","34","51035","35.42"
"Charles City","0","28","Virginia","6/7/20","27","1","51036","3.7"
"Charlotte","1","28","Virginia","6/7/20","23","5","51037","21.74"
"Charlottesville","3","137","Virginia","6/7/20","116","21","51540","18.1"
"Chesapeake","10","592","Virginia","6/7/20","521","71","51550","13.63"
"Chesterfield","40","1831","Virginia","6/7/20","1548","283","51041","18.28"
"Clarke","1","33","Virginia","6/7/20","27","6","51043","22.22"
"Colonial Heights","0","98","Virginia","6/7/20","95","3","51570","3.16"
"Covington","0","4","Virginia","6/7/20","4","0","51580","0"
"Craig","0","6","Virginia","6/7/20","5","1","51045","20"
"Culpeper","10","764","Virginia","6/7/20","691","73","51047","10.56"
"Cumberland","1","41","Virginia","6/7/20","37","4","51049","10.81"
"Danville","1","60","Virginia","6/7/20","55","5","51590","9.09"
"Dinwiddie","3","98","Virginia","6/7/20","80","18","51053","22.5"
"Emporia","1","89","Virginia","6/7/20","79","10","51595","12.66"
"Essex","1","53","Virginia","6/7/20","48","5","51057","10.42"
"Fairfax","192","12455","Virginia","6/7/20","11110","1345","51059","12.11"
"Fairfax City","1","69","Virginia","6/7/20","65","4","51600","6.15"
"Falls Church","0","56","Virginia","6/7/20","55","1","51610","1.82"
"Fauquier","6","355","Virginia","6/7/20","315","40","51061","12.7"
"Floyd","0","6","Virginia","6/7/20","6","0","51063","0"
"Fluvanna","0","94","Virginia","6/7/20","92","2","51065","2.17"
"Franklin","1","40","Virginia","6/7/20","36","4","51067","11.11"
"Franklin City","0","42","Virginia","6/7/20","42","0","51620","0"
"Frederick","9","410","Virginia","6/7/20","349","61","51069","17.48"
"Fredericksburg","6","208","Virginia","6/7/20","164","44","51630","26.83"
"Galax","3","147","Virginia","6/7/20","123","24","51640","19.51"
"Giles","0","5","Virginia","6/7/20","5","0","51071","0"
"Gloucester","0","32","Virginia","6/7/20","31","1","51073","3.23"
"Goochland","1","107","Virginia","6/7/20","99","8","51075","8.08"
"Grayson","2","53","Virginia","6/7/20","38","15","51077","39.47"
"Greene","1","43","Virginia","6/7/20","34","9","51079","26.47"
"Greensville","26","254","Virginia","6/7/20","73","181","51081","247.95"
"Halifax","0","32","Virginia","6/7/20","30","2","51083","6.67"
"Hampton","3","226","Virginia","6/7/20","207","19","51650","9.18"
"Hanover","3","348","Virginia","6/7/20","326","22","51085","6.75"
"Harrisonburg","8","832","Virginia","6/7/20","779","53","51660","6.8"
"Henrico","39","2096","Virginia","6/7/20","1820","276","51087","15.16"
"Henry","8","166","Virginia","6/7/20","113","53","51089","46.9"
"Highland","0","3","Virginia","6/7/20","3","0","51091","0"
"Hopewell","4","116","Virginia","6/7/20","90","26","51670","28.89"
"Isle of Wight","2","142","Virginia","6/7/20","128","14","51093","10.94"
"James City","2","216","Virginia","6/7/20","205","11","51095","5.37"
"King and Queen","2","24","Virginia","6/7/20","13","11","51097","84.62"
"King George","1","78","Virginia","6/7/20","68","10","51099","14.71"
"King William","0","32","Virginia","6/7/20","30","2","51101","6.67"
"Lancaster","0","10","Virginia","6/7/20","10","0","51103","0"
"Lee","0","10","Virginia","6/7/20","9","1","51105","11.11"
"Lexington","0","8","Virginia","6/7/20","7","1","51678","14.29"
"Loudoun","74","3094","Virginia","6/7/20","2575","519","51107","20.16"
"Louisa","2","92","Virginia","6/7/20","79","13","51109","16.46"
"Lunenburg","1","17","Virginia","6/7/20","13","4","51111","30.77"
"Lynchburg","1","88","Virginia","6/7/20","80","8","51680","10"
"Madison","0","41","Virginia","6/7/20","41","0","51113","0"
"Manassas","19","1228","Virginia","6/7/20","1092","136","51683","12.45"
"Manassas Park","7","355","Virginia","6/7/20","305","50","51685","16.39"
"Martinsville","2","48","Virginia","6/7/20","31","17","51690","54.84"
"Mathews","0","5","Virginia","6/7/20","5","0","51115","0"
"Mecklenburg","1","224","Virginia","6/7/20","217","7","51117","3.23"
"Middlesex","0","14","Virginia","6/7/20","15","-1","51119","-6.67"
"Montgomery","2","91","Virginia","6/7/20","77","14","51121","18.18"
"Nelson","0","17","Virginia","6/7/20","17","0","51125","0"
"New Kent","1","44","Virginia","6/7/20","36","8","51127","22.22"
"Newport News","7","320","Virginia","6/7/20","273","47","51700","17.22"
"Norfolk","11","583","Virginia","6/7/20","503","80","51710","15.9"
"Northampton","3","255","Virginia","6/7/20","237","18","51131","7.59"
"Northumberland","0","25","Virginia","6/7/20","25","0","51133","0"
"Norton","0","2","Virginia","6/7/20","2","0","51720","0"
"Nottoway","3","48","Virginia","6/7/20","29","19","51135","65.52"
"Orange","2","117","Virginia","6/7/20","102","15","51137","14.71"
"Page","3","244","Virginia","6/7/20","220","24","51139","10.91"
"Patrick","1","28","Virginia","6/7/20","19","9","51141","47.37"
"Petersburg","4","165","Virginia","6/7/20","134","31","51730","23.13"
"Pittsylvania","1","50","Virginia","6/7/20","44","6","51143","13.64"
"Poquoson","0","9","Virginia","6/7/20","8","1","51735","12.5"
"Portsmouth","5","343","Virginia","6/7/20","308","35","51740","11.36"
"Powhatan","1","45","Virginia","6/7/20","35","10","51145","28.57"
"Prince Edward","2","148","Virginia","6/7/20","134","14","51147","10.45"
"Prince George","3","148","Virginia","6/7/20","126","22","51149","17.46"
"Prince William","96","6207","Virginia","6/7/20","5533","674","51153","12.18"
"Pulaski","1","27","Virginia","6/7/20","19","8","51155","42.11"
"Radford","0","7","Virginia","6/7/20","6","1","51750","16.67"
"Rappahannock","1","17","Virginia","6/7/20","13","4","51157","30.77"
"Richmond","2","293","Virginia","6/7/20","276","17","51159","6.16"
"Richmond City","44","1621","Virginia","6/7/20","1316","305","51760","23.18"
"Roanoke","2","122","Virginia","6/7/20","105","17","51161","16.19"
"Roanoke City","6","199","Virginia","6/7/20","160","39","51770","24.38"
"Rockbridge","0","19","Virginia","6/7/20","18","1","51163","5.56"
"Rockingham","9","580","Virginia","6/7/20","518","62","51165","11.97"
"Russell","0","8","Virginia","6/7/20","8","0","51167","0"
"Salem","1","38","Virginia","6/7/20","34","4","51775","11.76"
"Scott","0","7","Virginia","6/7/20","7","0","51169","0"
"Shenandoah","5","480","Virginia","6/7/20","448","32","51171","7.14"
"Smyth","0","15","Virginia","6/7/20","15","0","51173","0"
"Southampton","1","153","Virginia","6/7/20","147","6","51175","4.08"
"Spotsylvania","20","695","Virginia","6/7/20","556","139","51177","25"
"Stafford","13","803","Virginia","6/7/20","713","90","51179","12.62"
"Staunton","1","53","Virginia","6/7/20","45","8","51790","17.78"
"Suffolk","1","323","Virginia","6/7/20","315","8","51800","2.54"
"Surry","0","10","Virginia","6/7/20","10","0","51181","0"
"Sussex","3","175","Virginia","6/7/20","154","21","51183","13.64"
"Tazewell","0","10","Virginia","6/7/20","9","1","51185","11.11"
"Virginia Beach","13","801","Virginia","6/7/20","708","93","51810","13.14"
"Warren","9","222","Virginia","6/7/20","157","65","51187","41.4"
"Washington","1","57","Virginia","6/7/20","51","6","51191","11.76"
"Waynesboro","0","49","Virginia","6/7/20","46","3","51820","6.52"
"Westmoreland","2","81","Virginia","6/7/20","65","16","51193","24.62"
"Williamsburg","0","46","Virginia","6/7/20","44","2","51830","4.55"
"Winchester","6","232","Virginia","6/7/20","189","43","51840","22.75"
"Wise","0","27","Virginia","6/7/20","25","2","51195","8"
"Wythe","2","36","Virginia","6/7/20","23","13","51197","56.52"
"York","2","86","Virginia","6/7/20","74","12","51199","16.22"
"Adams","2","79","Washington","6/7/20","63","16","53001","25.4"
"Asotin","0","19","Washington","6/7/20","19","0","53003","0"
"Benton","19","930","Washington","6/7/20","794","136","53005","17.13"
"Chelan","2","262","Washington","6/7/20","248","14","53007","5.65"
"Clallam","0","27","Washington","6/7/20","25","2","53009","8"
"Clark","7","562","Washington","6/7/20","514","48","53011","9.34"
"Columbia","0","1","Washington","6/7/20","1","0","53013","0"
"Cowlitz","1","81","Washington","6/7/20","73","8","53015","10.96"
"Douglas","1","178","Washington","6/7/20","172","6","53017","3.49"
"Ferry","0","1","Washington","6/7/20","1","0","53019","0"
"Franklin","21","722","Washington","6/7/20","574","148","53021","25.78"
"Grant","2","216","Washington","6/7/20","204","12","53025","5.88"
"Grays Harbor","0","19","Washington","6/7/20","17","2","53027","11.76"
"Island","0","181","Washington","6/7/20","178","3","53029","1.69"
"Jefferson","0","31","Washington","6/7/20","30","1","53031","3.33"
"King","52","8457","Washington","6/7/20","8092","365","53033","4.51"
"Kitsap","1","165","Washington","6/7/20","161","4","53035","2.48"
"Kittitas","0","89","Washington","6/7/20","88","1","53037","1.14"
"Klickitat","1","33","Washington","6/7/20","25","8","53039","32"
"Lewis","0","37","Washington","6/7/20","37","0","53041","0"
"Lincoln","0","2","Washington","6/7/20","2","0","53043","0"
"Mason","0","38","Washington","6/7/20","36","2","53045","5.56"
"Okanogan","1","56","Washington","6/7/20","49","7","53047","14.29"
"Pacific","0","9","Washington","6/7/20","9","0","53049","0"
"Pend Oreille","0","3","Washington","6/7/20","3","0","53051","0"
"Pierce","14","2034","Washington","6/7/20","1937","97","53053","5.01"
"San Juan","0","15","Washington","6/7/20","15","0","53055","0"
"Skagit","2","449","Washington","6/7/20","434","15","53057","3.46"
"Skamania","0","3","Washington","6/7/20","3","0","53059","0"
"Snohomish","9","3033","Washington","6/7/20","2967","66","53061","2.22"
"Spokane","19","727","Washington","6/7/20","596","131","53063","21.98"
"Stevens","0","13","Washington","6/7/20","11","2","53065","18.18"
"Thurston","3","166","Washington","6/7/20","147","19","53067","12.93"
"Wahkiakum","0","4","Washington","6/7/20","4","0","53069","0"
"Walla Walla","1","116","Washington","6/7/20","108","8","53071","7.41"
"Whatcom","2","410","Washington","6/7/20","396","14","53073","3.54"
"Whitman","1","20","Washington","6/7/20","16","4","53075","25"
"Yakima","132","4509","Washington","6/7/20","3585","924","53077","25.77"
"Barbour","0","8","West Virginia","6/7/20","9","-1","54001","-11.11"
"Berkeley","5","344","West Virginia","6/7/20","308","36","54003","11.69"
"Boone","1","15","West Virginia","6/7/20","9","6","54005","66.67"
"Braxton","0","2","West Virginia","6/7/20","2","0","54007","0"
"Brooke","0","5","West Virginia","6/7/20","5","0","54009","0"
"Cabell","1","70","West Virginia","6/7/20","66","4","54011","6.06"
"Calhoun","0","2","West Virginia","6/7/20","2","0","54013","0"
"Clay","0","7","West Virginia","6/7/20","4","3","54015","75"
"Fayette","1","54","West Virginia","6/7/20","48","6","54019","12.5"
"Gilmer","0","10","West Virginia","6/7/20","10","0","54021","0"
"Grant","0","12","West Virginia","6/7/20","12","0","54023","0"
"Greenbrier","0","9","West Virginia","6/7/20","9","0","54025","0"
"Hampshire","1","33","West Virginia","6/7/20","29","4","54027","13.79"
"Hancock","0","20","West Virginia","6/7/20","18","2","54029","11.11"
"Hardy","0","40","West Virginia","6/7/20","39","1","54031","2.56"
"Harrison","0","40","West Virginia","6/7/20","41","-1","54033","-2.44"
"Jackson","0","138","West Virginia","6/7/20","137","1","54035","0.73"
"Jefferson","3","204","West Virginia","6/7/20","182","22","54037","12.09"
"Kanawha","1","237","West Virginia","6/7/20","229","8","54039","3.49"
"Lewis","0","8","West Virginia","6/7/20","9","-1","54041","-11.11"
"Lincoln","0","5","West Virginia","6/7/20","6","-1","54043","-16.67"
"Logan","0","20","West Virginia","6/7/20","17","3","54045","17.65"
"Marion","0","53","West Virginia","6/7/20","51","2","54049","3.92"
"Marshall","0","31","West Virginia","6/7/20","30","1","54051","3.33"
"Mason","0","15","West Virginia","6/7/20","15","0","54053","0"
"McDowell","0","6","West Virginia","6/7/20","6","0","54047","0"
"Mercer","0","13","West Virginia","6/7/20","13","0","54055","0"
"Mineral","1","50","West Virginia","6/7/20","46","4","54057","8.7"
"Mingo","0","8","West Virginia","6/7/20","7","1","54059","14.29"
"Monongalia","1","141","West Virginia","6/7/20","133","8","54061","6.02"
"Monroe","0","8","West Virginia","6/7/20","7","1","54063","14.29"
"Morgan","0","19","West Virginia","6/7/20","18","1","54065","5.56"
"Nicholas","0","8","West Virginia","6/7/20","8","0","54067","0"
"Ohio","1","48","West Virginia","6/7/20","42","6","54069","14.29"
"Pendleton","0","13","West Virginia","6/7/20","12","1","54071","8.33"
"Pleasants","0","4","West Virginia","6/7/20","4","0","54073","0"
"Pocahontas","0","21","West Virginia","6/7/20","21","0","54075","0"
"Preston","0","24","West Virginia","6/7/20","25","-1","54077","-4"
"Putnam","1","39","West Virginia","6/7/20","34","5","54079","14.71"
"Raleigh","0","18","West Virginia","6/7/20","16","2","54081","12.5"
"Randolph","0","132","West Virginia","6/7/20","131","1","54083","0.76"
"Ritchie","0","1","West Virginia","6/7/20","1","0","54085","0"
"Roane","0","10","West Virginia","6/7/20","9","1","54087","11.11"
"Summers","0","1","West Virginia","6/7/20","1","0","54089","0"
"Taylor","0","9","West Virginia","6/7/20","8","1","54091","12.5"
"Tucker","0","6","West Virginia","6/7/20","4","2","54093","50"
"Tyler","0","3","West Virginia","6/7/20","3","0","54095","0"
"Upshur","0","7","West Virginia","6/7/20","7","0","54097","0"
"Wayne","1","103","West Virginia","6/7/20","99","4","54099","4.04"
"Wetzel","0","9","West Virginia","6/7/20","8","1","54103","12.5"
"Wirt","0","4","West Virginia","6/7/20","4","0","54105","0"
"Wood","0","54","West Virginia","6/7/20","53","1","54107","1.89"
"Wyoming","0","3","West Virginia","6/7/20","3","0","54109","0"
"Adams","0","5","Wisconsin","6/7/20","4","1","55001","25"
"Ashland","0","3","Wisconsin","6/7/20","2","1","55003","50"
"Barron","0","20","Wisconsin","6/7/20","17","3","55005","17.65"
"Bayfield","0","3","Wisconsin","6/7/20","3","0","55007","0"
"Brown","8","2377","Wisconsin","6/7/20","2319","58","55009","2.5"
"Buffalo","0","6","Wisconsin","6/7/20","6","0","55011","0"
"Burnett","0","1","Wisconsin","6/7/20","1","0","55013","0"
"Calumet","1","80","Wisconsin","6/7/20","76","4","55015","5.26"
"Chippewa","0","59","Wisconsin","6/7/20","56","3","55017","5.36"
"Clark","1","42","Wisconsin","6/7/20","32","10","55019","31.25"
"Columbia","0","46","Wisconsin","6/7/20","44","2","55021","4.55"
"Crawford","0","26","Wisconsin","6/7/20","26","0","55023","0"
"Dane","16","843","Wisconsin","6/7/20","730","113","55025","15.48"
"Dodge","26","400","Wisconsin","6/7/20","221","179","55027","81"
"Door","0","39","Wisconsin","6/7/20","38","1","55029","2.63"
"Douglas","0","20","Wisconsin","6/7/20","19","1","55031","5.26"
"Dunn","0","27","Wisconsin","6/7/20","24","3","55033","12.5"
"Eau Claire","2","123","Wisconsin","6/7/20","108","15","55035","13.89"
"Florence","0","2","Wisconsin","6/7/20","2","0","55037","0"
"Fond du Lac","3","233","Wisconsin","6/7/20","213","20","55039","9.39"
"Forest","1","33","Wisconsin","6/7/20","29","4","55041","13.79"
"Grant","0","98","Wisconsin","6/7/20","95","3","55043","3.16"
"Green","1","71","Wisconsin","6/7/20","66","5","55045","7.58"
"Green Lake","0","22","Wisconsin","6/7/20","20","2","55047","10"
"Iowa","0","17","Wisconsin","6/7/20","16","1","55049","6.25"
"Iron","0","2","Wisconsin","6/7/20","2","0","55051","0"
"Jackson","0","19","Wisconsin","6/7/20","17","2","55053","11.76"
"Jefferson","3","128","Wisconsin","6/7/20","106","22","55055","20.75"
"Juneau","0","23","Wisconsin","6/7/20","23","0","55057","0"
"Kenosha","15","1274","Wisconsin","6/7/20","1168","106","55059","9.08"
"Kewaunee","0","36","Wisconsin","6/7/20","35","1","55061","2.86"
"La Crosse","2","69","Wisconsin","6/7/20","53","16","55063","30.19"
"Lafayette","1","33","Wisconsin","6/7/20","27","6","55065","22.22"
"Langlade","0","4","Wisconsin","6/7/20","3","1","55067","33.33"
"Lincoln","0","7","Wisconsin","6/7/20","7","0","55069","0"
"Manitowoc","0","39","Wisconsin","6/7/20","36","3","55071","8.33"
"Marathon","2","64","Wisconsin","6/7/20","50","14","55073","28"
"Marinette","0","36","Wisconsin","6/7/20","33","3","55075","9.09"
"Marquette","0","5","Wisconsin","6/7/20","4","1","55077","25"
"Menominee","0","3","Wisconsin","6/7/20","3","0","55078","0"
"Milwaukee","152","8813","Wisconsin","6/7/20","7750","1063","55079","13.72"
"Monroe","0","19","Wisconsin","6/7/20","17","2","55081","11.76"
"Oconto","1","42","Wisconsin","6/7/20","37","5","55083","13.51"
"Oneida","0","12","Wisconsin","6/7/20","9","3","55085","33.33"
"Outagamie","6","270","Wisconsin","6/7/20","227","43","55087","18.94"
"Ozaukee","3","183","Wisconsin","6/7/20","162","21","55089","12.96"
"Pepin","0","1","Wisconsin","6/7/20","1","0","55091","0"
"Pierce","1","50","Wisconsin","6/7/20","45","5","55093","11.11"
"Polk","2","33","Wisconsin","6/7/20","19","14","55095","73.68"
"Portage","3","35","Wisconsin","6/7/20","11","24","55097","218.18"
"Price","0","2","Wisconsin","6/7/20","2","0","55099","0"
"Racine","27","1910","Wisconsin","6/7/20","1722","188","55101","10.92"
"Richland","0","14","Wisconsin","6/7/20","14","0","55103","0"
"Rock","7","685","Wisconsin","6/7/20","636","49","55105","7.7"
"Rusk","0","5","Wisconsin","6/7/20","5","0","55107","0"
"Sauk","1","83","Wisconsin","6/7/20","78","5","55111","6.41"
"Sawyer","0","8","Wisconsin","6/7/20","8","0","55113","0"
"Shawano","1","56","Wisconsin","6/7/20","47","9","55115","19.15"
"Sheboygan","3","114","Wisconsin","6/7/20","90","24","55117","26.67"
"St. Croix","3","105","Wisconsin","6/7/20","86","19","55109","22.09"
"Taylor","0","2","Wisconsin","6/7/20","2","0","55119","0"
"Trempealeau","2","40","Wisconsin","6/7/20","25","15","55121","60"
"Vernon","0","21","Wisconsin","6/7/20","21","0","55123","0"
"Vilas","0","8","Wisconsin","6/7/20","7","1","55125","14.29"
"Walworth","6","435","Wisconsin","6/7/20","395","40","55127","10.13"
"Washburn","0","3","Wisconsin","6/7/20","2","1","55129","50"
"Washington","4","277","Wisconsin","6/7/20","252","25","55131","9.92"
"Waukesha","16","808","Wisconsin","6/7/20","696","112","55133","16.09"
"Waupaca","2","57","Wisconsin","6/7/20","41","16","55135","39.02"
"Waushara","0","10","Wisconsin","6/7/20","8","2","55137","25"
"Winnebago","20","385","Wisconsin","6/7/20","244","141","55139","57.79"
"Wood","0","11","Wisconsin","6/7/20","10","1","55141","10"
"Albany","0","26","Wyoming","6/7/20","25","1","56001","4"
"Big Horn","0","8","Wyoming","6/7/20","6","2","56003","33.33"
"Campbell","0","32","Wyoming","6/7/20","31","1","56005","3.23"
"Carbon","0","16","Wyoming","6/7/20","16","0","56007","0"
"Converse","0","24","Wyoming","6/7/20","24","0","56009","0"
"Crook","0","5","Wyoming","6/7/20","5","0","56011","0"
"Fremont","2","295","Wyoming","6/7/20","278","17","56013","6.12"
"Goshen","0","5","Wyoming","6/7/20","5","0","56015","0"
"Hot Springs","0","12","Wyoming","6/7/20","12","0","56017","0"
"Johnson","0","18","Wyoming","6/7/20","18","0","56019","0"
"Laramie","0","188","Wyoming","6/7/20","188","0","56021","0"
"Lincoln","0","15","Wyoming","6/7/20","15","0","56023","0"
"Natrona","1","82","Wyoming","6/7/20","77","5","56025","6.49"
"Niobrara","0","2","Wyoming","6/7/20","2","0","56027","0"
"Park","0","2","Wyoming","6/7/20","2","0","56029","0"
"Platte","0","1","Wyoming","6/7/20","1","0","56031","0"
"Sheridan","0","18","Wyoming","6/7/20","16","2","56033","12.5"
"Sublette","0","3","Wyoming","6/7/20","3","0","56035","0"
"Sweetwater","0","32","Wyoming","6/7/20","30","2","56037","6.67"
"Teton","0","100","Wyoming","6/7/20","100","0","56039","0"
"Uinta","2","23","Wyoming","6/7/20","12","11","56041","91.67"
"Washakie","0","39","Wyoming","6/7/20","36","3","56043","8.33"
"Weston","0","1","Wyoming","6/7/20","1","0","56045","0"
