"Locality","DailyAvgNewCasesPast7Days","TotalCases","State","Date","TotalCases7DaysAgo","NewCasesPast7Days","FIPS-Code","PercentIncreaseTotalCasesPast7Days"
"Autauga","9","233","Alabama","6/1/20","168","65","01001","38.69"
"Baldwin","3","292","Alabama","6/1/20","274","18","01003","6.57"
"Barbour","8","172","Alabama","6/1/20","113","59","01005","52.21"
"Bibb","2","76","Alabama","6/1/20","59","17","01007","28.81"
"Blount","2","63","Alabama","6/1/20","49","14","01009","28.57"
"Bullock","11","209","Alabama","6/1/20","133","76","01011","57.14"
"Butler","8","414","Alabama","6/1/20","359","55","01013","15.32"
"Calhoun","3","164","Alabama","6/1/20","146","18","01015","12.33"
"Chambers","3","358","Alabama","6/1/20","337","21","01017","6.23"
"Cherokee","1","38","Alabama","6/1/20","33","5","01019","15.15"
"Chilton","2","103","Alabama","6/1/20","87","16","01021","18.39"
"Choctaw","1","153","Alabama","6/1/20","144","9","01023","6.25"
"Clarke","5","146","Alabama","6/1/20","109","37","01025","33.94"
"Clay","0","28","Alabama","6/1/20","27","1","01027","3.7"
"Cleburne","0","15","Alabama","6/1/20","13","2","01029","15.38"
"Coffee","5","238","Alabama","6/1/20","206","32","01031","15.53"
"Colbert","6","186","Alabama","6/1/20","142","44","01033","30.99"
"Conecuh","2","41","Alabama","6/1/20","28","13","01035","46.43"
"Coosa","1","40","Alabama","6/1/20","34","6","01037","17.65"
"Covington","2","81","Alabama","6/1/20","67","14","01039","20.9"
"Crenshaw","2","75","Alabama","6/1/20","60","15","01041","25"
"Cullman","10","147","Alabama","6/1/20","78","69","01043","88.46"
"Dale","5","122","Alabama","6/1/20","85","37","01045","43.53"
"Dallas","10","279","Alabama","6/1/20","206","73","01047","35.44"
"DeKalb","3","249","Alabama","6/1/20","226","23","01049","10.18"
"Elmore","13","362","Alabama","6/1/20","270","92","01051","34.07"
"Escambia","4","72","Alabama","6/1/20","43","29","01053","67.44"
"Etowah","3","260","Alabama","6/1/20","238","22","01055","9.24"
"Fayette","1","16","Alabama","6/1/20","11","5","01057","45.45"
"Franklin","14","562","Alabama","6/1/20","467","95","01059","20.34"
"Geneva","1","43","Alabama","6/1/20","35","8","01061","22.86"
"Greene","1","95","Alabama","6/1/20","91","4","01063","4.4"
"Hale","6","175","Alabama","6/1/20","132","43","01065","32.58"
"Henry","2","80","Alabama","6/1/20","64","16","01067","25"
"Houston","7","221","Alabama","6/1/20","172","49","01069","28.49"
"Jackson","1","81","Alabama","6/1/20","71","10","01071","14.08"
"Jefferson","33","1859","Alabama","6/1/20","1630","229","01073","14.05"
"Lamar","1","26","Alabama","6/1/20","20","6","01075","30"
"Lauderdale","4","166","Alabama","6/1/20","135","31","01077","22.96"
"Lawrence","1","50","Alabama","6/1/20","43","7","01079","16.28"
"Lee","6","550","Alabama","6/1/20","510","40","01081","7.84"
"Limestone","4","108","Alabama","6/1/20","77","31","01083","40.26"
"Lowndes","8","252","Alabama","6/1/20","193","59","01085","30.57"
"Macon","3","85","Alabama","6/1/20","62","23","01087","37.1"
"Madison","6","343","Alabama","6/1/20","302","41","01089","13.58"
"Marengo","4","171","Alabama","6/1/20","141","30","01091","21.28"
"Marion","1","122","Alabama","6/1/20","114","8","01093","7.02"
"Marshall","7","700","Alabama","6/1/20","650","50","01095","7.69"
"Mobile","34","2271","Alabama","6/1/20","2033","238","01097","11.71"
"Monroe","1","43","Alabama","6/1/20","33","10","01099","30.3"
"Montgomery","69","1758","Alabama","6/1/20","1274","484","01101","37.99"
"Morgan","16","287","Alabama","6/1/20","176","111","01103","63.07"
"Perry","1","42","Alabama","6/1/20","35","7","01105","20"
"Pickens","4","118","Alabama","6/1/20","93","25","01107","26.88"
"Pike","9","206","Alabama","6/1/20","145","61","01109","42.07"
"Randolph","0","127","Alabama","6/1/20","124","3","01111","2.42"
"Russell","5","175","Alabama","6/1/20","137","38","01113","27.74"
"Shelby","11","522","Alabama","6/1/20","447","75","01117","16.78"
"St. Clair","3","128","Alabama","6/1/20","104","24","01115","23.08"
"Sumter","4","224","Alabama","6/1/20","193","31","01119","16.06"
"Talladega","4","117","Alabama","6/1/20","91","26","01121","28.57"
"Tallapoosa","4","427","Alabama","6/1/20","400","27","01123","6.75"
"Tuscaloosa","34","799","Alabama","6/1/20","558","241","01125","43.19"
"Walker","19","370","Alabama","6/1/20","239","131","01127","54.81"
"Washington","1","71","Alabama","6/1/20","65","6","01129","9.23"
"Wilcox","5","150","Alabama","6/1/20","118","32","01131","27.12"
"Winston","3","90","Alabama","6/1/20","67","23","01133","34.33"
"Anchorage","4","232","Alaska","6/1/20","206","26","02020","12.62"
"Bethel","0","3","Alaska","6/1/20","2","1","02050","50"
"Fairbanks North Star","0","85","Alaska","6/1/20","85","0","02090","0"
"Juneau","0","33","Alaska","6/1/20","31","2","02110","6.45"
"Kenai Peninsula","3","49","Alaska","6/1/20","27","22","02122","81.48"
"Ketchikan Gateway","0","16","Alaska","6/1/20","16","0","02130","0"
"Kodiak Island","0","1","Alaska","6/1/20","1","0","02150","0"
"Matanuska-Susitna","1","29","Alaska","6/1/20","24","5","02170","20.83"
"Nome","0","3","Alaska","6/1/20","3","0","02180","0"
"North Slope","0","1","Alaska","6/1/20","0","1","02185","1"
"Northwest Arctic","0","2","Alaska","6/1/20","2","0","02188","0"
"Petersburg","0","4","Alaska","6/1/20","4","0","02195","0"
"Prince of Wales-Hyder","0","2","Alaska","6/1/20","2","0","02198","0"
"Sitka","0","2","Alaska","6/1/20","1","1","02220","100"
"Southeast Fairbanks","0","3","Alaska","6/1/20","3","0","02240","0"
"Yukon-Koyukuk","0","1","Alaska","6/1/20","1","0","02290","0"
"Apache","48","1526","Arizona","6/1/20","1191","335","04001","28.13"
"Cochise","2","76","Arizona","6/1/20","59","17","04003","28.81"
"Coconino","18","1155","Arizona","6/1/20","1028","127","04005","12.35"
"Gila","1","31","Arizona","6/1/20","24","7","04007","29.17"
"Graham","1","32","Arizona","6/1/20","24","8","04009","33.33"
"Greenlee","0","6","Arizona","6/1/20","3","3","04011","100"
"La Paz","4","79","Arizona","6/1/20","51","28","04012","54.9"
"Maricopa","223","9937","Arizona","6/1/20","8379","1558","04013","18.59"
"Mohave","12","403","Arizona","6/1/20","319","84","04015","26.33"
"Navajo","47","1873","Arizona","6/1/20","1543","330","04017","21.39"
"Pima","48","2382","Arizona","6/1/20","2046","336","04019","16.42"
"Pinal","14","865","Arizona","6/1/20","764","101","04021","13.22"
"Santa Cruz","21","330","Arizona","6/1/20","186","144","04023","77.42"
"Yavapai","1","297","Arizona","6/1/20","288","9","04025","3.12"
"Yuma","67","1137","Arizona","6/1/20","670","467","04027","69.7"
"Arkansas","1","7","Arkansas","6/1/20","3","4","05001","133.33"
"Ashley","0","19","Arkansas","6/1/20","19","0","05003","0"
"Baxter","1","12","Arkansas","6/1/20","7","5","05005","71.43"
"Benton","44","607","Arkansas","6/1/20","297","310","05007","104.38"
"Boone","0","6","Arkansas","6/1/20","6","0","05009","0"
"Bradley","1","22","Arkansas","6/1/20","17","5","05011","29.41"
"Carroll","1","25","Arkansas","6/1/20","15","10","05015","66.67"
"Chicot","0","15","Arkansas","6/1/20","13","2","05017","15.38"
"Clark","0","39","Arkansas","6/1/20","36","3","05019","8.33"
"Clay","0","4","Arkansas","6/1/20","4","0","05021","0"
"Cleburne","0","74","Arkansas","6/1/20","73","1","05023","1.37"
"Cleveland","0","19","Arkansas","6/1/20","18","1","05025","5.56"
"Columbia","0","23","Arkansas","6/1/20","20","3","05027","15"
"Conway","0","14","Arkansas","6/1/20","14","0","05029","0"
"Craighead","6","228","Arkansas","6/1/20","188","40","05031","21.28"
"Crawford","2","30","Arkansas","6/1/20","14","16","05033","114.29"
"Crittenden","13","386","Arkansas","6/1/20","293","93","05035","31.74"
"Cross","1","52","Arkansas","6/1/20","42","10","05037","23.81"
"Dallas","0","1","Arkansas","6/1/20","1","0","05039","0"
"Desha","0","19","Arkansas","6/1/20","19","0","05041","0"
"Drew","0","20","Arkansas","6/1/20","19","1","05043","5.26"
"Faulkner","0","102","Arkansas","6/1/20","100","2","05045","2"
"Franklin","0","4","Arkansas","6/1/20","4","0","05047","0"
"Fulton","0","7","Arkansas","6/1/20","6","1","05049","16.67"
"Garland","0","136","Arkansas","6/1/20","134","2","05051","1.49"
"Grant","0","18","Arkansas","6/1/20","16","2","05053","12.5"
"Greene","2","64","Arkansas","6/1/20","50","14","05055","28"
"Hempstead","1","18","Arkansas","6/1/20","13","5","05057","38.46"
"Hot Spring","0","32","Arkansas","6/1/20","30","2","05059","6.67"
"Howard","1","21","Arkansas","6/1/20","17","4","05061","23.53"
"Independence","0","31","Arkansas","6/1/20","28","3","05063","10.71"
"Izard","0","16","Arkansas","6/1/20","15","1","05065","6.67"
"Jackson","0","3","Arkansas","6/1/20","1","2","05067","200"
"Jefferson","3","523","Arkansas","6/1/20","504","19","05069","3.77"
"Johnson","1","48","Arkansas","6/1/20","38","10","05071","26.32"
"Lafayette","0","9","Arkansas","6/1/20","9","0","05073","0"
"Lawrence","0","84","Arkansas","6/1/20","82","2","05075","2.44"
"Lee","1","21","Arkansas","6/1/20","17","4","05077","23.53"
"Lincoln","1","983","Arkansas","6/1/20","975","8","05079","0.82"
"Little River","0","6","Arkansas","6/1/20","4","2","05081","50"
"Logan","0","7","Arkansas","6/1/20","4","3","05083","75"
"Lonoke","0","49","Arkansas","6/1/20","46","3","05085","6.52"
"Madison","3","23","Arkansas","6/1/20","5","18","05087","360"
"Marion","0","2","Arkansas","6/1/20","1","1","05089","100"
"Miller","0","45","Arkansas","6/1/20","42","3","05091","7.14"
"Mississippi","1","76","Arkansas","6/1/20","70","6","05093","8.57"
"Monroe","0","5","Arkansas","6/1/20","5","0","05095","0"
"Montgomery","0","2","Arkansas","6/1/20","1","1","05097","100"
"Nevada","0","7","Arkansas","6/1/20","4","3","05099","75"
"Newton","0","3","Arkansas","6/1/20","3","0","05101","0"
"Ouachita","0","10","Arkansas","6/1/20","10","0","05103","0"
"Perry","0","14","Arkansas","6/1/20","13","1","05105","7.69"
"Phillips","2","22","Arkansas","6/1/20","9","13","05107","144.44"
"Pike","0","5","Arkansas","6/1/20","4","1","05109","25"
"Poinsett","0","33","Arkansas","6/1/20","30","3","05111","10"
"Polk","1","21","Arkansas","6/1/20","11","10","05113","90.91"
"Pope","6","161","Arkansas","6/1/20","119","42","05115","35.29"
"Prairie","0","2","Arkansas","6/1/20","2","0","05117","0"
"Pulaski","16","903","Arkansas","6/1/20","793","110","05119","13.87"
"Randolph","0","26","Arkansas","6/1/20","26","0","05121","0"
"Saline","2","113","Arkansas","6/1/20","98","15","05125","15.31"
"Scott","0","1","Arkansas","6/1/20","1","0","05127","0"
"Searcy","0","7","Arkansas","6/1/20","6","1","05129","16.67"
"Sebastian","3","43","Arkansas","6/1/20","20","23","05131","115"
"Sevier","19","225","Arkansas","6/1/20","93","132","05133","141.94"
"Sharp","1","46","Arkansas","6/1/20","42","4","05135","9.52"
"St. Francis","5","676","Arkansas","6/1/20","639","37","05123","5.79"
"Stone","0","9","Arkansas","6/1/20","8","1","05137","12.5"
"Union","2","173","Arkansas","6/1/20","160","13","05139","8.12"
"Van Buren","0","28","Arkansas","6/1/20","28","0","05141","0"
"Washington","41","562","Arkansas","6/1/20","276","286","05143","103.62"
"White","1","44","Arkansas","6/1/20","40","4","05145","10"
"Woodruff","0","1","Arkansas","6/1/20","1","0","05147","0"
"Yell","9","162","Arkansas","6/1/20","99","63","05149","63.64"
"Alameda","85","3470","California","6/1/20","2874","596","06001","20.74"
"Alpine","0","2","California","6/1/20","2","0","06003","0"
"Amador","0","10","California","6/1/20","10","0","06005","0"
"Butte","2","51","California","6/1/20","34","17","06007","50"
"Calaveras","0","15","California","6/1/20","13","2","06009","15.38"
"Colusa","0","7","California","6/1/20","5","2","06011","40"
"Contra Costa","19","1468","California","6/1/20","1336","132","06013","9.88"
"Del Norte","1","46","California","6/1/20","37","9","06015","24.32"
"El Dorado","3","96","California","6/1/20","78","18","06017","23.08"
"Fresno","37","1743","California","6/1/20","1482","261","06019","17.61"
"Glenn","1","16","California","6/1/20","12","4","06021","33.33"
"Humboldt","1","101","California","6/1/20","93","8","06023","8.6"
"Imperial","68","1751","California","6/1/20","1274","477","06025","37.44"
"Inyo","0","20","California","6/1/20","19","1","06027","5.26"
"Kern","64","2322","California","6/1/20","1871","451","06029","24.1"
"Kings","68","1122","California","6/1/20","647","475","06031","73.42"
"Lake","1","21","California","6/1/20","12","9","06033","75"
"Lassen","0","5","California","6/1/20","4","1","06035","25"
"Los Angeles","1427","56011","California","6/1/20","46023","9988","06037","21.7"
"Madera","3","106","California","6/1/20","84","22","06039","26.19"
"Marin","11","483","California","6/1/20","403","80","06041","19.85"
"Mariposa","0","16","California","6/1/20","15","1","06043","6.67"
"Mendocino","1","30","California","6/1/20","21","9","06045","42.86"
"Merced","3","283","California","6/1/20","261","22","06047","8.43"
"Mono","0","37","California","6/1/20","34","3","06051","8.82"
"Monterey","19","545","California","6/1/20","413","132","06053","31.96"
"Napa","2","113","California","6/1/20","101","12","06055","11.88"
"Nevada","0","41","California","6/1/20","41","0","06057","0"
"Orange","144","6474","California","6/1/20","5469","1005","06059","18.38"
"Placer","5","217","California","6/1/20","185","32","06061","17.3"
"Plumas","0","4","California","6/1/20","4","0","06063","0"
"Riverside","140","7982","California","6/1/20","7004","978","06065","13.96"
"Sacramento","18","1429","California","6/1/20","1302","127","06067","9.75"
"San Benito","2","87","California","6/1/20","72","15","06069","20.83"
"San Bernardino","141","5355","California","6/1/20","4365","990","06071","22.68"
"San Diego","111","7481","California","6/1/20","6701","780","06073","11.64"
"San Francisco","26","2570","California","6/1/20","2386","184","06075","7.71"
"San Joaquin","22","908","California","6/1/20","752","156","06077","20.74"
"San Luis Obispo","2","271","California","6/1/20","259","12","06079","4.63"
"San Mateo","47","2165","California","6/1/20","1833","332","06081","18.11"
"Santa Barbara","14","1649","California","6/1/20","1551","98","06083","6.32"
"Santa Clara","18","2776","California","6/1/20","2652","124","06085","4.68"
"Santa Cruz","2","217","California","6/1/20","200","17","06087","8.5"
"Shasta","0","39","California","6/1/20","36","3","06089","8.33"
"Sierra","0","1","California","6/1/20","1","0","06091","0"
"Siskiyou","0","7","California","6/1/20","6","1","06093","16.67"
"Solano","9","517","California","6/1/20","455","62","06095","13.63"
"Sonoma","9","564","California","6/1/20","500","64","06097","12.8"
"Stanislaus","14","744","California","6/1/20","646","98","06099","15.17"
"Sutter","1","46","California","6/1/20","40","6","06101","15"
"Tehama","0","4","California","6/1/20","3","1","06103","33.33"
"Trinity","0","1","California","6/1/20","1","0","06105","0"
"Tulare","37","1897","California","6/1/20","1641","256","06107","15.6"
"Tuolumne","0","4","California","6/1/20","3","1","06109","33.33"
"Ventura","34","1152","California","6/1/20","912","240","06111","26.32"
"Yolo","2","211","California","6/1/20","194","17","06113","8.76"
"Yuba","0","30","California","6/1/20","28","2","06115","7.14"
"Adams","55","3291","Colorado","6/1/20","2908","383","08001","13.17"
"Alamosa","3","78","Colorado","6/1/20","58","20","08003","34.48"
"Arapahoe","49","4416","Colorado","6/1/20","4075","341","08005","8.37"
"Archuleta","0","8","Colorado","6/1/20","8","0","08007","0"
"Baca","0","12","Colorado","6/1/20","12","0","08009","0"
"Bent","0","2","Colorado","6/1/20","2","0","08011","0"
"Boulder","7","984","Colorado","6/1/20","932","52","08013","5.58"
"Broomfield","3","242","Colorado","6/1/20","221","21","08014","9.5"
"Chaffee","1","76","Colorado","6/1/20","71","5","08015","7.04"
"Cheyenne","0","5","Colorado","6/1/20","5","0","08017","0"
"Clear Creek","0","17","Colorado","6/1/20","16","1","08019","6.25"
"Conejos","0","2","Colorado","6/1/20","1","1","08021","100"
"Costilla","0","6","Colorado","6/1/20","3","3","08023","100"
"Crowley","0","64","Colorado","6/1/20","63","1","08025","1.59"
"Custer","0","2","Colorado","6/1/20","2","0","08027","0"
"Delta","0","69","Colorado","6/1/20","67","2","08029","2.99"
"Denver","84","5802","Colorado","6/1/20","5216","586","08031","11.23"
"Douglas","7","724","Colorado","6/1/20","678","46","08035","6.78"
"Eagle","1","587","Colorado","6/1/20","577","10","08037","1.73"
"El Paso","30","1748","Colorado","6/1/20","1535","213","08041","13.88"
"Elbert","1","53","Colorado","6/1/20","49","4","08039","8.16"
"Fremont","0","26","Colorado","6/1/20","26","0","08043","0"
"Garfield","3","143","Colorado","6/1/20","123","20","08045","16.26"
"Gilpin","0","3","Colorado","6/1/20","3","0","08047","0"
"Grand","1","14","Colorado","6/1/20","7","7","08049","100"
"Gunnison","0","177","Colorado","6/1/20","179","-2","08051","-1.12"
"Hinsdale","0","3","Colorado","6/1/20","3","0","08053","0"
"Huerfano","0","3","Colorado","6/1/20","3","0","08055","0"
"Jefferson","26","2244","Colorado","6/1/20","2061","183","08059","8.88"
"Kit Carson","0","26","Colorado","6/1/20","26","0","08063","0"
"La Plata","1","82","Colorado","6/1/20","77","5","08067","6.49"
"Lake","1","31","Colorado","6/1/20","27","4","08065","14.81"
"Larimer","7","589","Colorado","6/1/20","540","49","08069","9.07"
"Las Animas","0","5","Colorado","6/1/20","5","0","08071","0"
"Lincoln","0","3","Colorado","6/1/20","3","0","08073","0"
"Logan","5","619","Colorado","6/1/20","582","37","08075","6.36"
"Mesa","0","55","Colorado","6/1/20","55","0","08077","0"
"Mineral","0","2","Colorado","6/1/20","2","0","08079","0"
"Moffat","0","7","Colorado","6/1/20","6","1","08081","16.67"
"Montezuma","1","46","Colorado","6/1/20","36","10","08083","27.78"
"Montrose","3","177","Colorado","6/1/20","159","18","08085","11.32"
"Morgan","3","630","Colorado","6/1/20","609","21","08087","3.45"
"Otero","1","19","Colorado","6/1/20","15","4","08089","26.67"
"Ouray","0","8","Colorado","6/1/20","8","0","08091","0"
"Park","0","23","Colorado","6/1/20","23","0","08093","0"
"Phillips","0","14","Colorado","6/1/20","12","2","08095","16.67"
"Pitkin","0","58","Colorado","6/1/20","57","1","08097","1.75"
"Prowers","0","14","Colorado","6/1/20","12","2","08099","16.67"
"Pueblo","5","297","Colorado","6/1/20","263","34","08101","12.93"
"Rio Blanco","0","1","Colorado","6/1/20","1","0","08103","0"
"Rio Grande","3","35","Colorado","6/1/20","16","19","08105","118.75"
"Routt","0","62","Colorado","6/1/20","59","3","08107","5.08"
"Saguache","8","89","Colorado","6/1/20","36","53","08109","147.22"
"San Juan","0","1","Colorado","6/1/20","1","0","08111","0"
"San Miguel","0","23","Colorado","6/1/20","23","0","08113","0"
"Summit","4","231","Colorado","6/1/20","205","26","08117","12.68"
"Teller","0","33","Colorado","6/1/20","32","1","08119","3.12"
"Washington","1","41","Colorado","6/1/20","32","9","08121","28.12"
"Weld","13","2501","Colorado","6/1/20","2412","89","08123","3.69"
"Yuma","3","40","Colorado","6/1/20","18","22","08125","122.22"
"Fairfield","71","15709","Connecticut","6/1/20","15213","496","09001","3.26"
"Hartford","87","10448","Connecticut","6/1/20","9841","607","09003","6.17"
"Litchfield","8","1400","Connecticut","6/1/20","1346","54","09005","4.01"
"Middlesex","19","1143","Connecticut","6/1/20","1012","131","09007","12.94"
"New Haven","66","11479","Connecticut","6/1/20","11017","462","09009","4.19"
"New London","7","1091","Connecticut","6/1/20","1043","48","09011","4.6"
"Tolland","5","845","Connecticut","6/1/20","812","33","09013","4.06"
"Windham","3","388","Connecticut","6/1/20","365","23","09015","6.3"
"Kent","12","1440","Delaware","6/1/20","1356","84","10001","6.19"
"New Castle","57","3838","Delaware","6/1/20","3436","402","10003","11.7"
"Sussex","22","4272","Delaware","6/1/20","4118","154","10005","3.74"
"","0","49","Diamond Princess","6/1/20","49","0",,"0"
"District of Columbia","90","8857","District of Columbia","6/1/20","8225","632","11001","7.68"
"Alachua","2","382","Florida","6/1/20","365","17","12001","4.66"
"Baker","0","29","Florida","6/1/20","27","2","12003","7.41"
"Bay","0","100","Florida","6/1/20","97","3","12005","3.09"
"Bradford","0","51","Florida","6/1/20","51","0","12007","0"
"Brevard","4","424","Florida","6/1/20","398","26","12009","6.53"
"Broward","62","7196","Florida","6/1/20","6760","436","12011","6.45"
"Calhoun","1","61","Florida","6/1/20","52","9","12013","17.31"
"Charlotte","5","461","Florida","6/1/20","427","34","12015","7.96"
"Citrus","0","122","Florida","6/1/20","119","3","12017","2.52"
"Clay","3","383","Florida","6/1/20","362","21","12019","5.8"
"Collier","43","1580","Florida","6/1/20","1282","298","12021","23.24"
"Columbia","2","148","Florida","6/1/20","131","17","12023","12.98"
"DeSoto","9","182","Florida","6/1/20","117","65","12027","55.56"
"Dixie","2","54","Florida","6/1/20","43","11","12029","25.58"
"Duval","27","1654","Florida","6/1/20","1467","187","12031","12.75"
"Escambia","9","828","Florida","6/1/20","768","60","12033","7.81"
"Flagler","2","189","Florida","6/1/20","177","12","12035","6.78"
"Franklin","0","2","Florida","6/1/20","2","0","12037","0"
"Gadsden","2","276","Florida","6/1/20","264","12","12039","4.55"
"Gilchrist","0","15","Florida","6/1/20","12","3","12041","25"
"Glades","2","32","Florida","6/1/20","20","12","12043","60"
"Gulf","0","1","Florida","6/1/20","1","0","12045","0"
"Hamilton","5","239","Florida","6/1/20","206","33","12047","16.02"
"Hardee","2","101","Florida","6/1/20","85","16","12049","18.82"
"Hendry","16","431","Florida","6/1/20","321","110","12051","34.27"
"Hernando","0","115","Florida","6/1/20","112","3","12053","2.68"
"Highlands","2","130","Florida","6/1/20","114","16","12055","14.04"
"Hillsborough","45","2251","Florida","6/1/20","1939","312","12057","16.09"
"Holmes","1","19","Florida","6/1/20","14","5","12059","35.71"
"Indian River","2","133","Florida","6/1/20","117","16","12061","13.68"
"Jackson","3","256","Florida","6/1/20","238","18","12063","7.56"
"Jefferson","0","29","Florida","6/1/20","29","0","12065","0"
"Lafayette","0","8","Florida","6/1/20","8","0","12067","0"
"Lake","4","304","Florida","6/1/20","275","29","12069","10.55"
"Lee","30","1943","Florida","6/1/20","1736","207","12071","11.92"
"Leon","5","405","Florida","6/1/20","372","33","12073","8.87"
"Levy","1","34","Florida","6/1/20","29","5","12075","17.24"
"Liberty","1","213","Florida","6/1/20","209","4","12077","1.91"
"Madison","0","69","Florida","6/1/20","69","0","12079","0"
"Manatee","10","1057","Florida","6/1/20","988","69","12081","6.98"
"Marion","2","250","Florida","6/1/20","237","13","12083","5.49"
"Martin","20","652","Florida","6/1/20","510","142","12085","27.84"
"Miami-Dade","157","18139","Florida","6/1/20","17041","1098","12086","6.44"
"Monroe","0","109","Florida","6/1/20","107","2","12087","1.87"
"Nassau","1","76","Florida","6/1/20","70","6","12089","8.57"
"Okaloosa","6","232","Florida","6/1/20","193","39","12091","20.21"
"Okeechobee","3","84","Florida","6/1/20","64","20","12093","31.25"
"Orange","29","2031","Florida","6/1/20","1831","200","12095","10.92"
"Osceola","6","703","Florida","6/1/20","658","45","12097","6.84"
"Palm Beach","111","6135","Florida","6/1/20","5355","780","12099","14.57"
"Pasco","4","388","Florida","6/1/20","360","28","12101","7.78"
"Pinellas","18","1313","Florida","6/1/20","1187","126","12103","10.61"
"Polk","23","1038","Florida","6/1/20","878","160","12105","18.22"
"Putnam","1","153","Florida","6/1/20","143","10","12107","6.99"
"Santa Rosa","6","247","Florida","6/1/20","208","39","12113","18.75"
"Sarasota","7","639","Florida","6/1/20","590","49","12115","8.31"
"Seminole","4","491","Florida","6/1/20","461","30","12117","6.51"
"St. Johns","3","260","Florida","6/1/20","240","20","12109","8.33"
"St. Lucie","10","473","Florida","6/1/20","404","69","12111","17.08"
"Sumter","0","253","Florida","6/1/20","253","0","12119","0"
"Suwannee","0","168","Florida","6/1/20","166","2","12121","1.2"
"Taylor","1","22","Florida","6/1/20","14","8","12123","57.14"
"Union","0","32","Florida","6/1/20","30","2","12125","6.67"
"Volusia","10","741","Florida","6/1/20","673","68","12127","10.1"
"Wakulla","0","35","Florida","6/1/20","32","3","12129","9.38"
"Walton","1","117","Florida","6/1/20","108","9","12131","8.33"
"Washington","2","58","Florida","6/1/20","45","13","12133","28.89"
"Appling","4","161","Georgia","6/1/20","134","27","13001","20.15"
"Atkinson","3","51","Georgia","6/1/20","31","20","13003","64.52"
"Bacon","7","129","Georgia","6/1/20","77","52","13005","67.53"
"Baker","0","35","Georgia","6/1/20","33","2","13007","6.06"
"Baldwin","3","349","Georgia","6/1/20","330","19","13009","5.76"
"Banks","3","92","Georgia","6/1/20","73","19","13011","26.03"
"Barrow","6","333","Georgia","6/1/20","292","41","13013","14.04"
"Bartow","5","481","Georgia","6/1/20","443","38","13015","8.58"
"Ben Hill","2","76","Georgia","6/1/20","61","15","13017","24.59"
"Berrien","2","49","Georgia","6/1/20","37","12","13019","32.43"
"Bibb","5","467","Georgia","6/1/20","435","32","13021","7.36"
"Bleckley","1","45","Georgia","6/1/20","38","7","13023","18.42"
"Brantley","1","57","Georgia","6/1/20","51","6","13025","11.76"
"Brooks","0","69","Georgia","6/1/20","67","2","13027","2.99"
"Bryan","1","75","Georgia","6/1/20","70","5","13029","7.14"
"Bulloch","2","65","Georgia","6/1/20","52","13","13031","25"
"Burke","0","122","Georgia","6/1/20","123","-1","13033","-0.81"
"Butts","2","228","Georgia","6/1/20","211","17","13035","8.06"
"Calhoun","1","132","Georgia","6/1/20","128","4","13037","3.12"
"Camden","1","63","Georgia","6/1/20","55","8","13039","14.55"
"Candler","0","13","Georgia","6/1/20","13","0","13043","0"
"Carroll","8","526","Georgia","6/1/20","472","54","13045","11.44"
"Catoosa","5","140","Georgia","6/1/20","105","35","13047","33.33"
"Charlton","1","33","Georgia","6/1/20","29","4","13049","13.79"
"Chatham","10","516","Georgia","6/1/20","448","68","13051","15.18"
"Chattahoochee","13","114","Georgia","6/1/20","25","89","13053","356"
"Chattooga","0","24","Georgia","6/1/20","24","0","13055","0"
"Cherokee","11","910","Georgia","6/1/20","831","79","13057","9.51"
"Clarke","9","293","Georgia","6/1/20","232","61","13059","26.29"
"Clay","1","39","Georgia","6/1/20","35","4","13061","11.43"
"Clayton","15","1234","Georgia","6/1/20","1132","102","13063","9.01"
"Clinch","0","59","Georgia","6/1/20","56","3","13065","5.36"
"Cobb","37","3052","Georgia","6/1/20","2795","257","13067","9.19"
"Coffee","4","277","Georgia","6/1/20","250","27","13069","10.8"
"Colquitt","19","479","Georgia","6/1/20","349","130","13071","37.25"
"Columbia","4","251","Georgia","6/1/20","224","27","13073","12.05"
"Cook","0","47","Georgia","6/1/20","46","1","13075","2.17"
"Coweta","6","421","Georgia","6/1/20","376","45","13077","11.97"
"Crawford","0","28","Georgia","6/1/20","26","2","13079","7.69"
"Crisp","2","236","Georgia","6/1/20","223","13","13081","5.83"
"Dade","1","36","Georgia","6/1/20","27","9","13083","33.33"
"Dawson","1","109","Georgia","6/1/20","103","6","13085","5.83"
"Decatur","6","194","Georgia","6/1/20","153","41","13087","26.8"
"DeKalb","70","3795","Georgia","6/1/20","3305","490","13089","14.83"
"Dodge","1","52","Georgia","6/1/20","48","4","13091","8.33"
"Dooly","1","182","Georgia","6/1/20","172","10","13093","5.81"
"Dougherty","7","1780","Georgia","6/1/20","1730","50","13095","2.89"
"Douglas","6","546","Georgia","6/1/20","504","42","13097","8.33"
"Early","1","241","Georgia","6/1/20","235","6","13099","2.55"
"Echols","8","119","Georgia","6/1/20","62","57","13101","91.94"
"Effingham","2","74","Georgia","6/1/20","63","11","13103","17.46"
"Elbert","1","75","Georgia","6/1/20","71","4","13105","5.63"
"Emanuel","0","28","Georgia","6/1/20","27","1","13107","3.7"
"Evans","0","5","Georgia","6/1/20","5","0","13109","0"
"Fannin","1","46","Georgia","6/1/20","40","6","13111","15"
"Fayette","2","235","Georgia","6/1/20","221","14","13113","6.33"
"Floyd","6","268","Georgia","6/1/20","228","40","13115","17.54"
"Forsyth","6","523","Georgia","6/1/20","480","43","13117","8.96"
"Franklin","9","102","Georgia","6/1/20","39","63","13119","161.54"
"Fulton","77","4621","Georgia","6/1/20","4080","541","13121","13.26"
"Gilmer","3","155","Georgia","6/1/20","137","18","13123","13.14"
"Glascock","0","1","Georgia","6/1/20","1","0","13125","0"
"Glynn","5","122","Georgia","6/1/20","87","35","13127","40.23"
"Gordon","4","164","Georgia","6/1/20","138","26","13129","18.84"
"Grady","3","111","Georgia","6/1/20","93","18","13131","19.35"
"Greene","1","68","Georgia","6/1/20","64","4","13133","6.25"
"Gwinnett","96","3870","Georgia","6/1/20","3198","672","13135","21.01"
"Habersham","4","530","Georgia","6/1/20","502","28","13137","5.58"
"Hall","26","2507","Georgia","6/1/20","2327","180","13139","7.74"
"Hancock","1","197","Georgia","6/1/20","191","6","13141","3.14"
"Haralson","1","45","Georgia","6/1/20","36","9","13143","25"
"Harris","3","101","Georgia","6/1/20","83","18","13145","21.69"
"Hart","1","33","Georgia","6/1/20","26","7","13147","26.92"
"Heard","1","34","Georgia","6/1/20","28","6","13149","21.43"
"Henry","7","693","Georgia","6/1/20","641","52","13151","8.11"
"Houston","4","375","Georgia","6/1/20","349","26","13153","7.45"
"Irwin","1","30","Georgia","6/1/20","24","6","13155","25"
"Jackson","7","195","Georgia","6/1/20","148","47","13157","31.76"
"Jasper","1","40","Georgia","6/1/20","31","9","13159","29.03"
"Jeff Davis","0","37","Georgia","6/1/20","34","3","13161","8.82"
"Jefferson","2","43","Georgia","6/1/20","29","14","13163","48.28"
"Jenkins","0","20","Georgia","6/1/20","18","2","13165","11.11"
"Johnson","0","83","Georgia","6/1/20","81","2","13167","2.47"
"Jones","1","40","Georgia","6/1/20","34","6","13169","17.65"
"Lamar","3","71","Georgia","6/1/20","53","18","13171","33.96"
"Lanier","2","25","Georgia","6/1/20","14","11","13173","78.57"
"Laurens","1","108","Georgia","6/1/20","104","4","13175","3.85"
"Lee","1","361","Georgia","6/1/20","354","7","13177","1.98"
"Liberty","2","82","Georgia","6/1/20","67","15","13179","22.39"
"Lincoln","0","16","Georgia","6/1/20","15","1","13181","6.67"
"Long","1","16","Georgia","6/1/20","12","4","13183","33.33"
"Lowndes","9","316","Georgia","6/1/20","250","66","13185","26.4"
"Lumpkin","1","99","Georgia","6/1/20","91","8","13187","8.79"
"Macon","1","102","Georgia","6/1/20","95","7","13193","7.37"
"Madison","2","55","Georgia","6/1/20","39","16","13195","41.03"
"Marion","1","57","Georgia","6/1/20","49","8","13197","16.33"
"McDuffie","1","67","Georgia","6/1/20","63","4","13189","6.35"
"McIntosh","1","16","Georgia","6/1/20","12","4","13191","33.33"
"Meriwether","1","86","Georgia","6/1/20","78","8","13199","10.26"
"Miller","1","42","Georgia","6/1/20","38","4","13201","10.53"
"Mitchell","2","413","Georgia","6/1/20","399","14","13205","3.51"
"Monroe","0","121","Georgia","6/1/20","118","3","13207","2.54"
"Montgomery","0","10","Georgia","6/1/20","10","0","13209","0"
"Morgan","0","38","Georgia","6/1/20","37","1","13211","2.7"
"Murray","2","94","Georgia","6/1/20","78","16","13213","20.51"
"Muscogee","10","632","Georgia","6/1/20","564","68","13215","12.06"
"Newton","7","361","Georgia","6/1/20","311","50","13217","16.08"
"Oconee","2","116","Georgia","6/1/20","105","11","13219","10.48"
"Oglethorpe","1","62","Georgia","6/1/20","58","4","13221","6.9"
"Out of GA","22","2142","Georgia","6/1/20","1986","156","80013","7.85"
"Paulding","5","328","Georgia","6/1/20","291","37","13223","12.71"
"Peach","0","73","Georgia","6/1/20","70","3","13225","4.29"
"Pickens","1","48","Georgia","6/1/20","43","5","13227","11.63"
"Pierce","1","99","Georgia","6/1/20","90","9","13229","10"
"Pike","1","54","Georgia","6/1/20","50","4","13231","8"
"Polk","4","124","Georgia","6/1/20","97","27","13233","27.84"
"Pulaski","0","42","Georgia","6/1/20","39","3","13235","7.69"
"Putnam","1","93","Georgia","6/1/20","88","5","13237","5.68"
"Quitman","0","12","Georgia","6/1/20","11","1","13239","9.09"
"Rabun","1","24","Georgia","6/1/20","15","9","13241","60"
"Randolph","1","179","Georgia","6/1/20","174","5","13243","2.87"
"Richmond","9","599","Georgia","6/1/20","534","65","13245","12.17"
"Rockdale","3","285","Georgia","6/1/20","267","18","13247","6.74"
"Schley","0","17","Georgia","6/1/20","16","1","13249","6.25"
"Screven","4","55","Georgia","6/1/20","28","27","13251","96.43"
"Seminole","0","46","Georgia","6/1/20","43","3","13253","6.98"
"Spalding","3","277","Georgia","6/1/20","259","18","13255","6.95"
"Stephens","3","147","Georgia","6/1/20","123","24","13257","19.51"
"Stewart","1","52","Georgia","6/1/20","44","8","13259","18.18"
"Sumter","5","487","Georgia","6/1/20","449","38","13261","8.46"
"Talbot","1","39","Georgia","6/1/20","35","4","13263","11.43"
"Taliaferro","0","1","Georgia","6/1/20","1","0","13265","0"
"Tattnall","2","27","Georgia","6/1/20","15","12","13267","80"
"Taylor","0","22","Georgia","6/1/20","21","1","13269","4.76"
"Telfair","1","37","Georgia","6/1/20","33","4","13271","12.12"
"Terrell","0","213","Georgia","6/1/20","211","2","13273","0.95"
"Thomas","2","329","Georgia","6/1/20","313","16","13275","5.11"
"Tift","5","266","Georgia","6/1/20","228","38","13277","16.67"
"Toombs","1","56","Georgia","6/1/20","50","6","13279","12"
"Towns","0","24","Georgia","6/1/20","22","2","13281","9.09"
"Treutlen","0","10","Georgia","6/1/20","8","2","13283","25"
"Troup","8","318","Georgia","6/1/20","260","58","13285","22.31"
"Turner","3","125","Georgia","6/1/20","105","20","13287","19.05"
"Twiggs","0","17","Georgia","6/1/20","14","3","13289","21.43"
"Union","1","46","Georgia","6/1/20","39","7","13291","17.95"
"Upson","1","283","Georgia","6/1/20","275","8","13293","2.91"
"Walker","10","168","Georgia","6/1/20","96","72","13295","75"
"Walton","10","265","Georgia","6/1/20","196","69","13297","35.2"
"Ware","1","228","Georgia","6/1/20","218","10","13299","4.59"
"Warren","0","18","Georgia","6/1/20","18","0","13301","0"
"Washington","0","74","Georgia","6/1/20","73","1","13303","1.37"
"Wayne","0","20","Georgia","6/1/20","17","3","13305","17.65"
"Webster","0","13","Georgia","6/1/20","11","2","13307","18.18"
"Wheeler","1","13","Georgia","6/1/20","9","4","13309","44.44"
"White","1","103","Georgia","6/1/20","94","9","13311","9.57"
"Whitfield","15","391","Georgia","6/1/20","283","108","13313","38.16"
"Wilcox","3","116","Georgia","6/1/20","98","18","13315","18.37"
"Wilkes","0","33","Georgia","6/1/20","32","1","13317","3.12"
"Wilkinson","1","69","Georgia","6/1/20","65","4","13319","6.15"
"Worth","2","222","Georgia","6/1/20","210","12","13321","5.71"
"","0","103","Grand Princess","6/1/20","103","0",,"0"
"","1","175","Guam","6/1/20","166","9",,"5.42"
"Hawaii","0","81","Hawaii","6/1/20","81","0","15001","0"
"Honolulu","1","421","Hawaii","6/1/20","414","7","15003","1.69"
"Kauai","0","20","Hawaii","6/1/20","20","0","15007","0"
"Maui","0","120","Hawaii","6/1/20","118","2","15009","1.69"
"Out of HI","0","10","Hawaii","6/1/20","10","0","80015","0"
"Ada","2","812","Idaho","6/1/20","796","16","16001","2.01"
"Adams","0","3","Idaho","6/1/20","3","0","16003","0"
"Bannock","1","28","Idaho","6/1/20","18","10","16005","55.56"
"Benewah","1","8","Idaho","6/1/20","0","8","16009","1"
"Bingham","0","6","Idaho","6/1/20","6","0","16011","0"
"Blaine","0","512","Idaho","6/1/20","510","2","16013","0.39"
"Bonner","0","6","Idaho","6/1/20","4","2","16017","50"
"Bonneville","2","47","Idaho","6/1/20","32","15","16019","46.88"
"Camas","0","1","Idaho","6/1/20","1","0","16025","0"
"Canyon","3","303","Idaho","6/1/20","284","19","16027","6.69"
"Caribou","0","1","Idaho","6/1/20","1","0","16029","0"
"Cassia","5","63","Idaho","6/1/20","28","35","16031","125"
"Custer","0","2","Idaho","6/1/20","2","0","16037","0"
"Elmore","0","31","Idaho","6/1/20","31","0","16039","0"
"Franklin","0","2","Idaho","6/1/20","0","2","16041","1"
"Fremont","0","3","Idaho","6/1/20","3","0","16043","0"
"Gem","0","17","Idaho","6/1/20","17","0","16045","0"
"Gooding","1","47","Idaho","6/1/20","39","8","16047","20.51"
"Idaho","0","3","Idaho","6/1/20","3","0","16049","0"
"Jefferson","0","7","Idaho","6/1/20","7","0","16051","0"
"Jerome","3","169","Idaho","6/1/20","145","24","16053","16.55"
"Kootenai","0","68","Idaho","6/1/20","66","2","16055","3.03"
"Latah","0","7","Idaho","6/1/20","7","0","16057","0"
"Lemhi","0","1","Idaho","6/1/20","1","0","16059","0"
"Lincoln","0","33","Idaho","6/1/20","30","3","16063","10"
"Madison","0","21","Idaho","6/1/20","20","1","16065","5"
"Minidoka","3","50","Idaho","6/1/20","29","21","16067","72.41"
"Nez Perce","0","82","Idaho","6/1/20","81","1","16069","1.23"
"Owyhee","0","8","Idaho","6/1/20","8","0","16073","0"
"Payette","0","23","Idaho","6/1/20","23","0","16075","0"
"Power","0","5","Idaho","6/1/20","3","2","16077","66.67"
"Teton","0","11","Idaho","6/1/20","11","0","16081","0"
"Twin Falls","5","419","Idaho","6/1/20","381","38","16083","9.97"
"Valley","0","2","Idaho","6/1/20","2","0","16085","0"
"Washington","1","38","Idaho","6/1/20","34","4","16087","11.76"
"Adams","0","44","Illinois","6/1/20","44","0","17001","0"
"Alexander","0","8","Illinois","6/1/20","8","0","17003","0"
"Bond","0","12","Illinois","6/1/20","10","2","17005","20"
"Boone","9","463","Illinois","6/1/20","397","66","17007","16.62"
"Brown","0","10","Illinois","6/1/20","10","0","17009","0"
"Bureau","0","15","Illinois","6/1/20","15","0","17011","0"
"Calhoun","0","1","Illinois","6/1/20","1","0","17013","0"
"Carroll","0","15","Illinois","6/1/20","13","2","17015","15.38"
"Cass","1","73","Illinois","6/1/20","67","6","17017","8.96"
"Champaign","12","645","Illinois","6/1/20","564","81","17019","14.36"
"Christian","0","35","Illinois","6/1/20","33","2","17021","6.06"
"Clark","0","11","Illinois","6/1/20","10","1","17023","10"
"Clay","0","2","Illinois","6/1/20","2","0","17025","0"
"Clinton","1","186","Illinois","6/1/20","177","9","17027","5.08"
"Coles","2","127","Illinois","6/1/20","116","11","17029","9.48"
"Cook","771","78495","Illinois","6/1/20","73097","5398","17031","7.38"
"Crawford","0","11","Illinois","6/1/20","11","0","17033","0"
"Cumberland","0","10","Illinois","6/1/20","10","0","17035","0"
"De Witt","0","4","Illinois","6/1/20","4","0","17039","0"
"DeKalb","13","418","Illinois","6/1/20","325","93","17037","28.62"
"Douglas","0","28","Illinois","6/1/20","27","1","17041","3.7"
"DuPage","80","7765","Illinois","6/1/20","7207","558","17043","7.74"
"Edgar","0","1","Illinois","6/1/20","0","1","17045","1"
"Edwards","0","2","Illinois","6/1/20","2","0","17047","0"
"Effingham","0","7","Illinois","6/1/20","6","1","17049","16.67"
"Fayette","0","21","Illinois","6/1/20","20","1","17051","5"
"Ford","0","20","Illinois","6/1/20","20","0","17053","0"
"Franklin","0","12","Illinois","6/1/20","12","0","17055","0"
"Fulton","0","11","Illinois","6/1/20","11","0","17057","0"
"Gallatin","0","2","Illinois","6/1/20","2","0","17059","0"
"Greene","0","5","Illinois","6/1/20","5","0","17061","0"
"Grundy","1","99","Illinois","6/1/20","89","10","17063","11.24"
"Hamilton","0","2","Illinois","6/1/20","2","0","17065","0"
"Hancock","1","17","Illinois","6/1/20","13","4","17067","30.77"
"Hardin","0","1","Illinois","6/1/20","1","0","17069","0"
"Henderson","0","8","Illinois","6/1/20","8","0","17071","0"
"Henry","0","69","Illinois","6/1/20","67","2","17073","2.99"
"Iroquois","0","132","Illinois","6/1/20","130","2","17075","1.54"
"Jackson","9","289","Illinois","6/1/20","228","61","17077","26.75"
"Jasper","0","45","Illinois","6/1/20","45","0","17079","0"
"Jefferson","0","101","Illinois","6/1/20","101","0","17081","0"
"Jersey","1","24","Illinois","6/1/20","20","4","17083","20"
"Jo Daviess","1","32","Illinois","6/1/20","27","5","17085","18.52"
"Johnson","0","9","Illinois","6/1/20","7","2","17087","28.57"
"Kane","92","6404","Illinois","6/1/20","5761","643","17089","11.16"
"Kankakee","17","915","Illinois","6/1/20","799","116","17091","14.52"
"Kendall","13","804","Illinois","6/1/20","714","90","17093","12.61"
"Knox","1","101","Illinois","6/1/20","94","7","17095","7.45"
"Lake","98","8408","Illinois","6/1/20","7723","685","17097","8.87"
"LaSalle","2","153","Illinois","6/1/20","140","13","17099","9.29"
"Lawrence","0","4","Illinois","6/1/20","4","0","17101","0"
"Lee","1","81","Illinois","6/1/20","77","4","17103","5.19"
"Livingston","0","34","Illinois","6/1/20","31","3","17105","9.68"
"Logan","0","11","Illinois","6/1/20","10","1","17107","10"
"Macon","1","194","Illinois","6/1/20","188","6","17115","3.19"
"Macoupin","1","45","Illinois","6/1/20","41","4","17117","9.76"
"Madison","8","594","Illinois","6/1/20","539","55","17119","10.2"
"Marion","0","50","Illinois","6/1/20","50","0","17121","0"
"Marshall","0","5","Illinois","6/1/20","5","0","17123","0"
"Mason","0","18","Illinois","6/1/20","17","1","17125","5.88"
"Massac","0","7","Illinois","6/1/20","7","0","17127","0"
"McDonough","1","89","Illinois","6/1/20","83","6","17109","7.23"
"McHenry","23","1585","Illinois","6/1/20","1427","158","17111","11.07"
"McLean","1","220","Illinois","6/1/20","211","9","17113","4.27"
"Menard","0","20","Illinois","6/1/20","17","3","17129","17.65"
"Mercer","0","17","Illinois","6/1/20","15","2","17131","13.33"
"Monroe","1","96","Illinois","6/1/20","92","4","17133","4.35"
"Montgomery","0","39","Illinois","6/1/20","39","0","17135","0"
"Morgan","0","36","Illinois","6/1/20","34","2","17137","5.88"
"Moultrie","0","11","Illinois","6/1/20","10","1","17139","10"
"Ogle","3","211","Illinois","6/1/20","192","19","17141","9.9"
"Out of IL","-7","118","Illinois","6/1/20","164","-46","80017","-28.05"
"Peoria","8","238","Illinois","6/1/20","179","59","17143","32.96"
"Perry","0","41","Illinois","6/1/20","41","0","17145","0"
"Piatt","0","11","Illinois","6/1/20","11","0","17147","0"
"Pike","0","1","Illinois","6/1/20","1","0","17149","0"
"Pope","0","1","Illinois","6/1/20","1","0","17151","0"
"Pulaski","2","56","Illinois","6/1/20","40","16","17153","40"
"Putnam","0","1","Illinois","6/1/20","1","0","17155","0"
"Randolph","1","269","Illinois","6/1/20","259","10","17157","3.86"
"Richland","0","3","Illinois","6/1/20","3","0","17159","0"
"Rock Island","4","661","Illinois","6/1/20","636","25","17161","3.93"
"Saline","0","7","Illinois","6/1/20","7","0","17165","0"
"Sangamon","3","350","Illinois","6/1/20","331","19","17167","5.74"
"Schuyler","0","13","Illinois","6/1/20","10","3","17169","30"
"Shelby","0","16","Illinois","6/1/20","16","0","17173","0"
"St. Clair","23","1152","Illinois","6/1/20","991","161","17163","16.25"
"Stark","0","3","Illinois","6/1/20","3","0","17175","0"
"Stephenson","3","209","Illinois","6/1/20","190","19","17177","10"
"Tazewell","1","73","Illinois","6/1/20","67","6","17179","8.96"
"Union","2","155","Illinois","6/1/20","141","14","17181","9.93"
"Vermilion","0","40","Illinois","6/1/20","39","1","17183","2.56"
"Wabash","0","5","Illinois","6/1/20","2","3","17185","150"
"Warren","0","117","Illinois","6/1/20","114","3","17187","2.63"
"Washington","0","18","Illinois","6/1/20","18","0","17189","0"
"Wayne","0","9","Illinois","6/1/20","9","0","17191","0"
"White","0","2","Illinois","6/1/20","2","0","17193","0"
"Whiteside","1","142","Illinois","6/1/20","134","8","17195","5.97"
"Will","61","5613","Illinois","6/1/20","5188","425","17197","8.19"
"Williamson","2","67","Illinois","6/1/20","55","12","17199","21.82"
"Winnebago","48","2290","Illinois","6/1/20","1953","337","17201","17.26"
"Woodford","1","21","Illinois","6/1/20","17","4","17203","23.53"
"Adams","1","17","Indiana","6/1/20","12","5","18001","41.67"
"Allen","55","1662","Indiana","6/1/20","1277","385","18003","30.15"
"Bartholomew","5","515","Indiana","6/1/20","480","35","18005","7.29"
"Benton","1","31","Indiana","6/1/20","25","6","18007","24"
"Blackford","1","26","Indiana","6/1/20","20","6","18009","30"
"Boone","5","315","Indiana","6/1/20","282","33","18011","11.7"
"Brown","0","33","Indiana","6/1/20","33","0","18013","0"
"Carroll","0","93","Indiana","6/1/20","92","1","18015","1.09"
"Cass","1","1587","Indiana","6/1/20","1582","5","18017","0.32"
"Clark","7","505","Indiana","6/1/20","458","47","18019","10.26"
"Clay","2","51","Indiana","6/1/20","39","12","18021","30.77"
"Clinton","3","233","Indiana","6/1/20","215","18","18023","8.37"
"Crawford","0","24","Indiana","6/1/20","23","1","18025","4.35"
"Daviess","1","92","Indiana","6/1/20","82","10","18027","12.2"
"Dearborn","1","168","Indiana","6/1/20","162","6","18029","3.7"
"Decatur","0","224","Indiana","6/1/20","224","0","18031","0"
"DeKalb","1","37","Indiana","6/1/20","29","8","18033","27.59"
"Delaware","4","385","Indiana","6/1/20","354","31","18035","8.76"
"Dubois","2","199","Indiana","6/1/20","182","17","18037","9.34"
"Elkhart","45","1322","Indiana","6/1/20","1008","314","18039","31.15"
"Fayette","2","78","Indiana","6/1/20","65","13","18041","20"
"Floyd","1","318","Indiana","6/1/20","313","5","18043","1.6"
"Fountain","0","21","Indiana","6/1/20","18","3","18045","16.67"
"Franklin","1","110","Indiana","6/1/20","106","4","18047","3.77"
"Fulton","0","49","Indiana","6/1/20","47","2","18049","4.26"
"Gibson","0","17","Indiana","6/1/20","14","3","18051","21.43"
"Grant","4","213","Indiana","6/1/20","185","28","18053","15.14"
"Greene","0","169","Indiana","6/1/20","167","2","18055","1.2"
"Hamilton","9","1162","Indiana","6/1/20","1099","63","18057","5.73"
"Hancock","3","340","Indiana","6/1/20","319","21","18059","6.58"
"Harrison","1","194","Indiana","6/1/20","185","9","18061","4.86"
"Hendricks","7","1171","Indiana","6/1/20","1123","48","18063","4.27"
"Henry","4","184","Indiana","6/1/20","159","25","18065","15.72"
"Howard","8","415","Indiana","6/1/20","356","59","18067","16.57"
"Huntington","0","28","Indiana","6/1/20","26","2","18069","7.69"
"Jackson","4","392","Indiana","6/1/20","361","31","18071","8.59"
"Jasper","2","68","Indiana","6/1/20","56","12","18073","21.43"
"Jay","1","53","Indiana","6/1/20","43","10","18075","23.26"
"Jefferson","1","45","Indiana","6/1/20","41","4","18077","9.76"
"Jennings","0","130","Indiana","6/1/20","127","3","18079","2.36"
"Johnson","5","1115","Indiana","6/1/20","1082","33","18081","3.05"
"Knox","1","28","Indiana","6/1/20","24","4","18083","16.67"
"Kosciusko","9","150","Indiana","6/1/20","86","64","18085","74.42"
"LaGrange","3","84","Indiana","6/1/20","60","24","18087","40"
"Lake","49","3639","Indiana","6/1/20","3299","340","18089","10.31"
"LaPorte","4","438","Indiana","6/1/20","408","30","18091","7.35"
"Lawrence","3","165","Indiana","6/1/20","143","22","18093","15.38"
"Madison","2","593","Indiana","6/1/20","582","11","18095","1.89"
"Marion","102","9900","Indiana","6/1/20","9189","711","18097","7.74"
"Marshall","7","111","Indiana","6/1/20","64","47","18099","73.44"
"Martin","0","11","Indiana","6/1/20","9","2","18101","22.22"
"Miami","0","140","Indiana","6/1/20","139","1","18103","0.72"
"Monroe","1","166","Indiana","6/1/20","160","6","18105","3.75"
"Montgomery","3","245","Indiana","6/1/20","227","18","18107","7.93"
"Morgan","3","280","Indiana","6/1/20","261","19","18109","7.28"
"Newton","1","78","Indiana","6/1/20","74","4","18111","5.41"
"Noble","7","237","Indiana","6/1/20","185","52","18113","28.11"
"Ohio","0","13","Indiana","6/1/20","13","0","18115","0"
"Orange","1","130","Indiana","6/1/20","124","6","18117","4.84"
"Owen","1","35","Indiana","6/1/20","31","4","18119","12.9"
"Parke","0","18","Indiana","6/1/20","17","1","18121","5.88"
"Perry","1","33","Indiana","6/1/20","27","6","18123","22.22"
"Pike","0","6","Indiana","6/1/20","6","0","18125","0"
"Porter","8","543","Indiana","6/1/20","487","56","18127","11.5"
"Posey","0","16","Indiana","6/1/20","17","-1","18129","-5.88"
"Pulaski","1","46","Indiana","6/1/20","39","7","18131","17.95"
"Putnam","1","137","Indiana","6/1/20","133","4","18133","3.01"
"Randolph","1","48","Indiana","6/1/20","40","8","18135","20"
"Ripley","0","109","Indiana","6/1/20","112","-3","18137","-2.68"
"Rush","0","47","Indiana","6/1/20","45","2","18139","4.44"
"Scott","0","120","Indiana","6/1/20","118","2","18143","1.69"
"Shelby","8","373","Indiana","6/1/20","314","59","18145","18.79"
"Spencer","1","20","Indiana","6/1/20","16","4","18147","25"
"St. Joseph","17","1286","Indiana","6/1/20","1170","116","18141","9.91"
"Starke","1","39","Indiana","6/1/20","31","8","18149","25.81"
"Steuben","1","84","Indiana","6/1/20","79","5","18151","6.33"
"Sullivan","1","36","Indiana","6/1/20","32","4","18153","12.5"
"Switzerland","0","20","Indiana","6/1/20","19","1","18155","5.26"
"Tippecanoe","6","414","Indiana","6/1/20","373","41","18157","10.99"
"Tipton","0","25","Indiana","6/1/20","22","3","18159","13.64"
"Union","0","9","Indiana","6/1/20","8","1","18161","12.5"
"Vanderburgh","5","282","Indiana","6/1/20","248","34","18163","13.71"
"Vermillion","0","10","Indiana","6/1/20","9","1","18165","11.11"
"Vigo","3","169","Indiana","6/1/20","147","22","18167","14.97"
"Wabash","1","79","Indiana","6/1/20","72","7","18169","9.72"
"Warren","0","12","Indiana","6/1/20","12","0","18171","0"
"Warrick","0","166","Indiana","6/1/20","164","2","18173","1.22"
"Washington","0","52","Indiana","6/1/20","52","0","18175","0"
"Wayne","2","85","Indiana","6/1/20","69","16","18177","23.19"
"Wells","1","32","Indiana","6/1/20","23","9","18179","39.13"
"White","2","237","Indiana","6/1/20","226","11","18181","4.87"
"Whitley","1","43","Indiana","6/1/20","39","4","18183","10.26"
"Adair","0","9","Iowa","6/1/20","8","1","19001","12.5"
"Adams","0","7","Iowa","6/1/20","5","2","19003","40"
"Allamakee","0","120","Iowa","6/1/20","118","2","19005","1.69"
"Appanoose","0","14","Iowa","6/1/20","12","2","19007","16.67"
"Audubon","0","12","Iowa","6/1/20","11","1","19009","9.09"
"Benton","1","43","Iowa","6/1/20","37","6","19011","16.22"
"Black Hawk","9","1747","Iowa","6/1/20","1682","65","19013","3.86"
"Boone","1","65","Iowa","6/1/20","55","10","19015","18.18"
"Bremer","0","69","Iowa","6/1/20","67","2","19017","2.99"
"Buchanan","0","33","Iowa","6/1/20","32","1","19019","3.12"
"Buena Vista","81","810","Iowa","6/1/20","243","567","19021","233.33"
"Butler","0","17","Iowa","6/1/20","15","2","19023","13.33"
"Calhoun","0","2","Iowa","6/1/20","2","0","19025","0"
"Carroll","0","11","Iowa","6/1/20","9","2","19027","22.22"
"Cass","0","12","Iowa","6/1/20","11","1","19029","9.09"
"Cedar","0","48","Iowa","6/1/20","46","2","19031","4.35"
"Cerro Gordo","1","29","Iowa","6/1/20","22","7","19033","31.82"
"Cherokee","2","31","Iowa","6/1/20","16","15","19035","93.75"
"Chickasaw","0","10","Iowa","6/1/20","8","2","19037","25"
"Clarke","3","56","Iowa","6/1/20","35","21","19039","60"
"Clay","1","17","Iowa","6/1/20","10","7","19041","70"
"Clayton","1","34","Iowa","6/1/20","30","4","19043","13.33"
"Clinton","1","64","Iowa","6/1/20","60","4","19045","6.67"
"Crawford","6","528","Iowa","6/1/20","486","42","19047","8.64"
"Dallas","8","916","Iowa","6/1/20","857","59","19049","6.88"
"Davis","0","23","Iowa","6/1/20","20","3","19051","15"
"Decatur","0","1","Iowa","6/1/20","0","1","19053","1"
"Delaware","0","17","Iowa","6/1/20","15","2","19055","13.33"
"Des Moines","1","65","Iowa","6/1/20","55","10","19057","18.18"
"Dickinson","2","21","Iowa","6/1/20","9","12","19059","133.33"
"Dubuque","3","346","Iowa","6/1/20","323","23","19061","7.12"
"Emmet","1","16","Iowa","6/1/20","7","9","19063","128.57"
"Fayette","0","27","Iowa","6/1/20","26","1","19065","3.85"
"Floyd","0","19","Iowa","6/1/20","18","1","19067","5.56"
"Franklin","1","14","Iowa","6/1/20","8","6","19069","75"
"Fremont","0","4","Iowa","6/1/20","4","0","19071","0"
"Greene","0","13","Iowa","6/1/20","13","0","19073","0"
"Grundy","0","20","Iowa","6/1/20","19","1","19075","5.26"
"Guthrie","1","51","Iowa","6/1/20","43","8","19077","18.6"
"Hamilton","2","43","Iowa","6/1/20","26","17","19079","65.38"
"Hancock","1","16","Iowa","6/1/20","12","4","19081","33.33"
"Hardin","1","17","Iowa","6/1/20","13","4","19083","30.77"
"Harrison","1","23","Iowa","6/1/20","19","4","19085","21.05"
"Henry","1","71","Iowa","6/1/20","61","10","19087","16.39"
"Howard","0","12","Iowa","6/1/20","12","0","19089","0"
"Humboldt","1","18","Iowa","6/1/20","13","5","19091","38.46"
"Ida","0","14","Iowa","6/1/20","13","1","19093","7.69"
"Iowa","0","33","Iowa","6/1/20","33","0","19095","0"
"Jackson","0","12","Iowa","6/1/20","12","0","19097","0"
"Jasper","1","260","Iowa","6/1/20","256","4","19099","1.56"
"Jefferson","2","30","Iowa","6/1/20","18","12","19101","66.67"
"Johnson","2","614","Iowa","6/1/20","602","12","19103","1.99"
"Jones","0","36","Iowa","6/1/20","36","0","19105","0"
"Keokuk","0","14","Iowa","6/1/20","14","0","19107","0"
"Kossuth","0","10","Iowa","6/1/20","7","3","19109","42.86"
"Lee","1","27","Iowa","6/1/20","22","5","19111","22.73"
"Linn","3","953","Iowa","6/1/20","935","18","19113","1.93"
"Louisa","2","345","Iowa","6/1/20","334","11","19115","3.29"
"Lucas","2","17","Iowa","6/1/20","6","11","19117","183.33"
"Lyon","1","24","Iowa","6/1/20","19","5","19119","26.32"
"Madison","1","29","Iowa","6/1/20","24","5","19121","20.83"
"Mahaska","1","95","Iowa","6/1/20","85","10","19123","11.76"
"Marion","0","32","Iowa","6/1/20","29","3","19125","10.34"
"Marshall","4","896","Iowa","6/1/20","870","26","19127","2.99"
"Mills","0","19","Iowa","6/1/20","16","3","19129","18.75"
"Mitchell","0","4","Iowa","6/1/20","4","0","19131","0"
"Monona","0","25","Iowa","6/1/20","24","1","19133","4.17"
"Monroe","1","38","Iowa","6/1/20","33","5","19135","15.15"
"Montgomery","0","8","Iowa","6/1/20","6","2","19137","33.33"
"Muscatine","2","557","Iowa","6/1/20","545","12","19139","2.2"
"O'Brien","1","30","Iowa","6/1/20","24","6","19141","25"
"Osceola","0","34","Iowa","6/1/20","32","2","19143","6.25"
"Page","1","14","Iowa","6/1/20","10","4","19145","40"
"Palo Alto","1","7","Iowa","6/1/20","3","4","19147","133.33"
"Plymouth","2","133","Iowa","6/1/20","116","17","19149","14.66"
"Pocahontas","1","13","Iowa","6/1/20","4","9","19151","225"
"Polk","66","4236","Iowa","6/1/20","3774","462","19153","12.24"
"Pottawattamie","8","269","Iowa","6/1/20","212","57","19155","26.89"
"Poweshiek","0","90","Iowa","6/1/20","88","2","19157","2.27"
"Ringgold","0","4","Iowa","6/1/20","4","0","19159","0"
"Sac","1","20","Iowa","6/1/20","13","7","19161","53.85"
"Scott","3","361","Iowa","6/1/20","337","24","19163","7.12"
"Shelby","1","37","Iowa","6/1/20","31","6","19165","19.35"
"Sioux","11","283","Iowa","6/1/20","207","76","19167","36.71"
"Story","3","116","Iowa","6/1/20","95","21","19169","22.11"
"Tama","1","403","Iowa","6/1/20","394","9","19171","2.28"
"Taylor","2","56","Iowa","6/1/20","39","17","19173","43.59"
"Union","0","9","Iowa","6/1/20","7","2","19175","28.57"
"Van Buren","0","9","Iowa","6/1/20","10","-1","19177","-10"
"Wapello","12","597","Iowa","6/1/20","514","83","19179","16.15"
"Warren","3","135","Iowa","6/1/20","111","24","19181","21.62"
"Washington","1","189","Iowa","6/1/20","180","9","19183","5"
"Wayne","0","1","Iowa","6/1/20","1","0","19185","0"
"Webster","2","42","Iowa","6/1/20","27","15","19187","55.56"
"Winnebago","0","11","Iowa","6/1/20","10","1","19189","10"
"Winneshiek","0","24","Iowa","6/1/20","23","1","19191","4.35"
"Woodbury","20","2761","Iowa","6/1/20","2624","137","19193","5.22"
"Worth","0","3","Iowa","6/1/20","3","0","19195","0"
"Wright","8","178","Iowa","6/1/20","122","56","19197","45.9"
"Allen","0","1","Kansas","6/1/20","1","0","20001","0"
"Anderson","0","1","Kansas","6/1/20","1","0","20003","0"
"Atchison","0","23","Kansas","6/1/20","21","2","20005","9.52"
"Barber","0","1","Kansas","6/1/20","1","0","20007","0"
"Barton","0","44","Kansas","6/1/20","45","-1","20009","-2.22"
"Bourbon","0","7","Kansas","6/1/20","7","0","20011","0"
"Brown","0","6","Kansas","6/1/20","6","0","20013","0"
"Butler","1","34","Kansas","6/1/20","28","6","20015","21.43"
"Chase","0","4","Kansas","6/1/20","4","0","20017","0"
"Chautauqua","0","4","Kansas","6/1/20","4","0","20019","0"
"Cherokee","0","10","Kansas","6/1/20","9","1","20021","11.11"
"Cheyenne","0","2","Kansas","6/1/20","2","0","20023","0"
"Clark","0","33","Kansas","6/1/20","31","2","20025","6.45"
"Clay","0","5","Kansas","6/1/20","5","0","20027","0"
"Cloud","0","5","Kansas","6/1/20","5","0","20029","0"
"Coffey","0","50","Kansas","6/1/20","50","0","20031","0"
"Comanche","0","2","Kansas","6/1/20","1","1","20033","100"
"Cowley","1","10","Kansas","6/1/20","4","6","20035","150"
"Crawford","0","8","Kansas","6/1/20","8","0","20037","0"
"Dickinson","0","4","Kansas","6/1/20","3","1","20041","33.33"
"Doniphan","1","17","Kansas","6/1/20","12","5","20043","41.67"
"Douglas","1","67","Kansas","6/1/20","63","4","20045","6.35"
"Edwards","0","5","Kansas","6/1/20","5","0","20047","0"
"Ellis","0","8","Kansas","6/1/20","8","0","20051","0"
"Ellsworth","0","2","Kansas","6/1/20","2","0","20053","0"
"Finney","12","1502","Kansas","6/1/20","1418","84","20055","5.92"
"Ford","27","1787","Kansas","6/1/20","1601","186","20057","11.62"
"Franklin","0","35","Kansas","6/1/20","33","2","20059","6.06"
"Geary","1","20","Kansas","6/1/20","16","4","20061","25"
"Gove","0","1","Kansas","6/1/20","1","0","20063","0"
"Grant","0","18","Kansas","6/1/20","18","0","20067","0"
"Gray","0","23","Kansas","6/1/20","22","1","20069","4.55"
"Greenwood","1","9","Kansas","6/1/20","3","6","20073","200"
"Hamilton","1","18","Kansas","6/1/20","10","8","20075","80"
"Harper","0","2","Kansas","6/1/20","1","1","20077","100"
"Harvey","0","11","Kansas","6/1/20","11","0","20079","0"
"Haskell","0","21","Kansas","6/1/20","18","3","20081","16.67"
"Hodgeman","1","5","Kansas","6/1/20","1","4","20083","400"
"Jackson","1","100","Kansas","6/1/20","92","8","20085","8.7"
"Jefferson","0","22","Kansas","6/1/20","22","0","20087","0"
"Jewell","0","4","Kansas","6/1/20","4","0","20089","0"
"Johnson","15","844","Kansas","6/1/20","738","106","20091","14.36"
"Kearny","1","45","Kansas","6/1/20","40","5","20093","12.5"
"Kiowa","0","2","Kansas","6/1/20","2","0","20097","0"
"Labette","0","22","Kansas","6/1/20","22","0","20099","0"
"Lane","0","3","Kansas","6/1/20","3","0","20101","0"
"Leavenworth","4","1093","Kansas","6/1/20","1067","26","20103","2.44"
"Linn","1","11","Kansas","6/1/20","7","4","20107","57.14"
"Lyon","6","372","Kansas","6/1/20","332","40","20111","12.05"
"Marion","0","5","Kansas","6/1/20","5","0","20115","0"
"McPherson","0","28","Kansas","6/1/20","27","1","20113","3.7"
"Meade","1","31","Kansas","6/1/20","24","7","20119","29.17"
"Miami","0","7","Kansas","6/1/20","7","0","20121","0"
"Mitchell","0","4","Kansas","6/1/20","3","1","20123","33.33"
"Montgomery","0","20","Kansas","6/1/20","20","0","20125","0"
"Morris","0","5","Kansas","6/1/20","4","1","20127","25"
"Morton","0","6","Kansas","6/1/20","4","2","20129","50"
"Nemaha","1","18","Kansas","6/1/20","13","5","20131","38.46"
"Neosho","0","2","Kansas","6/1/20","2","0","20133","0"
"Ness","0","3","Kansas","6/1/20","1","2","20135","200"
"Norton","0","2","Kansas","6/1/20","2","0","20137","0"
"Osage","0","7","Kansas","6/1/20","7","0","20139","0"
"Osborne","0","2","Kansas","6/1/20","2","0","20141","0"
"Ottawa","0","4","Kansas","6/1/20","4","0","20143","0"
"Phillips","0","2","Kansas","6/1/20","2","0","20147","0"
"Pottawatomie","0","25","Kansas","6/1/20","23","2","20149","8.7"
"Pratt","0","2","Kansas","6/1/20","1","1","20151","100"
"Reno","0","43","Kansas","6/1/20","43","0","20155","0"
"Republic","0","4","Kansas","6/1/20","4","0","20157","0"
"Rice","0","4","Kansas","6/1/20","4","0","20159","0"
"Riley","1","66","Kansas","6/1/20","62","4","20161","6.45"
"Rooks","0","6","Kansas","6/1/20","6","0","20163","0"
"Saline","0","25","Kansas","6/1/20","24","1","20169","4.17"
"Scott","0","14","Kansas","6/1/20","13","1","20171","7.69"
"Sedgwick","6","601","Kansas","6/1/20","559","42","20173","7.51"
"Seward","8","879","Kansas","6/1/20","822","57","20175","6.93"
"Shawnee","9","324","Kansas","6/1/20","263","61","20177","23.19"
"Sheridan","0","2","Kansas","6/1/20","2","0","20179","0"
"Sherman","0","7","Kansas","6/1/20","6","1","20181","16.67"
"Smith","0","2","Kansas","6/1/20","2","0","20183","0"
"Stafford","0","1","Kansas","6/1/20","1","0","20185","0"
"Stanton","0","10","Kansas","6/1/20","9","1","20187","11.11"
"Stevens","0","30","Kansas","6/1/20","27","3","20189","11.11"
"Sumner","0","8","Kansas","6/1/20","6","2","20191","33.33"
"Trego","0","1","Kansas","6/1/20","1","0","20195","0"
"Wabaunsee","0","31","Kansas","6/1/20","30","1","20197","3.33"
"Wilson","0","1","Kansas","6/1/20","1","0","20205","0"
"Woodson","0","6","Kansas","6/1/20","6","0","20207","0"
"Wyandotte","12","1359","Kansas","6/1/20","1275","84","20209","6.59"
"Adair","0","97","Kentucky","6/1/20","96","1","21001","1.04"
"Allen","7","93","Kentucky","6/1/20","47","46","21003","97.87"
"Anderson","1","20","Kentucky","6/1/20","15","5","21005","33.33"
"Ballard","0","12","Kentucky","6/1/20","9","3","21007","33.33"
"Barren","1","47","Kentucky","6/1/20","42","5","21009","11.9"
"Bath","0","9","Kentucky","6/1/20","8","1","21011","12.5"
"Bell","0","1","Kentucky","6/1/20","1","0","21013","0"
"Boone","10","459","Kentucky","6/1/20","387","72","21015","18.6"
"Bourbon","0","11","Kentucky","6/1/20","9","2","21017","22.22"
"Boyd","0","40","Kentucky","6/1/20","39","1","21019","2.56"
"Boyle","1","25","Kentucky","6/1/20","20","5","21021","25"
"Bracken","0","13","Kentucky","6/1/20","11","2","21023","18.18"
"Breathitt","0","3","Kentucky","6/1/20","3","0","21025","0"
"Breckinridge","0","17","Kentucky","6/1/20","16","1","21027","6.25"
"Bullitt","2","115","Kentucky","6/1/20","104","11","21029","10.58"
"Butler","2","232","Kentucky","6/1/20","218","14","21031","6.42"
"Caldwell","0","12","Kentucky","6/1/20","12","0","21033","0"
"Calloway","0","52","Kentucky","6/1/20","49","3","21035","6.12"
"Campbell","5","182","Kentucky","6/1/20","146","36","21037","24.66"
"Carlisle","0","5","Kentucky","6/1/20","5","0","21039","0"
"Carroll","1","14","Kentucky","6/1/20","7","7","21041","100"
"Carter","0","12","Kentucky","6/1/20","9","3","21043","33.33"
"Casey","0","3","Kentucky","6/1/20","2","1","21045","50"
"Christian","1","111","Kentucky","6/1/20","103","8","21047","7.77"
"Clark","1","42","Kentucky","6/1/20","37","5","21049","13.51"
"Clay","0","7","Kentucky","6/1/20","4","3","21051","75"
"Clinton","0","4","Kentucky","6/1/20","3","1","21053","33.33"
"Crittenden","0","6","Kentucky","6/1/20","5","1","21055","20"
"Cumberland","0","5","Kentucky","6/1/20","5","0","21057","0"
"Daviess","3","324","Kentucky","6/1/20","305","19","21059","6.23"
"Edmonson","0","56","Kentucky","6/1/20","54","2","21061","3.7"
"Elliott","0","1","Kentucky","6/1/20","1","0","21063","0"
"Fayette","20","760","Kentucky","6/1/20","619","141","21067","22.78"
"Fleming","0","3","Kentucky","6/1/20","2","1","21069","50"
"Floyd","0","16","Kentucky","6/1/20","16","0","21071","0"
"Franklin","2","38","Kentucky","6/1/20","24","14","21073","58.33"
"Fulton","1","7","Kentucky","6/1/20","3","4","21075","133.33"
"Gallatin","4","37","Kentucky","6/1/20","8","29","21077","362.5"
"Garrard","0","5","Kentucky","6/1/20","4","1","21079","25"
"Grant","1","42","Kentucky","6/1/20","36","6","21081","16.67"
"Graves","1","166","Kentucky","6/1/20","157","9","21083","5.73"
"Grayson","1","126","Kentucky","6/1/20","121","5","21085","4.13"
"Green","0","1","Kentucky","6/1/20","1","0","21087","0"
"Greenup","0","14","Kentucky","6/1/20","13","1","21089","7.69"
"Hancock","0","7","Kentucky","6/1/20","6","1","21091","16.67"
"Hardin","1","103","Kentucky","6/1/20","96","7","21093","7.29"
"Harlan","0","4","Kentucky","6/1/20","1","3","21095","300"
"Harrison","0","21","Kentucky","6/1/20","18","3","21097","16.67"
"Hart","1","24","Kentucky","6/1/20","20","4","21099","20"
"Henderson","2","111","Kentucky","6/1/20","95","16","21101","16.84"
"Henry","1","22","Kentucky","6/1/20","14","8","21103","57.14"
"Hickman","0","5","Kentucky","6/1/20","5","0","21105","0"
"Hopkins","1","222","Kentucky","6/1/20","218","4","21107","1.83"
"Jackson","0","61","Kentucky","6/1/20","60","1","21109","1.67"
"Jefferson","67","2519","Kentucky","6/1/20","2050","469","21111","22.88"
"Jessamine","2","65","Kentucky","6/1/20","51","14","21113","27.45"
"Johnson","0","5","Kentucky","6/1/20","5","0","21115","0"
"Kenton","12","608","Kentucky","6/1/20","527","81","21117","15.37"
"Knott","0","4","Kentucky","6/1/20","4","0","21119","0"
"Knox","0","8","Kentucky","6/1/20","8","0","21121","0"
"Larue","0","8","Kentucky","6/1/20","7","1","21123","14.29"
"Laurel","0","21","Kentucky","6/1/20","21","0","21125","0"
"Lawrence","0","3","Kentucky","6/1/20","1","2","21127","200"
"Lee","0","1","Kentucky","6/1/20","0","1","21129","1"
"Leslie","0","6","Kentucky","6/1/20","6","0","21131","0"
"Letcher","0","4","Kentucky","6/1/20","4","0","21133","0"
"Lewis","0","7","Kentucky","6/1/20","7","0","21135","0"
"Lincoln","0","8","Kentucky","6/1/20","8","0","21137","0"
"Livingston","0","9","Kentucky","6/1/20","8","1","21139","12.5"
"Logan","5","150","Kentucky","6/1/20","115","35","21141","30.43"
"Lyon","0","15","Kentucky","6/1/20","14","1","21143","7.14"
"Madison","1","55","Kentucky","6/1/20","45","10","21151","22.22"
"Magoffin","0","2","Kentucky","6/1/20","2","0","21153","0"
"Marion","0","21","Kentucky","6/1/20","18","3","21155","16.67"
"Marshall","0","38","Kentucky","6/1/20","37","1","21157","2.7"
"Martin","0","3","Kentucky","6/1/20","3","0","21159","0"
"Mason","0","9","Kentucky","6/1/20","8","1","21161","12.5"
"McCracken","1","97","Kentucky","6/1/20","87","10","21145","11.49"
"McCreary","0","13","Kentucky","6/1/20","13","0","21147","0"
"McLean","0","22","Kentucky","6/1/20","19","3","21149","15.79"
"Meade","0","22","Kentucky","6/1/20","21","1","21163","4.76"
"Menifee","0","10","Kentucky","6/1/20","8","2","21165","25"
"Mercer","0","13","Kentucky","6/1/20","12","1","21167","8.33"
"Metcalfe","0","6","Kentucky","6/1/20","4","2","21169","50"
"Monroe","1","20","Kentucky","6/1/20","14","6","21171","42.86"
"Montgomery","1","25","Kentucky","6/1/20","21","4","21173","19.05"
"Morgan","0","1","Kentucky","6/1/20","1","0","21175","0"
"Muhlenberg","2","484","Kentucky","6/1/20","471","13","21177","2.76"
"Nelson","1","41","Kentucky","6/1/20","35","6","21179","17.14"
"Nicholas","0","3","Kentucky","6/1/20","1","2","21181","200"
"Ohio","4","148","Kentucky","6/1/20","120","28","21183","23.33"
"Oldham","6","99","Kentucky","6/1/20","60","39","21185","65"
"Owen","0","3","Kentucky","6/1/20","1","2","21187","200"
"Owsley","0","2","Kentucky","6/1/20","2","0","21189","0"
"Pendleton","0","10","Kentucky","6/1/20","7","3","21191","42.86"
"Perry","0","19","Kentucky","6/1/20","19","0","21193","0"
"Pike","0","30","Kentucky","6/1/20","28","2","21195","7.14"
"Powell","0","1","Kentucky","6/1/20","1","0","21197","0"
"Pulaski","0","58","Kentucky","6/1/20","55","3","21199","5.45"
"Rockcastle","0","13","Kentucky","6/1/20","13","0","21203","0"
"Rowan","0","7","Kentucky","6/1/20","7","0","21205","0"
"Russell","0","24","Kentucky","6/1/20","22","2","21207","9.09"
"Scott","0","35","Kentucky","6/1/20","34","1","21209","2.94"
"Shelby","12","175","Kentucky","6/1/20","92","83","21211","90.22"
"Simpson","1","54","Kentucky","6/1/20","44","10","21213","22.73"
"Spencer","1","22","Kentucky","6/1/20","16","6","21215","37.5"
"Taylor","0","11","Kentucky","6/1/20","11","0","21217","0"
"Todd","0","17","Kentucky","6/1/20","16","1","21219","6.25"
"Trigg","0","10","Kentucky","6/1/20","9","1","21221","11.11"
"Trimble","0","6","Kentucky","6/1/20","5","1","21223","20"
"Union","0","12","Kentucky","6/1/20","10","2","21225","20"
"Warren","17","1038","Kentucky","6/1/20","920","118","21227","12.83"
"Washington","0","6","Kentucky","6/1/20","6","0","21229","0"
"Wayne","0","8","Kentucky","6/1/20","8","0","21231","0"
"Webster","0","32","Kentucky","6/1/20","32","0","21233","0"
"Whitley","0","13","Kentucky","6/1/20","13","0","21235","0"
"Wolfe","0","1","Kentucky","6/1/20","1","0","21237","0"
"Woodford","0","27","Kentucky","6/1/20","25","2","21239","8"
"Acadia","18","422","Louisiana","6/1/20","299","123","22001","41.14"
"Allen","0","184","Louisiana","6/1/20","182","2","22003","1.1"
"Ascension","6","827","Louisiana","6/1/20","788","39","22005","4.95"
"Assumption","1","252","Louisiana","6/1/20","243","9","22007","3.7"
"Avoyelles","2","130","Louisiana","6/1/20","113","17","22009","15.04"
"Beauregard","2","69","Louisiana","6/1/20","58","11","22011","18.97"
"Bienville","1","147","Louisiana","6/1/20","138","9","22013","6.52"
"Bossier","3","416","Louisiana","6/1/20","398","18","22015","4.52"
"Caddo","34","2578","Louisiana","6/1/20","2343","235","22017","10.03"
"Calcasieu","5","608","Louisiana","6/1/20","572","36","22019","6.29"
"Caldwell","1","58","Louisiana","6/1/20","52","6","22021","11.54"
"Cameron","0","6","Louisiana","6/1/20","3","3","22023","100"
"Catahoula","0","115","Louisiana","6/1/20","112","3","22025","2.68"
"Claiborne","1","66","Louisiana","6/1/20","61","5","22027","8.2"
"Concordia","2","88","Louisiana","6/1/20","73","15","22029","20.55"
"De Soto","1","247","Louisiana","6/1/20","239","8","22031","3.35"
"East Baton Rouge","33","3666","Louisiana","6/1/20","3438","228","22033","6.63"
"East Carroll","8","159","Louisiana","6/1/20","103","56","22035","54.37"
"East Feliciana","1","197","Louisiana","6/1/20","190","7","22037","3.68"
"Evangeline","-13","78","Louisiana","6/1/20","166","-88","22039","-53.01"
"Franklin","12","376","Louisiana","6/1/20","294","82","22041","27.89"
"Grant","0","29","Louisiana","6/1/20","27","2","22043","7.41"
"Iberia","3","410","Louisiana","6/1/20","392","18","22045","4.59"
"Iberville","3","577","Louisiana","6/1/20","554","23","22047","4.15"
"Jackson","2","106","Louisiana","6/1/20","90","16","22049","17.78"
"Jefferson","51","7652","Louisiana","6/1/20","7298","354","22051","4.85"
"Jefferson Davis","1","78","Louisiana","6/1/20","74","4","22053","5.41"
"Lafayette","17","793","Louisiana","6/1/20","674","119","22055","17.66"
"Lafourche","7","827","Louisiana","6/1/20","775","52","22057","6.71"
"LaSalle","1","52","Louisiana","6/1/20","47","5","22059","10.64"
"Lincoln","4","160","Louisiana","6/1/20","135","25","22061","18.52"
"Livingston","5","428","Louisiana","6/1/20","391","37","22063","9.46"
"Madison","5","101","Louisiana","6/1/20","69","32","22065","46.38"
"Morehouse","1","122","Louisiana","6/1/20","117","5","22067","4.27"
"Natchitoches","3","171","Louisiana","6/1/20","152","19","22069","12.5"
"Orleans","19","7141","Louisiana","6/1/20","7005","136","22071","1.94"
"Ouachita","23","1264","Louisiana","6/1/20","1102","162","22073","14.7"
"Plaquemines","2","213","Louisiana","6/1/20","200","13","22075","6.5"
"Pointe Coupee","2","199","Louisiana","6/1/20","186","13","22077","6.99"
"Rapides","21","800","Louisiana","6/1/20","654","146","22079","22.32"
"Red River","0","50","Louisiana","6/1/20","48","2","22081","4.17"
"Richland","3","138","Louisiana","6/1/20","119","19","22083","15.97"
"Sabine","1","47","Louisiana","6/1/20","40","7","22085","17.5"
"St. Bernard","1","539","Louisiana","6/1/20","529","10","22087","1.89"
"St. Charles","2","642","Louisiana","6/1/20","625","17","22089","2.72"
"St. Helena","0","51","Louisiana","6/1/20","49","2","22091","4.08"
"St. James","0","294","Louisiana","6/1/20","292","2","22093","0.68"
"St. John the Baptist","2","862","Louisiana","6/1/20","845","17","22095","2.01"
"St. Landry","2","263","Louisiana","6/1/20","248","15","22097","6.05"
"St. Martin","2","300","Louisiana","6/1/20","289","11","22099","3.81"
"St. Mary","3","321","Louisiana","6/1/20","302","19","22101","6.29"
"St. Tammany","14","1764","Louisiana","6/1/20","1665","99","22103","5.95"
"Tangipahoa","9","868","Louisiana","6/1/20","802","66","22105","8.23"
"Tensas","0","12","Louisiana","6/1/20","10","2","22107","20"
"Terrebonne","7","686","Louisiana","6/1/20","639","47","22109","7.36"
"Union","5","324","Louisiana","6/1/20","291","33","22111","11.34"
"Vermilion","1","55","Louisiana","6/1/20","50","5","22113","10"
"Vernon","0","26","Louisiana","6/1/20","24","2","22115","8.33"
"Washington","5","433","Louisiana","6/1/20","398","35","22117","8.79"
"Webster","1","147","Louisiana","6/1/20","139","8","22119","5.76"
"West Baton Rouge","3","175","Louisiana","6/1/20","156","19","22121","12.18"
"West Carroll","4","64","Louisiana","6/1/20","39","25","22123","64.1"
"West Feliciana","2","211","Louisiana","6/1/20","200","11","22125","5.5"
"Winn","7","173","Louisiana","6/1/20","126","47","22127","37.3"
"Androscoggin","9","304","Maine","6/1/20","238","66","23001","27.73"
"Aroostook","0","10","Maine","6/1/20","8","2","23003","25"
"Cumberland","21","1189","Maine","6/1/20","1040","149","23005","14.33"
"Franklin","0","36","Maine","6/1/20","36","0","23007","0"
"Hancock","0","11","Maine","6/1/20","11","0","23009","0"
"Kennebec","0","128","Maine","6/1/20","128","0","23011","0"
"Knox","0","20","Maine","6/1/20","20","0","23013","0"
"Lincoln","0","20","Maine","6/1/20","20","0","23015","0"
"Oxford","2","33","Maine","6/1/20","21","12","23017","57.14"
"Penobscot","0","100","Maine","6/1/20","99","1","23019","1.01"
"Piscataquis","0","1","Maine","6/1/20","1","0","23021","0"
"Sagadahoc","0","30","Maine","6/1/20","28","2","23023","7.14"
"Somerset","0","22","Maine","6/1/20","21","1","23025","4.76"
"Waldo","0","51","Maine","6/1/20","51","0","23027","0"
"Washington","0","2","Maine","6/1/20","2","0","23029","0"
"York","6","391","Maine","6/1/20","350","41","23031","11.71"
"Allegany","1","180","Maryland","6/1/20","176","4","24001","2.27"
"Anne Arundel","69","3842","Maryland","6/1/20","3357","485","24003","14.45"
"Baltimore","118","6299","Maryland","6/1/20","5476","823","24005","15.03"
"Baltimore City","102","5604","Maryland","6/1/20","4888","716","24510","14.65"
"Calvert","6","349","Maryland","6/1/20","307","42","24009","13.68"
"Caroline","3","260","Maryland","6/1/20","241","19","24011","7.88"
"Carroll","16","914","Maryland","6/1/20","802","112","24013","13.97"
"Cecil","3","369","Maryland","6/1/20","348","21","24015","6.03"
"Charles","18","1120","Maryland","6/1/20","997","123","24017","12.34"
"Dorchester","2","142","Maryland","6/1/20","128","14","24019","10.94"
"Frederick","28","1928","Maryland","6/1/20","1731","197","24021","11.38"
"Garrett","0","10","Maryland","6/1/20","10","0","24023","0"
"Harford","13","881","Maryland","6/1/20","789","92","24025","11.66"
"Howard","33","1944","Maryland","6/1/20","1716","228","24027","13.29"
"Kent","3","174","Maryland","6/1/20","155","19","24029","12.26"
"Montgomery","195","11476","Maryland","6/1/20","10111","1365","24031","13.5"
"Prince George's","232","15353","Maryland","6/1/20","13726","1627","24033","11.85"
"Queen Anne's","1","161","Maryland","6/1/20","151","10","24035","6.62"
"Somerset","0","73","Maryland","6/1/20","72","1","24039","1.39"
"St. Mary's","16","505","Maryland","6/1/20","395","110","24037","27.85"
"Talbot","2","101","Maryland","6/1/20","86","15","24041","17.44"
"Washington","8","472","Maryland","6/1/20","413","59","24043","14.29"
"Wicomico","9","955","Maryland","6/1/20","892","63","24045","7.06"
"Worcester","4","215","Maryland","6/1/20","185","30","24047","16.22"
"Barnstable","7","1424","Massachusetts","6/1/20","1373","51","25001","3.71"
"Berkshire","3","567","Massachusetts","6/1/20","544","23","25003","4.23"
"Bristol","74","7348","Massachusetts","6/1/20","6828","520","25005","7.62"
"Dukes and Nantucket","0","53","Massachusetts","6/1/20","52","1","00000","1.92"
"Essex","108","14721","Massachusetts","6/1/20","13962","759","25009","5.44"
"Franklin","1","335","Massachusetts","6/1/20","326","9","25011","2.76"
"Hampden","45","6188","Massachusetts","6/1/20","5873","315","25013","5.36"
"Hampshire","3","886","Massachusetts","6/1/20","862","24","25015","2.78"
"Middlesex","134","22224","Massachusetts","6/1/20","21286","938","25017","4.41"
"Norfolk","43","8586","Massachusetts","6/1/20","8283","303","25021","3.66"
"Plymouth","45","8200","Massachusetts","6/1/20","7887","313","25023","3.97"
"Suffolk","82","18581","Massachusetts","6/1/20","18008","573","25025","3.18"
"Worcester","88","11352","Massachusetts","6/1/20","10735","617","25027","5.75"
"Alcona","1","20","Michigan","6/1/20","14","6","26001","42.86"
"Allegan","2","257","Michigan","6/1/20","244","13","26005","5.33"
"Alpena","0","102","Michigan","6/1/20","102","0","26007","0"
"Antrim","0","13","Michigan","6/1/20","12","1","26009","8.33"
"Arenac","0","38","Michigan","6/1/20","37","1","26011","2.7"
"Baraga","0","1","Michigan","6/1/20","1","0","26013","0"
"Barry","1","81","Michigan","6/1/20","77","4","26015","5.19"
"Bay","4","348","Michigan","6/1/20","322","26","26017","8.07"
"Benzie","0","4","Michigan","6/1/20","4","0","26019","0"
"Berrien","7","767","Michigan","6/1/20","721","46","26021","6.38"
"Branch","3","135","Michigan","6/1/20","111","24","26023","21.62"
"Calhoun","5","418","Michigan","6/1/20","385","33","26025","8.57"
"Cass","1","95","Michigan","6/1/20","88","7","26027","7.95"
"Charlevoix","0","18","Michigan","6/1/20","18","0","26029","0"
"Cheboygan","0","26","Michigan","6/1/20","26","0","26031","0"
"Chippewa","0","3","Michigan","6/1/20","3","0","26033","0"
"Clare","0","20","Michigan","6/1/20","18","2","26035","11.11"
"Clinton","1","176","Michigan","6/1/20","170","6","26037","3.53"
"Crawford","0","62","Michigan","6/1/20","62","0","26039","0"
"Delta","0","20","Michigan","6/1/20","20","0","26041","0"
"Dickinson","0","5","Michigan","6/1/20","5","0","26043","0"
"Eaton","2","244","Michigan","6/1/20","227","17","26045","7.49"
"Emmet","0","26","Michigan","6/1/20","25","1","26047","4"
"Federal Correctional Institution (FCI)","2","146","Michigan","6/1/20","132","14","00000","10.61"
"Genesee","15","2471","Michigan","6/1/20","2369","102","26049","4.31"
"Gladwin","0","18","Michigan","6/1/20","18","0","26051","0"
"Gogebic","0","5","Michigan","6/1/20","5","0","26053","0"
"Grand Traverse","1","28","Michigan","6/1/20","24","4","26055","16.67"
"Gratiot","0","83","Michigan","6/1/20","80","3","26057","3.75"
"Hillsdale","0","176","Michigan","6/1/20","176","0","26059","0"
"Houghton","1","6","Michigan","6/1/20","2","4","26061","200"
"Huron","1","56","Michigan","6/1/20","50","6","26063","12"
"Ingham","6","777","Michigan","6/1/20","736","41","26065","5.57"
"Ionia","1","169","Michigan","6/1/20","161","8","26067","4.97"
"Iosco","2","110","Michigan","6/1/20","97","13","26069","13.4"
"Isabella","0","92","Michigan","6/1/20","89","3","26073","3.37"
"Jackson","2","470","Michigan","6/1/20","459","11","26075","2.4"
"Kalamazoo","7","895","Michigan","6/1/20","847","48","26077","5.67"
"Kalkaska","0","30","Michigan","6/1/20","30","0","26079","0"
"Kent","56","3992","Michigan","6/1/20","3599","393","26081","10.92"
"Lake","0","7","Michigan","6/1/20","7","0","26085","0"
"Lapeer","1","217","Michigan","6/1/20","212","5","26087","2.36"
"Leelanau","0","11","Michigan","6/1/20","11","0","26089","0"
"Lenawee","1","187","Michigan","6/1/20","179","8","26091","4.47"
"Livingston","3","496","Michigan","6/1/20","478","18","26093","3.77"
"Luce","0","3","Michigan","6/1/20","3","0","26095","0"
"Mackinac","0","8","Michigan","6/1/20","6","2","26097","33.33"
"Macomb","30","6855","Michigan","6/1/20","6645","210","26099","3.16"
"Manistee","0","12","Michigan","6/1/20","12","0","26101","0"
"Marquette","0","56","Michigan","6/1/20","54","2","26103","3.7"
"Mason","0","38","Michigan","6/1/20","37","1","26105","2.7"
"Mecosta","0","24","Michigan","6/1/20","22","2","26107","9.09"
"Menominee","0","8","Michigan","6/1/20","8","0","26109","0"
"Michigan Department of Corrections (MDOC)","90","4037","Michigan","6/1/20","3406","631","00000","18.53"
"Midland","1","121","Michigan","6/1/20","116","5","26111","4.31"
"Missaukee","0","22","Michigan","6/1/20","22","0","26113","0"
"Monroe","3","533","Michigan","6/1/20","511","22","26115","4.31"
"Montcalm","0","72","Michigan","6/1/20","71","1","26117","1.41"
"Montmorency","0","5","Michigan","6/1/20","5","0","26119","0"
"Muskegon","7","655","Michigan","6/1/20","607","48","26121","7.91"
"Newaygo","2","112","Michigan","6/1/20","96","16","26123","16.67"
"Oakland","81","10836","Michigan","6/1/20","10267","569","26125","5.54"
"Oceana","0","95","Michigan","6/1/20","92","3","26127","3.26"
"Ogemaw","0","30","Michigan","6/1/20","28","2","26129","7.14"
"Osceola","0","15","Michigan","6/1/20","13","2","26133","15.38"
"Oscoda","0","8","Michigan","6/1/20","8","0","26135","0"
"Otsego","0","120","Michigan","6/1/20","118","2","26137","1.69"
"Ottawa","11","847","Michigan","6/1/20","773","74","26139","9.57"
"Out of MI","-3","42","Michigan","6/1/20","65","-23","80026","-35.38"
"Presque Isle","0","11","Michigan","6/1/20","11","0","26141","0"
"Roscommon","0","24","Michigan","6/1/20","23","1","26143","4.35"
"Saginaw","8","1074","Michigan","6/1/20","1019","55","26145","5.4"
"Sanilac","0","42","Michigan","6/1/20","41","1","26151","2.44"
"Schoolcraft","0","4","Michigan","6/1/20","4","0","26153","0"
"Shiawassee","1","261","Michigan","6/1/20","255","6","26155","2.35"
"St. Clair","2","509","Michigan","6/1/20","492","17","26147","3.46"
"St. Joseph","2","123","Michigan","6/1/20","106","17","26149","16.04"
"Tuscola","1","192","Michigan","6/1/20","188","4","26157","2.13"
"Van Buren","3","165","Michigan","6/1/20","144","21","26159","14.58"
"Washtenaw","9","1518","Michigan","6/1/20","1458","60","26161","4.12"
"Wayne","98","21114","Michigan","6/1/20","20426","688","26163","3.37"
"Wexford","0","14","Michigan","6/1/20","13","1","26165","7.69"
"Aitkin","0","8","Minnesota","6/1/20","6","2","27001","33.33"
"Anoka","31","1429","Minnesota","6/1/20","1210","219","27003","18.1"
"Becker","0","40","Minnesota","6/1/20","37","3","27005","8.11"
"Beltrami","0","15","Minnesota","6/1/20","12","3","27007","25"
"Benton","2","178","Minnesota","6/1/20","167","11","27009","6.59"
"Big Stone","0","6","Minnesota","6/1/20","3","3","27011","100"
"Blue Earth","4","142","Minnesota","6/1/20","115","27","27013","23.48"
"Brown","1","16","Minnesota","6/1/20","12","4","27015","33.33"
"Carlton","0","75","Minnesota","6/1/20","73","2","27017","2.74"
"Carver","6","218","Minnesota","6/1/20","174","44","27019","25.29"
"Cass","0","14","Minnesota","6/1/20","11","3","27021","27.27"
"Chippewa","1","51","Minnesota","6/1/20","42","9","27023","21.43"
"Chisago","2","62","Minnesota","6/1/20","48","14","27025","29.17"
"Clay","8","427","Minnesota","6/1/20","373","54","27027","14.48"
"Clearwater","0","3","Minnesota","6/1/20","3","0","27029","0"
"Cottonwood","2","76","Minnesota","6/1/20","64","12","27033","18.75"
"Crow Wing","2","71","Minnesota","6/1/20","56","15","27035","26.79"
"Dakota","35","1349","Minnesota","6/1/20","1102","247","27037","22.41"
"Dodge","1","53","Minnesota","6/1/20","44","9","27039","20.45"
"Douglas","2","44","Minnesota","6/1/20","29","15","27041","51.72"
"Faribault","1","19","Minnesota","6/1/20","12","7","27043","58.33"
"Fillmore","0","17","Minnesota","6/1/20","17","0","27045","0"
"Freeborn","5","125","Minnesota","6/1/20","93","32","27047","34.41"
"Goodhue","2","68","Minnesota","6/1/20","55","13","27049","23.64"
"Grant","0","4","Minnesota","6/1/20","2","2","27051","100"
"Hennepin","192","8514","Minnesota","6/1/20","7168","1346","27053","18.78"
"Houston","0","2","Minnesota","6/1/20","2","0","27055","0"
"Hubbard","0","2","Minnesota","6/1/20","1","1","27057","100"
"Isanti","1","35","Minnesota","6/1/20","28","7","27059","25"
"Itasca","0","55","Minnesota","6/1/20","53","2","27061","3.77"
"Jackson","0","39","Minnesota","6/1/20","39","0","27063","0"
"Kanabec","0","11","Minnesota","6/1/20","11","0","27065","0"
"Kandiyohi","4","497","Minnesota","6/1/20","468","29","27067","6.2"
"Kittson","0","1","Minnesota","6/1/20","1","0","27069","0"
"Koochiching","0","9","Minnesota","6/1/20","6","3","27071","50"
"Lac qui Parle","0","3","Minnesota","6/1/20","3","0","27073","0"
"Lake","0","1","Minnesota","6/1/20","1","0","27075","0"
"Le Sueur","0","44","Minnesota","6/1/20","41","3","27079","7.32"
"Lincoln","0","5","Minnesota","6/1/20","5","0","27081","0"
"Lyon","3","57","Minnesota","6/1/20","34","23","27083","67.65"
"Mahnomen","0","6","Minnesota","6/1/20","5","1","27087","20"
"Marshall","0","12","Minnesota","6/1/20","9","3","27089","33.33"
"Martin","1","132","Minnesota","6/1/20","125","7","27091","5.6"
"McLeod","1","37","Minnesota","6/1/20","27","10","27085","37.04"
"Meeker","0","45","Minnesota","6/1/20","42","3","27093","7.14"
"Mille Lacs","0","19","Minnesota","6/1/20","17","2","27095","11.76"
"Morrison","1","47","Minnesota","6/1/20","38","9","27097","23.68"
"Mower","22","345","Minnesota","6/1/20","189","156","27099","82.54"
"Murray","1","39","Minnesota","6/1/20","35","4","27101","11.43"
"Nicollet","3","88","Minnesota","6/1/20","69","19","27103","27.54"
"Nobles","11","1544","Minnesota","6/1/20","1469","75","27105","5.11"
"Norman","0","13","Minnesota","6/1/20","11","2","27107","18.18"
"Olmsted","10","634","Minnesota","6/1/20","562","72","27109","12.81"
"Otter Tail","1","70","Minnesota","6/1/20","60","10","27111","16.67"
"Pennington","1","19","Minnesota","6/1/20","9","10","27113","111.11"
"Pine","1","89","Minnesota","6/1/20","85","4","27115","4.71"
"Pipestone","0","12","Minnesota","6/1/20","10","2","27117","20"
"Polk","0","61","Minnesota","6/1/20","59","2","27119","3.39"
"Pope","0","9","Minnesota","6/1/20","8","1","27121","12.5"
"Ramsey","91","3075","Minnesota","6/1/20","2437","638","27123","26.18"
"Red Lake","0","4","Minnesota","6/1/20","3","1","27125","33.33"
"Redwood","0","5","Minnesota","6/1/20","3","2","27127","66.67"
"Renville","0","5","Minnesota","6/1/20","5","0","27129","0"
"Rice","11","462","Minnesota","6/1/20","386","76","27131","19.69"
"Rock","0","22","Minnesota","6/1/20","21","1","27133","4.76"
"Roseau","0","2","Minnesota","6/1/20","1","1","27135","100"
"Scott","11","436","Minnesota","6/1/20","358","78","27139","21.79"
"Sherburne","5","246","Minnesota","6/1/20","214","32","27141","14.95"
"Sibley","1","16","Minnesota","6/1/20","12","4","27143","33.33"
"St. Louis","1","118","Minnesota","6/1/20","111","7","27137","6.31"
"Stearns","11","2030","Minnesota","6/1/20","1950","80","27145","4.1"
"Steele","3","160","Minnesota","6/1/20","141","19","27147","13.48"
"Stevens","0","1","Minnesota","6/1/20","0","1","27149","1"
"Swift","0","19","Minnesota","6/1/20","16","3","27151","18.75"
"Todd","16","319","Minnesota","6/1/20","204","115","27153","56.37"
"Traverse","0","3","Minnesota","6/1/20","3","0","27155","0"
"Wabasha","0","18","Minnesota","6/1/20","16","2","27157","12.5"
"Wadena","1","10","Minnesota","6/1/20","6","4","27159","66.67"
"Waseca","0","26","Minnesota","6/1/20","25","1","27161","4"
"Washington","17","645","Minnesota","6/1/20","527","118","27163","22.39"
"Watonwan","3","75","Minnesota","6/1/20","56","19","27165","33.93"
"Wilkin","0","11","Minnesota","6/1/20","11","0","27167","0"
"Winona","0","80","Minnesota","6/1/20","78","2","27169","2.56"
"Wright","10","320","Minnesota","6/1/20","253","67","27171","26.48"
"Yellow Medicine","0","6","Minnesota","6/1/20","6","0","27173","0"
"Adams","2","200","Mississippi","6/1/20","188","12","28001","6.38"
"Alcorn","0","17","Mississippi","6/1/20","14","3","28003","21.43"
"Amite","2","64","Mississippi","6/1/20","52","12","28005","23.08"
"Attala","4","298","Mississippi","6/1/20","273","25","28007","9.16"
"Benton","0","14","Mississippi","6/1/20","15","-1","28009","-6.67"
"Bolivar","3","165","Mississippi","6/1/20","141","24","28011","17.02"
"Calhoun","1","65","Mississippi","6/1/20","60","5","28013","8.33"
"Carroll","1","117","Mississippi","6/1/20","113","4","28015","3.54"
"Chickasaw","1","137","Mississippi","6/1/20","127","10","28017","7.87"
"Choctaw","2","48","Mississippi","6/1/20","32","16","28019","50"
"Claiborne","7","110","Mississippi","6/1/20","58","52","28021","89.66"
"Clarke","2","148","Mississippi","6/1/20","131","17","28023","12.98"
"Clay","2","114","Mississippi","6/1/20","99","15","28025","15.15"
"Coahoma","3","125","Mississippi","6/1/20","106","19","28027","17.92"
"Copiah","4","313","Mississippi","6/1/20","284","29","28029","10.21"
"Covington","6","173","Mississippi","6/1/20","131","42","28031","32.06"
"DeSoto","11","550","Mississippi","6/1/20","474","76","28033","16.03"
"Forrest","14","583","Mississippi","6/1/20","486","97","28035","19.96"
"Franklin","1","29","Mississippi","6/1/20","25","4","28037","16"
"George","1","25","Mississippi","6/1/20","20","5","28039","25"
"Greene","1","16","Mississippi","6/1/20","7","9","28041","128.57"
"Grenada","3","95","Mississippi","6/1/20","75","20","28043","26.67"
"Hancock","0","91","Mississippi","6/1/20","88","3","28045","3.41"
"Harrison","3","261","Mississippi","6/1/20","237","24","28047","10.13"
"Hinds","19","1028","Mississippi","6/1/20","898","130","28049","14.48"
"Holmes","9","434","Mississippi","6/1/20","369","65","28051","17.62"
"Humphreys","1","59","Mississippi","6/1/20","53","6","28053","11.32"
"Itawamba","0","88","Mississippi","6/1/20","85","3","28057","3.53"
"Jackson","2","307","Mississippi","6/1/20","296","11","28059","3.72"
"Jasper","3","163","Mississippi","6/1/20","145","18","28061","12.41"
"Jefferson","0","42","Mississippi","6/1/20","40","2","28063","5"
"Jefferson Davis","1","77","Mississippi","6/1/20","71","6","28065","8.45"
"Jones","23","652","Mississippi","6/1/20","492","160","28067","32.52"
"Kemper","3","145","Mississippi","6/1/20","127","18","28069","14.17"
"Lafayette","2","137","Mississippi","6/1/20","124","13","28071","10.48"
"Lamar","3","239","Mississippi","6/1/20","220","19","28073","8.64"
"Lauderdale","9","741","Mississippi","6/1/20","680","61","28075","8.97"
"Lawrence","2","106","Mississippi","6/1/20","94","12","28077","12.77"
"Leake","6","431","Mississippi","6/1/20","388","43","28079","11.08"
"Lee","7","154","Mississippi","6/1/20","108","46","28081","42.59"
"Leflore","3","265","Mississippi","6/1/20","241","24","28083","9.96"
"Lincoln","3","266","Mississippi","6/1/20","245","21","28085","8.57"
"Lowndes","8","219","Mississippi","6/1/20","164","55","28087","33.54"
"Madison","13","742","Mississippi","6/1/20","653","89","28089","13.63"
"Marion","1","117","Mississippi","6/1/20","110","7","28091","6.36"
"Marshall","1","81","Mississippi","6/1/20","71","10","28093","14.08"
"Monroe","2","261","Mississippi","6/1/20","246","15","28095","6.1"
"Montgomery","1","85","Mississippi","6/1/20","80","5","28097","6.25"
"Neshoba","22","671","Mississippi","6/1/20","514","157","28099","30.54"
"Newton","7","278","Mississippi","6/1/20","227","51","28101","22.47"
"Noxubee","3","187","Mississippi","6/1/20","165","22","28103","13.33"
"Oktibbeha","15","243","Mississippi","6/1/20","139","104","28105","74.82"
"Panola","1","71","Mississippi","6/1/20","62","9","28107","14.52"
"Pearl River","1","209","Mississippi","6/1/20","205","4","28109","1.95"
"Perry","0","50","Mississippi","6/1/20","49","1","28111","2.04"
"Pike","0","203","Mississippi","6/1/20","200","3","28113","1.5"
"Pontotoc","1","36","Mississippi","6/1/20","26","10","28115","38.46"
"Prentiss","2","56","Mississippi","6/1/20","39","17","28117","43.59"
"Quitman","1","34","Mississippi","6/1/20","24","10","28119","41.67"
"Rankin","13","446","Mississippi","6/1/20","356","90","28121","25.28"
"Scott","8","648","Mississippi","6/1/20","592","56","28123","9.46"
"Sharkey","0","7","Mississippi","6/1/20","7","0","28125","0"
"Simpson","2","100","Mississippi","6/1/20","85","15","28127","17.65"
"Smith","3","152","Mississippi","6/1/20","131","21","28129","16.03"
"Stone","0","30","Mississippi","6/1/20","30","0","28131","0"
"Sunflower","1","85","Mississippi","6/1/20","79","6","28133","7.59"
"Tallahatchie","0","27","Mississippi","6/1/20","24","3","28135","12.5"
"Tate","5","95","Mississippi","6/1/20","59","36","28137","61.02"
"Tippah","0","73","Mississippi","6/1/20","70","3","28139","4.29"
"Tishomingo","1","32","Mississippi","6/1/20","25","7","28141","28"
"Tunica","1","55","Mississippi","6/1/20","48","7","28143","14.58"
"Union","2","84","Mississippi","6/1/20","72","12","28145","16.67"
"Walthall","1","57","Mississippi","6/1/20","49","8","28147","16.33"
"Warren","3","175","Mississippi","6/1/20","154","21","28149","13.64"
"Washington","5","191","Mississippi","6/1/20","153","38","28151","24.84"
"Wayne","12","210","Mississippi","6/1/20","125","85","28153","68"
"Webster","6","68","Mississippi","6/1/20","28","40","28155","142.86"
"Wilkinson","0","85","Mississippi","6/1/20","84","1","28157","1.19"
"Winston","3","120","Mississippi","6/1/20","98","22","28159","22.45"
"Yalobusha","1","94","Mississippi","6/1/20","84","10","28161","11.9"
"Yazoo","9","283","Mississippi","6/1/20","219","64","28163","29.22"
"Adair","2","60","Missouri","6/1/20","44","16","29001","36.36"
"Andrew","1","30","Missouri","6/1/20","24","6","29003","25"
"Atchison","0","3","Missouri","6/1/20","3","0","29005","0"
"Audrain","4","85","Missouri","6/1/20","60","25","29007","41.67"
"Barry","0","9","Missouri","6/1/20","9","0","29009","0"
"Bates","0","9","Missouri","6/1/20","7","2","29013","28.57"
"Benton","0","11","Missouri","6/1/20","10","1","29015","10"
"Bollinger","0","6","Missouri","6/1/20","6","0","29017","0"
"Boone","4","153","Missouri","6/1/20","122","31","29019","25.41"
"Buchanan","12","709","Missouri","6/1/20","628","81","29021","12.9"
"Butler","1","35","Missouri","6/1/20","29","6","29023","20.69"
"Caldwell","0","6","Missouri","6/1/20","5","1","29025","20"
"Callaway","0","29","Missouri","6/1/20","26","3","29027","11.54"
"Camden","0","38","Missouri","6/1/20","38","0","29029","0"
"Cape Girardeau","2","74","Missouri","6/1/20","62","12","29031","19.35"
"Carroll","0","8","Missouri","6/1/20","7","1","29033","14.29"
"Carter","0","5","Missouri","6/1/20","5","0","29035","0"
"Cass","2","93","Missouri","6/1/20","80","13","29037","16.25"
"Cedar","0","9","Missouri","6/1/20","9","0","29039","0"
"Chariton","0","6","Missouri","6/1/20","6","0","29041","0"
"Christian","0","24","Missouri","6/1/20","21","3","29043","14.29"
"Clark","0","1","Missouri","6/1/20","1","0","29045","0"
"Clay","3","173","Missouri","6/1/20","149","24","29047","16.11"
"Clinton","0","18","Missouri","6/1/20","18","0","29049","0"
"Cole","0","61","Missouri","6/1/20","60","1","29051","1.67"
"Cooper","0","9","Missouri","6/1/20","9","0","29053","0"
"Crawford","0","9","Missouri","6/1/20","9","0","29055","0"
"Dallas","0","3","Missouri","6/1/20","3","0","29059","0"
"Daviess","0","4","Missouri","6/1/20","4","0","29061","0"
"DeKalb","0","6","Missouri","6/1/20","5","1","29063","20"
"Dunklin","2","45","Missouri","6/1/20","30","15","29069","50"
"Franklin","0","141","Missouri","6/1/20","140","1","29071","0.71"
"Gasconade","0","2","Missouri","6/1/20","2","0","29073","0"
"Gentry","3","35","Missouri","6/1/20","17","18","29075","105.88"
"Greene","5","155","Missouri","6/1/20","122","33","29077","27.05"
"Harrison","0","9","Missouri","6/1/20","8","1","29081","12.5"
"Henry","0","12","Missouri","6/1/20","10","2","29083","20"
"Holt","0","2","Missouri","6/1/20","1","1","29087","100"
"Howard","0","3","Missouri","6/1/20","3","0","29089","0"
"Howell","0","7","Missouri","6/1/20","5","2","29091","40"
"Iron","0","3","Missouri","6/1/20","2","1","29093","50"
"Jackson","13","613","Missouri","6/1/20","520","93","29095","17.88"
"Jasper","1","37","Missouri","6/1/20","32","5","29097","15.62"
"Jefferson","4","363","Missouri","6/1/20","337","26","29099","7.72"
"Johnson","0","76","Missouri","6/1/20","73","3","29101","4.11"
"Kansas City","24","1219","Missouri","6/1/20","1050","169","00000","16.1"
"Laclede","0","5","Missouri","6/1/20","3","2","29105","66.67"
"Lafayette","1","74","Missouri","6/1/20","70","4","29107","5.71"
"Lawrence","0","8","Missouri","6/1/20","8","0","29109","0"
"Lewis","0","7","Missouri","6/1/20","7","0","29111","0"
"Lincoln","0","109","Missouri","6/1/20","106","3","29113","2.83"
"Linn","0","9","Missouri","6/1/20","6","3","29115","50"
"Livingston","0","3","Missouri","6/1/20","3","0","29117","0"
"Macon","0","4","Missouri","6/1/20","2","2","29121","100"
"Madison","0","3","Missouri","6/1/20","3","0","29123","0"
"Maries","0","2","Missouri","6/1/20","2","0","29125","0"
"Marion","0","5","Missouri","6/1/20","5","0","29127","0"
"McDonald","1","22","Missouri","6/1/20","17","5","29119","29.41"
"Miller","0","4","Missouri","6/1/20","4","0","29131","0"
"Mississippi","1","58","Missouri","6/1/20","54","4","29133","7.41"
"Moniteau","0","47","Missouri","6/1/20","45","2","29135","4.44"
"Montgomery","0","9","Missouri","6/1/20","8","1","29139","12.5"
"Morgan","0","9","Missouri","6/1/20","9","0","29141","0"
"New Madrid","1","21","Missouri","6/1/20","17","4","29143","23.53"
"Newton","0","19","Missouri","6/1/20","16","3","29145","18.75"
"Nodaway","0","14","Missouri","6/1/20","12","2","29147","16.67"
"Oregon","0","2","Missouri","6/1/20","2","0","29149","0"
"Osage","0","5","Missouri","6/1/20","5","0","29151","0"
"Pemiscot","2","87","Missouri","6/1/20","72","15","29155","20.83"
"Perry","2","61","Missouri","6/1/20","49","12","29157","24.49"
"Pettis","1","78","Missouri","6/1/20","70","8","29159","11.43"
"Phelps","0","4","Missouri","6/1/20","4","0","29161","0"
"Pike","1","22","Missouri","6/1/20","14","8","29163","57.14"
"Platte","0","70","Missouri","6/1/20","67","3","29165","4.48"
"Polk","0","3","Missouri","6/1/20","3","0","29167","0"
"Pulaski","0","35","Missouri","6/1/20","33","2","29169","6.06"
"Ralls","0","5","Missouri","6/1/20","2","3","29173","150"
"Randolph","0","10","Missouri","6/1/20","9","1","29175","11.11"
"Ray","0","19","Missouri","6/1/20","16","3","29177","18.75"
"Reynolds","0","2","Missouri","6/1/20","2","0","29179","0"
"Ripley","0","7","Missouri","6/1/20","7","0","29181","0"
"Saline","0","269","Missouri","6/1/20","267","2","29195","0.75"
"Scotland","0","6","Missouri","6/1/20","4","2","29199","50"
"Scott","2","108","Missouri","6/1/20","93","15","29201","16.13"
"Shelby","0","1","Missouri","6/1/20","1","0","29205","0"
"St. Charles","6","787","Missouri","6/1/20","743","44","29183","5.92"
"St. Clair","0","3","Missouri","6/1/20","3","0","29185","0"
"St. Francois","0","35","Missouri","6/1/20","33","2","29187","6.06"
"St. Louis","47","5094","Missouri","6/1/20","4762","332","29189","6.97"
"St. Louis City","18","1974","Missouri","6/1/20","1849","125","29510","6.76"
"Ste. Genevieve","1","12","Missouri","6/1/20","8","4","29186","50"
"Stoddard","1","84","Missouri","6/1/20","74","10","29207","13.51"
"Stone","0","4","Missouri","6/1/20","4","0","29209","0"
"Sullivan","1","60","Missouri","6/1/20","53","7","29211","13.21"
"Taney","0","14","Missouri","6/1/20","14","0","29213","0"
"Texas","0","1","Missouri","6/1/20","0","1","29215","1"
"Vernon","0","9","Missouri","6/1/20","7","2","29217","28.57"
"Warren","0","28","Missouri","6/1/20","28","0","29219","0"
"Washington","0","12","Missouri","6/1/20","10","2","29221","20"
"Webster","0","18","Missouri","6/1/20","17","1","29225","5.88"
"Worth","0","4","Missouri","6/1/20","4","0","29227","0"
"Wright","0","11","Missouri","6/1/20","11","0","29229","0"
"Beaverhead","0","1","Montana","6/1/20","1","0","30001","0"
"Big Horn","3","30","Montana","6/1/20","8","22","30003","275"
"Broadwater","0","4","Montana","6/1/20","4","0","30007","0"
"Carbon","0","6","Montana","6/1/20","6","0","30009","0"
"Cascade","0","17","Montana","6/1/20","17","0","30013","0"
"Deer Lodge","0","3","Montana","6/1/20","3","0","30023","0"
"Flathead","0","37","Montana","6/1/20","37","0","30029","0"
"Gallatin","1","153","Montana","6/1/20","149","4","30031","2.68"
"Glacier","0","6","Montana","6/1/20","6","0","30035","0"
"Golden Valley","0","3","Montana","6/1/20","3","0","30037","0"
"Hill","0","1","Montana","6/1/20","1","0","30041","0"
"Jefferson","0","3","Montana","6/1/20","3","0","30043","0"
"Lake","0","5","Montana","6/1/20","5","0","30047","0"
"Lewis and Clark","0","16","Montana","6/1/20","16","0","30049","0"
"Liberty","0","1","Montana","6/1/20","1","0","30051","0"
"Lincoln","0","7","Montana","6/1/20","7","0","30053","0"
"Madison","0","8","Montana","6/1/20","8","0","30057","0"
"Meagher","0","1","Montana","6/1/20","1","0","30059","0"
"Missoula","0","40","Montana","6/1/20","39","1","30063","2.56"
"Musselshell","0","1","Montana","6/1/20","1","0","30065","0"
"Park","0","8","Montana","6/1/20","8","0","30067","0"
"Pondera","0","2","Montana","6/1/20","2","0","30073","0"
"Ravalli","0","14","Montana","6/1/20","13","1","30081","7.69"
"Richland","0","3","Montana","6/1/20","3","0","30083","0"
"Roosevelt","0","7","Montana","6/1/20","7","0","30085","0"
"Silver Bow","0","11","Montana","6/1/20","11","0","30093","0"
"Stillwater","0","1","Montana","6/1/20","1","0","30095","0"
"Toole","0","29","Montana","6/1/20","29","0","30101","0"
"Wheatland","0","1","Montana","6/1/20","1","0","30107","0"
"Yellowstone","2","100","Montana","6/1/20","88","12","30111","13.64"
"Adams","1","272","Nebraska","6/1/20","265","7","31001","2.64"
"Antelope","0","8","Nebraska","6/1/20","7","1","31003","14.29"
"Boone","0","6","Nebraska","6/1/20","3","3","31011","100"
"Box Butte","0","2","Nebraska","6/1/20","2","0","31013","0"
"Boyd","0","1","Nebraska","6/1/20","0","1","31015","1"
"Buffalo","2","159","Nebraska","6/1/20","142","17","31019","11.97"
"Burt","0","8","Nebraska","6/1/20","8","0","31021","0"
"Butler","0","48","Nebraska","6/1/20","45","3","31023","6.67"
"Cass","2","51","Nebraska","6/1/20","38","13","31025","34.21"
"Cedar","0","8","Nebraska","6/1/20","7","1","31027","14.29"
"Chase","0","1","Nebraska","6/1/20","1","0","31029","0"
"Cherry","0","1","Nebraska","6/1/20","1","0","31031","0"
"Cheyenne","0","9","Nebraska","6/1/20","9","0","31033","0"
"Clay","0","24","Nebraska","6/1/20","22","2","31035","9.09"
"Colfax","2","619","Nebraska","6/1/20","602","17","31037","2.82"
"Cuming","0","32","Nebraska","6/1/20","31","1","31039","3.23"
"Custer","0","31","Nebraska","6/1/20","31","0","31041","0"
"Dakota","8","1665","Nebraska","6/1/20","1612","53","31043","3.29"
"Dawes","0","1","Nebraska","6/1/20","1","0","31045","0"
"Dawson","3","839","Nebraska","6/1/20","820","19","31047","2.32"
"Dixon","1","29","Nebraska","6/1/20","25","4","31051","16"
"Dodge","15","478","Nebraska","6/1/20","376","102","31053","27.13"
"Douglas","164","4331","Nebraska","6/1/20","3186","1145","31055","35.94"
"Fillmore","0","7","Nebraska","6/1/20","5","2","31059","40"
"Franklin","0","6","Nebraska","6/1/20","6","0","31061","0"
"Frontier","0","1","Nebraska","6/1/20","1","0","31063","0"
"Furnas","0","9","Nebraska","6/1/20","7","2","31065","28.57"
"Gage","0","45","Nebraska","6/1/20","44","1","31067","2.27"
"Garden","0","2","Nebraska","6/1/20","0","2","31069","1"
"Gosper","0","13","Nebraska","6/1/20","13","0","31073","0"
"Greeley","0","2","Nebraska","6/1/20","3","-1","31077","-33.33"
"Hall","7","1515","Nebraska","6/1/20","1466","49","31079","3.34"
"Hamilton","0","55","Nebraska","6/1/20","54","1","31081","1.85"
"Harlan","0","0","Nebraska","6/1/20","1","-1","31083","-100"
"Hitchcock","0","1","Nebraska","6/1/20","1","0","31087","0"
"Holt","0","1","Nebraska","6/1/20","1","0","31089","0"
"Howard","0","42","Nebraska","6/1/20","39","3","31093","7.69"
"Jefferson","0","6","Nebraska","6/1/20","6","0","31095","0"
"Johnson","0","6","Nebraska","6/1/20","7","-1","31097","-14.29"
"Kearney","0","11","Nebraska","6/1/20","12","-1","31099","-8.33"
"Keith","0","2","Nebraska","6/1/20","2","0","31101","0"
"Kimball","0","8","Nebraska","6/1/20","8","0","31105","0"
"Knox","0","10","Nebraska","6/1/20","9","1","31107","11.11"
"Lancaster","20","1222","Nebraska","6/1/20","1084","138","31109","12.73"
"Lincoln","0","48","Nebraska","6/1/20","47","1","31111","2.13"
"Madison","3","318","Nebraska","6/1/20","299","19","31119","6.35"
"Merrick","0","32","Nebraska","6/1/20","32","0","31121","0"
"Morrill","0","11","Nebraska","6/1/20","10","1","31123","10"
"Nance","0","4","Nebraska","6/1/20","5","-1","31125","-20"
"Nemaha","0","3","Nebraska","6/1/20","3","0","31127","0"
"Nuckolls","0","1","Nebraska","6/1/20","1","0","31129","0"
"Otoe","0","7","Nebraska","6/1/20","6","1","31131","16.67"
"Phelps","0","20","Nebraska","6/1/20","20","0","31137","0"
"Pierce","1","6","Nebraska","6/1/20","2","4","31139","200"
"Platte","8","586","Nebraska","6/1/20","530","56","31141","10.57"
"Polk","0","11","Nebraska","6/1/20","9","2","31143","22.22"
"Red Willow","0","5","Nebraska","6/1/20","5","0","31145","0"
"Richardson","0","1","Nebraska","6/1/20","1","0","31147","0"
"Saline","3","504","Nebraska","6/1/20","482","22","31151","4.56"
"Sarpy","27","650","Nebraska","6/1/20","463","187","31153","40.39"
"Saunders","1","38","Nebraska","6/1/20","28","10","31155","35.71"
"Scotts Bluff","6","107","Nebraska","6/1/20","67","40","31157","59.7"
"Seward","0","28","Nebraska","6/1/20","27","1","31159","3.7"
"Sherman","0","4","Nebraska","6/1/20","3","1","31163","33.33"
"Stanton","0","20","Nebraska","6/1/20","17","3","31167","17.65"
"Thayer","0","1","Nebraska","6/1/20","0","1","31169","1"
"Thomas","0","1","Nebraska","6/1/20","1","0","31171","0"
"Thurston","2","45","Nebraska","6/1/20","30","15","31173","50"
"Valley","0","4","Nebraska","6/1/20","3","1","31175","33.33"
"Washington","1","32","Nebraska","6/1/20","26","6","31177","23.08"
"Wayne","0","15","Nebraska","6/1/20","13","2","31179","15.38"
"Webster","0","5","Nebraska","6/1/20","5","0","31181","0"
"York","0","36","Nebraska","6/1/20","35","1","31185","2.86"
"Carson City","1","99","Nevada","6/1/20","90","9","32510","10"
"Churchill","0","7","Nevada","6/1/20","6","1","32001","16.67"
"Clark","77","6719","Nevada","6/1/20","6182","537","32003","8.69"
"Douglas","1","32","Nevada","6/1/20","28","4","32005","14.29"
"Elko","0","24","Nevada","6/1/20","22","2","32007","9.09"
"Humboldt","0","78","Nevada","6/1/20","78","0","32013","0"
"Lander","0","20","Nevada","6/1/20","20","0","32015","0"
"Lincoln","0","2","Nevada","6/1/20","2","0","32017","0"
"Lyon","1","65","Nevada","6/1/20","55","10","32019","18.18"
"Mineral","0","4","Nevada","6/1/20","4","0","32021","0"
"Nye","0","62","Nevada","6/1/20","59","3","32023","5.08"
"Storey","0","1","Nevada","6/1/20","1","0","32029","0"
"Washoe","26","1585","Nevada","6/1/20","1405","180","32031","12.81"
"White Pine","0","4","Nevada","6/1/20","4","0","32033","0"
"Belknap","1","60","New Hampshire","6/1/20","55","5","33001","9.09"
"Carroll","0","48","New Hampshire","6/1/20","46","2","33003","4.35"
"Cheshire","0","57","New Hampshire","6/1/20","54","3","33005","5.56"
"Coos","0","5","New Hampshire","6/1/20","4","1","33007","25"
"Grafton","1","76","New Hampshire","6/1/20","69","7","33009","10.14"
"Hillsborough","51","2486","New Hampshire","6/1/20","2132","354","33011","16.6"
"Merrimack","4","346","New Hampshire","6/1/20","321","25","33013","7.79"
"Rockingham","12","1313","New Hampshire","6/1/20","1230","83","33015","6.75"
"Strafford","2","269","New Hampshire","6/1/20","257","12","33017","4.67"
"Sullivan","0","19","New Hampshire","6/1/20","17","2","33019","11.76"
"Atlantic","28","2222","New Jersey","6/1/20","2028","194","34001","9.57"
"Bergen","57","18302","New Jersey","6/1/20","17901","401","34003","2.24"
"Burlington","43","4657","New Jersey","6/1/20","4355","302","34005","6.93"
"Camden","63","6543","New Jersey","6/1/20","6103","440","34007","7.21"
"Cape May","8","623","New Jersey","6/1/20","570","53","34009","9.3"
"Cumberland","46","2310","New Jersey","6/1/20","1991","319","34011","16.02"
"Essex","69","17733","New Jersey","6/1/20","17248","485","34013","2.81"
"Gloucester","22","2245","New Jersey","6/1/20","2089","156","34015","7.47"
"Hudson","-11","18801","New Jersey","6/1/20","18879","-78","34017","-0.41"
"Hunterdon","4","996","New Jersey","6/1/20","966","30","34019","3.11"
"Mercer","67","6961","New Jersey","6/1/20","6491","470","34021","7.24"
"Middlesex","77","15977","New Jersey","6/1/20","15437","540","34023","3.5"
"Monmouth","55","8249","New Jersey","6/1/20","7865","384","34025","4.88"
"Morris","35","6506","New Jersey","6/1/20","6259","247","34027","3.95"
"Ocean","49","8770","New Jersey","6/1/20","8430","340","34029","4.03"
"Passaic","61","16200","New Jersey","6/1/20","15774","426","34031","2.7"
"Salem","10","639","New Jersey","6/1/20","566","73","34033","12.9"
"Somerset","16","4595","New Jersey","6/1/20","4480","115","34035","2.57"
"Sussex","4","1114","New Jersey","6/1/20","1084","30","34037","2.77"
"Union","91","15858","New Jersey","6/1/20","15218","640","34039","4.21"
"Warren","5","1165","New Jersey","6/1/20","1132","33","34041","2.92"
"Bernalillo","20","1486","New Mexico","6/1/20","1347","139","35001","10.32"
"Catron","0","2","New Mexico","6/1/20","2","0","35003","0"
"Chaves","1","50","New Mexico","6/1/20","40","10","35005","25"
"Cibola","2","143","New Mexico","6/1/20","129","14","35006","10.85"
"Colfax","0","5","New Mexico","6/1/20","5","0","35007","0"
"Curry","1","53","New Mexico","6/1/20","46","7","35009","15.22"
"Dona Ana","8","476","New Mexico","6/1/20","423","53","35013","12.53"
"Eddy","1","24","New Mexico","6/1/20","19","5","35015","26.32"
"Grant","0","15","New Mexico","6/1/20","16","-1","35017","-6.25"
"Guadalupe","0","20","New Mexico","6/1/20","19","1","35019","5.26"
"Harding","0","1","New Mexico","6/1/20","1","0","35021","0"
"Hidalgo","0","1","New Mexico","6/1/20","1","0","35023","0"
"Lea","0","26","New Mexico","6/1/20","24","2","35025","8.33"
"Lincoln","0","2","New Mexico","6/1/20","3","-1","35027","-33.33"
"Los Alamos","0","6","New Mexico","6/1/20","6","0","35028","0"
"Luna","0","8","New Mexico","6/1/20","7","1","35029","14.29"
"McKinley","34","2451","New Mexico","6/1/20","2215","236","35031","10.65"
"Otero","1","22","New Mexico","6/1/20","14","8","35035","57.14"
"Quay","0","5","New Mexico","6/1/20","5","0","35037","0"
"Rio Arriba","2","48","New Mexico","6/1/20","37","11","35039","29.73"
"Roosevelt","1","42","New Mexico","6/1/20","36","6","35041","16.67"
"San Juan","27","1771","New Mexico","6/1/20","1581","190","35045","12.02"
"San Miguel","0","15","New Mexico","6/1/20","15","0","35047","0"
"Sandoval","3","568","New Mexico","6/1/20","544","24","35043","4.41"
"Santa Fe","2","144","New Mexico","6/1/20","133","11","35049","8.27"
"Sierra","0","1","New Mexico","6/1/20","1","0","35051","0"
"Socorro","0","51","New Mexico","6/1/20","49","2","35053","4.08"
"Taos","1","29","New Mexico","6/1/20","24","5","35055","20.83"
"Torrance","2","32","New Mexico","6/1/20","20","12","35057","60"
"Union","0","4","New Mexico","6/1/20","3","1","35059","33.33"
"Valencia","0","74","New Mexico","6/1/20","72","2","35061","2.78"
"Albany","13","1882","New York","6/1/20","1791","91","36001","5.08"
"Allegany","1","48","New York","6/1/20","44","4","36003","9.09"
"Broome","8","574","New York","6/1/20","519","55","36007","10.6"
"Cattaraugus","1","89","New York","6/1/20","81","8","36009","9.88"
"Cayuga","2","92","New York","6/1/20","77","15","36011","19.48"
"Chautauqua","1","85","New York","6/1/20","75","10","36013","13.33"
"Chemung","0","137","New York","6/1/20","136","1","36015","0.74"
"Chenango","2","133","New York","6/1/20","119","14","36017","11.76"
"Clinton","0","96","New York","6/1/20","95","1","36019","1.05"
"Columbia","2","389","New York","6/1/20","372","17","36021","4.57"
"Cortland","0","41","New York","6/1/20","39","2","36023","5.13"
"Delaware","1","81","New York","6/1/20","77","4","36025","5.19"
"Dutchess","14","3924","New York","6/1/20","3825","99","36027","2.59"
"Erie","60","6123","New York","6/1/20","5700","423","36029","7.42"
"Essex","0","37","New York","6/1/20","36","1","36031","2.78"
"Franklin","0","23","New York","6/1/20","20","3","36033","15"
"Fulton","2","210","New York","6/1/20","196","14","36035","7.14"
"Genesee","1","202","New York","6/1/20","192","10","36037","5.21"
"Greene","2","239","New York","6/1/20","225","14","36039","6.22"
"Hamilton","0","5","New York","6/1/20","5","0","36041","0"
"Herkimer","1","109","New York","6/1/20","103","6","36043","5.83"
"Jefferson","0","74","New York","6/1/20","72","2","36045","2.78"
"Lewis","0","20","New York","6/1/20","19","1","36049","5.26"
"Livingston","1","119","New York","6/1/20","115","4","36051","3.48"
"Madison","2","316","New York","6/1/20","303","13","36053","4.29"
"Monroe","33","2964","New York","6/1/20","2733","231","36055","8.45"
"Montgomery","2","91","New York","6/1/20","79","12","36057","15.19"
"Nassau","82","40479","New York","6/1/20","39907","572","36059","1.43"
"New York","719","203764","New York","6/1/20","198731","5033","36061","2.53"
"Niagara","13","1046","New York","6/1/20","955","91","36063","9.53"
"Oneida","19","1036","New York","6/1/20","905","131","36065","14.48"
"Onondaga","31","2197","New York","6/1/20","1981","216","36067","10.9"
"Ontario","3","208","New York","6/1/20","185","23","36069","12.43"
"Orange","25","10422","New York","6/1/20","10244","178","36071","1.74"
"Orleans","4","236","New York","6/1/20","205","31","36073","15.12"
"Oswego","1","110","New York","6/1/20","104","6","36075","5.77"
"Otsego","0","72","New York","6/1/20","69","3","36077","4.35"
"Putnam","6","1257","New York","6/1/20","1214","43","36079","3.54"
"Rensselaer","4","492","New York","6/1/20","465","27","36083","5.81"
"Rockland","27","13185","New York","6/1/20","12996","189","36087","1.45"
"Saratoga","3","483","New York","6/1/20","461","22","36091","4.77"
"Schenectady","4","693","New York","6/1/20","664","29","36093","4.37"
"Schoharie","0","50","New York","6/1/20","49","1","36095","2.04"
"Schuyler","0","11","New York","6/1/20","11","0","36097","0"
"Seneca","1","59","New York","6/1/20","55","4","36099","7.27"
"St. Lawrence","1","205","New York","6/1/20","197","8","36089","4.06"
"Steuben","0","241","New York","6/1/20","240","1","36101","0.42"
"Suffolk","88","39705","New York","6/1/20","39090","615","36103","1.57"
"Sullivan","9","1389","New York","6/1/20","1324","65","36105","4.91"
"Tioga","1","130","New York","6/1/20","122","8","36107","6.56"
"Tompkins","1","164","New York","6/1/20","154","10","36109","6.49"
"Ulster","8","1691","New York","6/1/20","1632","59","36111","3.62"
"Warren","1","255","New York","6/1/20","251","4","36113","1.59"
"Washington","1","235","New York","6/1/20","228","7","36115","3.07"
"Wayne","1","116","New York","6/1/20","109","7","36117","6.42"
"Westchester","72","33552","New York","6/1/20","33049","503","36119","1.52"
"Wyoming","1","86","New York","6/1/20","82","4","36121","4.88"
"Yates","0","39","New York","6/1/20","37","2","36123","5.41"
"Alamance","16","391","North Carolina","6/1/20","278","113","37001","40.65"
"Alexander","1","35","North Carolina","6/1/20","27","8","37003","29.63"
"Alleghany","1","17","North Carolina","6/1/20","13","4","37005","30.77"
"Anson","1","65","North Carolina","6/1/20","59","6","37007","10.17"
"Ashe","0","37","North Carolina","6/1/20","35","2","37009","5.71"
"Avery","0","2","North Carolina","6/1/20","2","0","37011","0"
"Beaufort","0","36","North Carolina","6/1/20","35","1","37013","2.86"
"Bertie","1","122","North Carolina","6/1/20","115","7","37015","6.09"
"Bladen","2","105","North Carolina","6/1/20","94","11","37017","11.7"
"Brunswick","3","95","North Carolina","6/1/20","74","21","37019","28.38"
"Buncombe","10","346","North Carolina","6/1/20","276","70","37021","25.36"
"Burke","20","439","North Carolina","6/1/20","296","143","37023","48.31"
"Cabarrus","8","508","North Carolina","6/1/20","449","59","37025","13.14"
"Caldwell","7","155","North Carolina","6/1/20","107","48","37027","44.86"
"Camden","0","3","North Carolina","6/1/20","3","0","37029","0"
"Carteret","0","37","North Carolina","6/1/20","36","1","37031","2.78"
"Caswell","5","87","North Carolina","6/1/20","55","32","37033","58.18"
"Catawba","12","234","North Carolina","6/1/20","152","82","37035","53.95"
"Chatham","7","637","North Carolina","6/1/20","588","49","37037","8.33"
"Cherokee","0","30","North Carolina","6/1/20","30","0","37039","0"
"Chowan","0","17","North Carolina","6/1/20","15","2","37041","13.33"
"Clay","0","8","North Carolina","6/1/20","8","0","37043","0"
"Cleveland","4","94","North Carolina","6/1/20","69","25","37045","36.23"
"Columbus","6","338","North Carolina","6/1/20","296","42","37047","14.19"
"Craven","2","209","North Carolina","6/1/20","192","17","37049","8.85"
"Cumberland","18","712","North Carolina","6/1/20","588","124","37051","21.09"
"Currituck","0","14","North Carolina","6/1/20","11","3","37053","27.27"
"Dare","0","22","North Carolina","6/1/20","22","0","37055","0"
"Davidson","10","430","North Carolina","6/1/20","361","69","37057","19.11"
"Davie","4","103","North Carolina","6/1/20","74","29","37059","39.19"
"Duplin","27","846","North Carolina","6/1/20","659","187","37061","28.38"
"Durham","52","1677","North Carolina","6/1/20","1312","365","37063","27.82"
"Edgecombe","2","201","North Carolina","6/1/20","190","11","37065","5.79"
"Forsyth","67","1441","North Carolina","6/1/20","969","472","37067","48.71"
"Franklin","2","159","North Carolina","6/1/20","145","14","37069","9.66"
"Gaston","6","286","North Carolina","6/1/20","247","39","37071","15.79"
"Gates","0","24","North Carolina","6/1/20","23","1","37073","4.35"
"Graham","0","2","North Carolina","6/1/20","2","0","37075","0"
"Granville","9","312","North Carolina","6/1/20","247","65","37077","26.32"
"Greene","2","79","North Carolina","6/1/20","65","14","37079","21.54"
"Guilford","31","1288","North Carolina","6/1/20","1073","215","37081","20.04"
"Halifax","5","182","North Carolina","6/1/20","150","32","37083","21.33"
"Harnett","2","292","North Carolina","6/1/20","275","17","37085","6.18"
"Haywood","1","48","North Carolina","6/1/20","40","8","37087","20"
"Henderson","4","347","North Carolina","6/1/20","319","28","37089","8.78"
"Hertford","8","128","North Carolina","6/1/20","69","59","37091","85.51"
"Hoke","7","243","North Carolina","6/1/20","197","46","37093","23.35"
"Hyde","0","1","North Carolina","6/1/20","1","0","37095","0"
"Iredell","5","268","North Carolina","6/1/20","230","38","37097","16.52"
"Jackson","1","34","North Carolina","6/1/20","27","7","37099","25.93"
"Johnston","16","466","North Carolina","6/1/20","351","115","37101","32.76"
"Jones","0","28","North Carolina","6/1/20","28","0","37103","0"
"Lee","13","460","North Carolina","6/1/20","372","88","37105","23.66"
"Lenoir","3","217","North Carolina","6/1/20","193","24","37107","12.44"
"Lincoln","1","70","North Carolina","6/1/20","60","10","37109","16.67"
"Macon","9","84","North Carolina","6/1/20","18","66","37113","366.67"
"Madison","0","4","North Carolina","6/1/20","4","0","37115","0"
"Martin","3","73","North Carolina","6/1/20","54","19","37117","35.19"
"McDowell","4","76","North Carolina","6/1/20","51","25","37111","49.02"
"Mecklenburg","147","4412","North Carolina","6/1/20","3380","1032","37119","30.53"
"Mitchell","1","14","North Carolina","6/1/20","9","5","37121","55.56"
"Montgomery","6","128","North Carolina","6/1/20","86","42","37123","48.84"
"Moore","4","224","North Carolina","6/1/20","198","26","37125","13.13"
"Nash","3","206","North Carolina","6/1/20","182","24","37127","13.19"
"New Hanover","7","208","North Carolina","6/1/20","156","52","37129","33.33"
"Northampton","2","156","North Carolina","6/1/20","140","16","37131","11.43"
"Onslow","2","110","North Carolina","6/1/20","98","12","37133","12.24"
"Orange","7","357","North Carolina","6/1/20","309","48","37135","15.53"
"Pamlico","0","10","North Carolina","6/1/20","10","0","37137","0"
"Pasquotank","1","105","North Carolina","6/1/20","96","9","37139","9.38"
"Pender","2","83","North Carolina","6/1/20","72","11","37141","15.28"
"Perquimans","0","24","North Carolina","6/1/20","23","1","37143","4.35"
"Person","2","50","North Carolina","6/1/20","37","13","37145","35.14"
"Pitt","7","313","North Carolina","6/1/20","264","49","37147","18.56"
"Polk","0","37","North Carolina","6/1/20","35","2","37149","5.71"
"Randolph","11","678","North Carolina","6/1/20","601","77","37151","12.81"
"Richmond","3","165","North Carolina","6/1/20","146","19","37153","13.01"
"Robeson","22","824","North Carolina","6/1/20","670","154","37155","22.99"
"Rockingham","4","97","North Carolina","6/1/20","72","25","37157","34.72"
"Rowan","9","673","North Carolina","6/1/20","609","64","37159","10.51"
"Rutherford","2","182","North Carolina","6/1/20","168","14","37161","8.33"
"Sampson","13","499","North Carolina","6/1/20","408","91","37163","22.3"
"Scotland","3","86","North Carolina","6/1/20","67","19","37165","28.36"
"Stanly","5","82","North Carolina","6/1/20","50","32","37167","64"
"Stokes","2","69","North Carolina","6/1/20","56","13","37169","23.21"
"Surry","7","218","North Carolina","6/1/20","167","51","37171","30.54"
"Swain","0","13","North Carolina","6/1/20","10","3","37173","30"
"Transylvania","0","14","North Carolina","6/1/20","11","3","37175","27.27"
"Tyrrell","0","4","North Carolina","6/1/20","4","0","37177","0"
"Union","8","454","North Carolina","6/1/20","400","54","37179","13.5"
"Vance","11","323","North Carolina","6/1/20","245","78","37181","31.84"
"Wake","43","1773","North Carolina","6/1/20","1471","302","37183","20.53"
"Warren","1","63","North Carolina","6/1/20","54","9","37185","16.67"
"Washington","1","30","North Carolina","6/1/20","26","4","37187","15.38"
"Watauga","1","23","North Carolina","6/1/20","13","10","37189","76.92"
"Wayne","20","1169","North Carolina","6/1/20","1031","138","37191","13.39"
"Wilkes","3","500","North Carolina","6/1/20","478","22","37193","4.6"
"Wilson","6","360","North Carolina","6/1/20","319","41","37195","12.85"
"Yadkin","5","177","North Carolina","6/1/20","145","32","37197","22.07"
"Yancey","1","15","North Carolina","6/1/20","10","5","37199","50"
"Barnes","0","5","North Dakota","6/1/20","4","1","38003","25"
"Benson","0","1","North Dakota","6/1/20","1","0","38005","0"
"Bottineau","0","2","North Dakota","6/1/20","2","0","38009","0"
"Bowman","0","1","North Dakota","6/1/20","1","0","38011","0"
"Burke","0","5","North Dakota","6/1/20","5","0","38013","0"
"Burleigh","0","129","North Dakota","6/1/20","131","-2","38015","-1.53"
"Cass","26","1744","North Dakota","6/1/20","1564","180","38017","11.51"
"Divide","0","1","North Dakota","6/1/20","1","0","38023","0"
"Dunn","0","11","North Dakota","6/1/20","12","-1","38025","-8.33"
"Eddy","0","4","North Dakota","6/1/20","7","-3","38027","-42.86"
"Emmons","0","4","North Dakota","6/1/20","6","-2","38029","-33.33"
"Foster","0","1","North Dakota","6/1/20","1","0","38031","0"
"Grand Forks","2","336","North Dakota","6/1/20","325","11","38035","3.38"
"Grant","0","2","North Dakota","6/1/20","2","0","38037","0"
"Griggs","0","1","North Dakota","6/1/20","1","0","38039","0"
"McHenry","0","2","North Dakota","6/1/20","2","0","38049","0"
"McIntosh","0","1","North Dakota","6/1/20","1","0","38051","0"
"McKenzie","0","17","North Dakota","6/1/20","16","1","38053","6.25"
"McLean","0","7","North Dakota","6/1/20","7","0","38055","0"
"Mercer","0","5","North Dakota","6/1/20","5","0","38057","0"
"Morton","-1","60","North Dakota","6/1/20","64","-4","38059","-6.25"
"Mountrail","0","40","North Dakota","6/1/20","39","1","38061","2.56"
"Nelson","0","1","North Dakota","6/1/20","2","-1","38063","-50"
"Oliver","0","1","North Dakota","6/1/20","1","0","38065","0"
"Pembina","0","6","North Dakota","6/1/20","6","0","38067","0"
"Pierce","0","3","North Dakota","6/1/20","4","-1","38069","-25"
"Ramsey","0","8","North Dakota","6/1/20","9","-1","38071","-11.11"
"Ransom","0","9","North Dakota","6/1/20","9","0","38073","0"
"Renville","0","3","North Dakota","6/1/20","1","2","38075","200"
"Richland","0","22","North Dakota","6/1/20","20","2","38077","10"
"Rolette","0","6","North Dakota","6/1/20","4","2","38079","50"
"Sargent","0","3","North Dakota","6/1/20","3","0","38081","0"
"Sioux","0","1","North Dakota","6/1/20","2","-1","38085","-50"
"Slope","0","3","North Dakota","6/1/20","3","0","38087","0"
"Stark","0","62","North Dakota","6/1/20","61","1","38089","1.64"
"Steele","0","1","North Dakota","6/1/20","1","0","38091","0"
"Stutsman","1","24","North Dakota","6/1/20","18","6","38093","33.33"
"Traill","-1","14","North Dakota","6/1/20","21","-7","38097","-33.33"
"Walsh","0","14","North Dakota","6/1/20","13","1","38099","7.69"
"Ward","-2","37","North Dakota","6/1/20","54","-17","38101","-31.48"
"Wells","0","3","North Dakota","6/1/20","3","0","38103","0"
"Williams","0","25","North Dakota","6/1/20","25","0","38105","0"
"","0","22","Northern Mariana Islands","6/1/20","22","0",,"0"
"Adams","0","10","Ohio","6/1/20","8","2","39001","25"
"Allen","3","212","Ohio","6/1/20","191","21","39003","10.99"
"Ashland","0","20","Ohio","6/1/20","18","2","39005","11.11"
"Ashtabula","8","340","Ohio","6/1/20","281","59","39007","21"
"Athens","1","18","Ohio","6/1/20","14","4","39009","28.57"
"Auglaize","1","72","Ohio","6/1/20","64","8","39011","12.5"
"Belmont","6","435","Ohio","6/1/20","390","45","39013","11.54"
"Brown","1","29","Ohio","6/1/20","25","4","39015","16"
"Butler","15","909","Ohio","6/1/20","802","107","39017","13.34"
"Carroll","0","31","Ohio","6/1/20","28","3","39019","10.71"
"Champaign","0","28","Ohio","6/1/20","26","2","39021","7.69"
"Clark","10","295","Ohio","6/1/20","223","72","39023","32.29"
"Clermont","4","213","Ohio","6/1/20","188","25","39025","13.3"
"Clinton","0","43","Ohio","6/1/20","43","0","39027","0"
"Columbiana","38","875","Ohio","6/1/20","609","266","39029","43.68"
"Coshocton","2","40","Ohio","6/1/20","24","16","39031","66.67"
"Crawford","2","115","Ohio","6/1/20","104","11","39033","10.58"
"Cuyahoga","78","4508","Ohio","6/1/20","3963","545","39035","13.75"
"Darke","3","174","Ohio","6/1/20","153","21","39037","13.73"
"Defiance","0","34","Ohio","6/1/20","32","2","39039","6.25"
"Delaware","5","337","Ohio","6/1/20","300","37","39041","12.33"
"Erie","3","175","Ohio","6/1/20","157","18","39043","11.46"
"Fairfield","6","280","Ohio","6/1/20","240","40","39045","16.67"
"Fayette","0","40","Ohio","6/1/20","37","3","39047","8.11"
"Franklin","89","5933","Ohio","6/1/20","5310","623","39049","11.73"
"Fulton","1","44","Ohio","6/1/20","36","8","39051","22.22"
"Gallia","0","8","Ohio","6/1/20","7","1","39053","14.29"
"Geauga","4","286","Ohio","6/1/20","257","29","39055","11.28"
"Greene","1","103","Ohio","6/1/20","93","10","39057","10.75"
"Guernsey","1","36","Ohio","6/1/20","31","5","39059","16.13"
"Hamilton","34","2698","Ohio","6/1/20","2458","240","39061","9.76"
"Hancock","0","50","Ohio","6/1/20","48","2","39063","4.17"
"Hardin","3","61","Ohio","6/1/20","41","20","39065","48.78"
"Harrison","0","10","Ohio","6/1/20","10","0","39067","0"
"Henry","0","16","Ohio","6/1/20","15","1","39069","6.67"
"Highland","1","25","Ohio","6/1/20","18","7","39071","38.89"
"Hocking","1","69","Ohio","6/1/20","65","4","39073","6.15"
"Holmes","2","43","Ohio","6/1/20","27","16","39075","59.26"
"Huron","1","60","Ohio","6/1/20","55","5","39077","9.09"
"Jackson","0","14","Ohio","6/1/20","11","3","39079","27.27"
"Jefferson","1","67","Ohio","6/1/20","62","5","39081","8.06"
"Knox","0","25","Ohio","6/1/20","23","2","39083","8.7"
"Lake","6","309","Ohio","6/1/20","268","41","39085","15.3"
"Lawrence","0","30","Ohio","6/1/20","28","2","39087","7.14"
"Licking","6","249","Ohio","6/1/20","207","42","39089","20.29"
"Logan","0","39","Ohio","6/1/20","37","2","39091","5.41"
"Lorain","6","692","Ohio","6/1/20","648","44","39093","6.79"
"Lucas","22","2277","Ohio","6/1/20","2126","151","39095","7.1"
"Madison","3","155","Ohio","6/1/20","134","21","39097","15.67"
"Mahoning","14","1438","Ohio","6/1/20","1341","97","39099","7.23"
"Marion","7","2668","Ohio","6/1/20","2619","49","39101","1.87"
"Medina","6","346","Ohio","6/1/20","302","44","39103","14.57"
"Meigs","0","6","Ohio","6/1/20","6","0","39105","0"
"Mercer","4","216","Ohio","6/1/20","190","26","39107","13.68"
"Miami","1","358","Ohio","6/1/20","348","10","39109","2.87"
"Monroe","1","79","Ohio","6/1/20","71","8","39111","11.27"
"Montgomery","11","684","Ohio","6/1/20","605","79","39113","13.06"
"Morgan","0","5","Ohio","6/1/20","5","0","39115","0"
"Morrow","0","107","Ohio","6/1/20","104","3","39117","2.88"
"Muskingum","1","52","Ohio","6/1/20","45","7","39119","15.56"
"Noble","0","6","Ohio","6/1/20","5","1","39121","20"
"Ottawa","2","103","Ohio","6/1/20","91","12","39123","13.19"
"Paulding","0","14","Ohio","6/1/20","13","1","39125","7.69"
"Perry","0","18","Ohio","6/1/20","18","0","39127","0"
"Pickaway","6","2086","Ohio","6/1/20","2043","43","39129","2.1"
"Pike","0","8","Ohio","6/1/20","6","2","39131","33.33"
"Portage","2","327","Ohio","6/1/20","314","13","39133","4.14"
"Preble","1","39","Ohio","6/1/20","30","9","39135","30"
"Putnam","1","93","Ohio","6/1/20","87","6","39137","6.9"
"Richland","2","201","Ohio","6/1/20","186","15","39139","8.06"
"Ross","1","72","Ohio","6/1/20","66","6","39141","9.09"
"Sandusky","2","81","Ohio","6/1/20","68","13","39143","19.12"
"Scioto","0","18","Ohio","6/1/20","15","3","39145","20"
"Seneca","0","20","Ohio","6/1/20","19","1","39147","5.26"
"Shelby","0","43","Ohio","6/1/20","41","2","39149","4.88"
"Stark","7","736","Ohio","6/1/20","685","51","39151","7.45"
"Summit","31","1453","Ohio","6/1/20","1236","217","39153","17.56"
"Trumbull","8","582","Ohio","6/1/20","529","53","39155","10.02"
"Tuscarawas","4","349","Ohio","6/1/20","318","31","39157","9.75"
"Union","1","52","Ohio","6/1/20","45","7","39159","15.56"
"Van Wert","0","6","Ohio","6/1/20","5","1","39161","20"
"Vinton","0","21","Ohio","6/1/20","19","2","39163","10.53"
"Warren","6","378","Ohio","6/1/20","336","42","39165","12.5"
"Washington","0","118","Ohio","6/1/20","117","1","39167","0.85"
"Wayne","4","277","Ohio","6/1/20","250","27","39169","10.8"
"Williams","0","55","Ohio","6/1/20","52","3","39171","5.77"
"Wood","3","295","Ohio","6/1/20","276","19","39173","6.88"
"Wyandot","1","42","Ohio","6/1/20","36","6","39175","16.67"
"Adair","1","88","Oklahoma","6/1/20","82","6","40001","7.32"
"Alfalfa","0","1","Oklahoma","6/1/20","1","0","40003","0"
"Atoka","0","3","Oklahoma","6/1/20","1","2","40005","200"
"Beaver","0","24","Oklahoma","6/1/20","24","0","40007","0"
"Beckham","1","10","Oklahoma","6/1/20","6","4","40009","66.67"
"Blaine","0","6","Oklahoma","6/1/20","5","1","40011","20"
"Bryan","1","29","Oklahoma","6/1/20","22","7","40013","31.82"
"Caddo","2","162","Oklahoma","6/1/20","146","16","40015","10.96"
"Canadian","1","133","Oklahoma","6/1/20","128","5","40017","3.91"
"Carter","3","45","Oklahoma","6/1/20","23","22","40019","95.65"
"Cherokee","0","29","Oklahoma","6/1/20","28","1","40021","3.57"
"Choctaw","3","39","Oklahoma","6/1/20","21","18","40023","85.71"
"Cimarron","0","1","Oklahoma","6/1/20","1","0","40025","0"
"Cleveland","2","503","Oklahoma","6/1/20","490","13","40027","2.65"
"Coal","0","1","Oklahoma","6/1/20","1","0","40029","0"
"Comanche","2","283","Oklahoma","6/1/20","268","15","40031","5.6"
"Cotton","0","5","Oklahoma","6/1/20","5","0","40033","0"
"Craig","0","15","Oklahoma","6/1/20","15","0","40035","0"
"Creek","1","95","Oklahoma","6/1/20","91","4","40037","4.4"
"Custer","1","20","Oklahoma","6/1/20","12","8","40039","66.67"
"Delaware","0","100","Oklahoma","6/1/20","99","1","40041","1.01"
"Dewey","0","2","Oklahoma","6/1/20","3","-1","40043","-33.33"
"Garfield","0","28","Oklahoma","6/1/20","26","2","40047","7.69"
"Garvin","0","18","Oklahoma","6/1/20","15","3","40049","20"
"Grady","3","97","Oklahoma","6/1/20","79","18","40051","22.78"
"Grant","0","2","Oklahoma","6/1/20","2","0","40053","0"
"Greer","0","66","Oklahoma","6/1/20","66","0","40055","0"
"Harper","0","1","Oklahoma","6/1/20","1","0","40059","0"
"Haskell","0","6","Oklahoma","6/1/20","6","0","40061","0"
"Hughes","0","1","Oklahoma","6/1/20","0","1","40063","1"
"Jackson","1","27","Oklahoma","6/1/20","23","4","40065","17.39"
"Jefferson","0","3","Oklahoma","6/1/20","3","0","40067","0"
"Johnston","0","3","Oklahoma","6/1/20","3","0","40069","0"
"Kay","0","54","Oklahoma","6/1/20","52","2","40071","3.85"
"Kingfisher","0","11","Oklahoma","6/1/20","11","0","40073","0"
"Kiowa","0","6","Oklahoma","6/1/20","6","0","40075","0"
"Latimer","0","5","Oklahoma","6/1/20","5","0","40077","0"
"Le Flore","0","14","Oklahoma","6/1/20","14","0","40079","0"
"Lincoln","0","22","Oklahoma","6/1/20","21","1","40081","4.76"
"Logan","0","19","Oklahoma","6/1/20","19","0","40083","0"
"Love","0","15","Oklahoma","6/1/20","15","0","40085","0"
"Major","0","6","Oklahoma","6/1/20","6","0","40093","0"
"Marshall","0","8","Oklahoma","6/1/20","8","0","40095","0"
"Mayes","0","30","Oklahoma","6/1/20","30","0","40097","0"
"McClain","1","105","Oklahoma","6/1/20","98","7","40087","7.14"
"McCurtain","2","41","Oklahoma","6/1/20","29","12","40089","41.38"
"McIntosh","0","11","Oklahoma","6/1/20","11","0","40091","0"
"Murray","0","4","Oklahoma","6/1/20","2","2","40099","100"
"Muskogee","2","48","Oklahoma","6/1/20","35","13","40101","37.14"
"Noble","0","7","Oklahoma","6/1/20","7","0","40103","0"
"Nowata","0","23","Oklahoma","6/1/20","23","0","40105","0"
"Okfuskee","0","4","Oklahoma","6/1/20","3","1","40107","33.33"
"Oklahoma","11","1284","Oklahoma","6/1/20","1208","76","40109","6.29"
"Okmulgee","0","26","Oklahoma","6/1/20","23","3","40111","13.04"
"Osage","0","95","Oklahoma","6/1/20","94","1","40113","1.06"
"Ottawa","0","35","Oklahoma","6/1/20","35","0","40115","0"
"Pawnee","0","31","Oklahoma","6/1/20","29","2","40117","6.9"
"Payne","0","45","Oklahoma","6/1/20","45","0","40119","0"
"Pittsburg","0","41","Oklahoma","6/1/20","40","1","40121","2.5"
"Pontotoc","0","14","Oklahoma","6/1/20","12","2","40123","16.67"
"Pottawatomie","1","62","Oklahoma","6/1/20","57","5","40125","8.77"
"Pushmataha","0","2","Oklahoma","6/1/20","2","0","40127","0"
"Rogers","0","81","Oklahoma","6/1/20","78","3","40131","3.85"
"Seminole","0","26","Oklahoma","6/1/20","23","3","40133","13.04"
"Sequoyah","0","15","Oklahoma","6/1/20","14","1","40135","7.14"
"Stephens","0","38","Oklahoma","6/1/20","37","1","40137","2.7"
"Texas","6","926","Oklahoma","6/1/20","886","40","40139","4.51"
"Tillman","0","23","Oklahoma","6/1/20","23","0","40141","0"
"Tulsa","14","1022","Oklahoma","6/1/20","926","96","40143","10.37"
"Wagoner","0","150","Oklahoma","6/1/20","148","2","40145","1.35"
"Washington","2","325","Oklahoma","6/1/20","310","15","40147","4.84"
"Washita","0","2","Oklahoma","6/1/20","2","0","40149","0"
"Woods","0","3","Oklahoma","6/1/20","3","0","40151","0"
"Woodward","0","5","Oklahoma","6/1/20","4","1","40153","25"
"Baker","0","1","Oregon","6/1/20","1","0","41001","0"
"Benton","0","55","Oregon","6/1/20","55","0","41003","0"
"Clackamas","3","317","Oregon","6/1/20","294","23","41005","7.82"
"Clatsop","0","45","Oregon","6/1/20","45","0","41007","0"
"Columbia","0","16","Oregon","6/1/20","16","0","41009","0"
"Coos","0","31","Oregon","6/1/20","31","0","41011","0"
"Crook","0","6","Oregon","6/1/20","5","1","41013","20"
"Curry","0","7","Oregon","6/1/20","6","1","41015","16.67"
"Deschutes","1","127","Oregon","6/1/20","120","7","41017","5.83"
"Douglas","0","27","Oregon","6/1/20","25","2","41019","8"
"Grant","0","1","Oregon","6/1/20","1","0","41023","0"
"Harney","0","1","Oregon","6/1/20","1","0","41025","0"
"Hood River","1","18","Oregon","6/1/20","12","6","41027","50"
"Jackson","1","67","Oregon","6/1/20","60","7","41029","11.67"
"Jefferson","3","44","Oregon","6/1/20","24","20","41031","83.33"
"Josephine","0","24","Oregon","6/1/20","26","-2","41033","-7.69"
"Klamath","0","44","Oregon","6/1/20","41","3","41035","7.32"
"Lake","0","2","Oregon","6/1/20","0","2","41037","1"
"Lane","1","77","Oregon","6/1/20","67","10","41039","14.93"
"Lincoln","1","15","Oregon","6/1/20","9","6","41041","66.67"
"Linn","0","117","Oregon","6/1/20","115","2","41043","1.74"
"Malheur","1","32","Oregon","6/1/20","28","4","41045","14.29"
"Marion","9","973","Oregon","6/1/20","909","64","41047","7.04"
"Morrow","0","12","Oregon","6/1/20","12","0","41049","0"
"Multnomah","18","1171","Oregon","6/1/20","1045","126","41051","12.06"
"Polk","1","100","Oregon","6/1/20","96","4","41053","4.17"
"Sherman","0","1","Oregon","6/1/20","1","0","41055","0"
"Tillamook","0","6","Oregon","6/1/20","6","0","41057","0"
"Umatilla","1","120","Oregon","6/1/20","112","8","41059","7.14"
"Union","0","6","Oregon","6/1/20","6","0","41061","0"
"Wallowa","0","2","Oregon","6/1/20","2","0","41063","0"
"Wasco","1","24","Oregon","6/1/20","18","6","41065","33.33"
"Washington","7","743","Oregon","6/1/20","695","48","41067","6.91"
"Yamhill","1","70","Oregon","6/1/20","65","5","41071","7.69"
"Adams","3","250","Pennsylvania","6/1/20","227","23","42001","10.13"
"Allegheny","16","1919","Pennsylvania","6/1/20","1805","114","42003","6.32"
"Armstrong","1","62","Pennsylvania","6/1/20","58","4","42005","6.9"
"Beaver","3","590","Pennsylvania","6/1/20","568","22","42007","3.87"
"Bedford","0","40","Pennsylvania","6/1/20","37","3","42009","8.11"
"Berks","24","4074","Pennsylvania","6/1/20","3903","171","42011","4.38"
"Blair","0","50","Pennsylvania","6/1/20","48","2","42013","4.17"
"Bradford","0","46","Pennsylvania","6/1/20","44","2","42015","4.55"
"Bucks","29","5100","Pennsylvania","6/1/20","4894","206","42017","4.21"
"Butler","1","230","Pennsylvania","6/1/20","220","10","42019","4.55"
"Cambria","0","58","Pennsylvania","6/1/20","57","1","42021","1.75"
"Cameron","0","2","Pennsylvania","6/1/20","2","0","42023","0"
"Carbon","1","237","Pennsylvania","6/1/20","231","6","42025","2.6"
"Centre","1","154","Pennsylvania","6/1/20","147","7","42027","4.76"
"Chester","51","2784","Pennsylvania","6/1/20","2428","356","42029","14.66"
"Clarion","0","27","Pennsylvania","6/1/20","29","-2","42031","-6.9"
"Clearfield","1","40","Pennsylvania","6/1/20","34","6","42033","17.65"
"Clinton","1","57","Pennsylvania","6/1/20","51","6","42035","11.76"
"Columbia","1","348","Pennsylvania","6/1/20","343","5","42037","1.46"
"Crawford","1","29","Pennsylvania","6/1/20","22","7","42039","31.82"
"Cumberland","5","635","Pennsylvania","6/1/20","598","37","42041","6.19"
"Dauphin","26","1303","Pennsylvania","6/1/20","1123","180","42043","16.03"
"Delaware","39","6481","Pennsylvania","6/1/20","6210","271","42045","4.36"
"Elk","0","6","Pennsylvania","6/1/20","6","0","42047","0"
"Erie","11","295","Pennsylvania","6/1/20","217","78","42049","35.94"
"Fayette","0","95","Pennsylvania","6/1/20","94","1","42051","1.06"
"Forest","0","7","Pennsylvania","6/1/20","7","0","42053","0"
"Franklin","5","777","Pennsylvania","6/1/20","740","37","42055","5"
"Fulton","0","15","Pennsylvania","6/1/20","14","1","42057","7.14"
"Greene","0","27","Pennsylvania","6/1/20","27","0","42059","0"
"Huntingdon","0","231","Pennsylvania","6/1/20","228","3","42061","1.32"
"Indiana","0","91","Pennsylvania","6/1/20","89","2","42063","2.25"
"Jefferson","0","9","Pennsylvania","6/1/20","7","2","42065","28.57"
"Juniata","0","95","Pennsylvania","6/1/20","95","0","42067","0"
"Lackawanna","8","1551","Pennsylvania","6/1/20","1494","57","42069","3.82"
"Lancaster","42","3189","Pennsylvania","6/1/20","2896","293","42071","10.12"
"Lawrence","1","80","Pennsylvania","6/1/20","74","6","42073","8.11"
"Lebanon","9","972","Pennsylvania","6/1/20","912","60","42075","6.58"
"Lehigh","15","3770","Pennsylvania","6/1/20","3667","103","42077","2.81"
"Luzerne","13","2739","Pennsylvania","6/1/20","2651","88","42079","3.32"
"Lycoming","1","164","Pennsylvania","6/1/20","160","4","42081","2.5"
"McKean","0","12","Pennsylvania","6/1/20","12","0","42083","0"
"Mercer","0","107","Pennsylvania","6/1/20","105","2","42085","1.9"
"Mifflin","0","59","Pennsylvania","6/1/20","58","1","42087","1.72"
"Monroe","2","1320","Pennsylvania","6/1/20","1305","15","42089","1.15"
"Montgomery","74","7093","Pennsylvania","6/1/20","6576","517","42091","7.86"
"Montour","0","53","Pennsylvania","6/1/20","50","3","42093","6"
"Northampton","23","3082","Pennsylvania","6/1/20","2920","162","42095","5.55"
"Northumberland","3","194","Pennsylvania","6/1/20","174","20","42097","11.49"
"Perry","2","61","Pennsylvania","6/1/20","47","14","42099","29.79"
"Philadelphia","235","22881","Pennsylvania","6/1/20","21234","1647","42101","7.76"
"Pike","0","477","Pennsylvania","6/1/20","477","0","42103","0"
"Potter","0","4","Pennsylvania","6/1/20","4","0","42105","0"
"Schuylkill","6","631","Pennsylvania","6/1/20","592","39","42107","6.59"
"Snyder","1","45","Pennsylvania","6/1/20","38","7","42109","18.42"
"Somerset","0","38","Pennsylvania","6/1/20","37","1","42111","2.7"
"Sullivan","0","3","Pennsylvania","6/1/20","2","1","42113","50"
"Susquehanna","2","110","Pennsylvania","6/1/20","96","14","42115","14.58"
"Tioga","0","17","Pennsylvania","6/1/20","16","1","42117","6.25"
"Union","1","62","Pennsylvania","6/1/20","54","8","42119","14.81"
"Venango","0","9","Pennsylvania","6/1/20","8","1","42121","12.5"
"Warren","0","3","Pennsylvania","6/1/20","3","0","42123","0"
"Washington","0","140","Pennsylvania","6/1/20","138","2","42125","1.45"
"Wayne","0","120","Pennsylvania","6/1/20","118","2","42127","1.69"
"Westmoreland","1","449","Pennsylvania","6/1/20","441","8","42129","1.81"
"Wyoming","0","34","Pennsylvania","6/1/20","33","1","42131","3.03"
"York","12","1013","Pennsylvania","6/1/20","930","83","42133","8.92"
"","88","3873","Puerto Rico","6/1/20","3260","613",,"18.8"
"Bristol","2","224","Rhode Island","6/1/20","213","11","44001","5.16"
"Kent","6","1052","Rhode Island","6/1/20","1013","39","44003","3.85"
"Newport","2","244","Rhode Island","6/1/20","228","16","44005","7.02"
"Providence","64","11052","Rhode Island","6/1/20","10607","445","44007","4.2"
"Washington","2","499","Rhode Island","6/1/20","486","13","44009","2.67"
"Abbeville","1","44","South Carolina","6/1/20","35","9","45001","25.71"
"Aiken","4","206","South Carolina","6/1/20","178","28","45003","15.73"
"Allendale","1","38","South Carolina","6/1/20","34","4","45005","11.76"
"Anderson","3","241","South Carolina","6/1/20","218","23","45007","10.55"
"Bamberg","0","22","South Carolina","6/1/20","21","1","45009","4.76"
"Barnwell","1","48","South Carolina","6/1/20","43","5","45011","11.63"
"Beaufort","8","389","South Carolina","6/1/20","336","53","45013","15.77"
"Berkeley","2","235","South Carolina","6/1/20","218","17","45015","7.8"
"Calhoun","1","16","South Carolina","6/1/20","9","7","45017","77.78"
"Charleston","10","634","South Carolina","6/1/20","561","73","45019","13.01"
"Cherokee","2","43","South Carolina","6/1/20","29","14","45021","48.28"
"Chester","4","83","South Carolina","6/1/20","52","31","45023","59.62"
"Chesterfield","10","200","South Carolina","6/1/20","132","68","45025","51.52"
"Clarendon","1","301","South Carolina","6/1/20","293","8","45027","2.73"
"Colleton","5","110","South Carolina","6/1/20","74","36","45029","48.65"
"Darlington","7","299","South Carolina","6/1/20","247","52","45031","21.05"
"Dillon","3","166","South Carolina","6/1/20","148","18","45033","12.16"
"Dorchester","4","169","South Carolina","6/1/20","140","29","45035","20.71"
"Edgefield","0","51","South Carolina","6/1/20","49","2","45037","4.08"
"Fairfield","3","181","South Carolina","6/1/20","160","21","45039","13.12"
"Florence","10","675","South Carolina","6/1/20","602","73","45041","12.13"
"Georgetown","1","77","South Carolina","6/1/20","69","8","45043","11.59"
"Greenville","56","1690","South Carolina","6/1/20","1300","390","45045","30"
"Greenwood","9","147","South Carolina","6/1/20","82","65","45047","79.27"
"Hampton","0","38","South Carolina","6/1/20","35","3","45049","8.57"
"Horry","11","454","South Carolina","6/1/20","377","77","45051","20.42"
"Jasper","1","42","South Carolina","6/1/20","38","4","45053","10.53"
"Kershaw","5","338","South Carolina","6/1/20","300","38","45055","12.67"
"Lancaster","3","140","South Carolina","6/1/20","121","19","45057","15.7"
"Laurens","1","68","South Carolina","6/1/20","58","10","45059","17.24"
"Lee","3","218","South Carolina","6/1/20","198","20","45061","10.1"
"Lexington","14","657","South Carolina","6/1/20","558","99","45063","17.74"
"Marion","1","71","South Carolina","6/1/20","65","6","45067","9.23"
"Marlboro","9","173","South Carolina","6/1/20","112","61","45069","54.46"
"McCormick","0","9","South Carolina","6/1/20","8","1","45065","12.5"
"Newberry","2","62","South Carolina","6/1/20","46","16","45071","34.78"
"Oconee","1","54","South Carolina","6/1/20","47","7","45073","14.89"
"Orangeburg","8","201","South Carolina","6/1/20","143","58","45075","40.56"
"Pickens","6","164","South Carolina","6/1/20","124","40","45077","32.26"
"Richland","23","1530","South Carolina","6/1/20","1366","164","45079","12.01"
"Saluda","2","148","South Carolina","6/1/20","136","12","45081","8.82"
"Spartanburg","23","637","South Carolina","6/1/20","476","161","45083","33.82"
"Sumter","6","387","South Carolina","6/1/20","347","40","45085","11.53"
"Union","1","37","South Carolina","6/1/20","31","6","45087","19.35"
"Williamsburg","3","238","South Carolina","6/1/20","216","22","45089","10.19"
"York","10","417","South Carolina","6/1/20","346","71","45091","20.52"
"Aurora","1","26","South Dakota","6/1/20","22","4","46003","18.18"
"Beadle","20","275","South Dakota","6/1/20","132","143","46005","108.33"
"Bon Homme","0","8","South Dakota","6/1/20","8","0","46009","0"
"Brookings","0","16","South Dakota","6/1/20","15","1","46011","6.67"
"Brown","4","275","South Dakota","6/1/20","249","26","46013","10.44"
"Buffalo","1","18","South Dakota","6/1/20","9","9","46017","100"
"Charles Mix","1","17","South Dakota","6/1/20","13","4","46023","30.77"
"Clark","0","4","South Dakota","6/1/20","4","0","46025","0"
"Clay","0","15","South Dakota","6/1/20","15","0","46027","0"
"Codington","1","37","South Dakota","6/1/20","32","5","46029","15.62"
"Corson","0","4","South Dakota","6/1/20","4","0","46031","0"
"Davison","1","16","South Dakota","6/1/20","9","7","46035","77.78"
"Day","0","13","South Dakota","6/1/20","12","1","46037","8.33"
"Deuel","0","1","South Dakota","6/1/20","1","0","46039","0"
"Douglas","0","3","South Dakota","6/1/20","3","0","46043","0"
"Edmunds","0","1","South Dakota","6/1/20","0","1","46045","1"
"Fall River","0","4","South Dakota","6/1/20","4","0","46047","0"
"Faulk","0","1","South Dakota","6/1/20","1","0","46049","0"
"Grant","0","13","South Dakota","6/1/20","10","3","46051","30"
"Gregory","0","1","South Dakota","6/1/20","0","1","46053","1"
"Hamlin","0","4","South Dakota","6/1/20","4","0","46057","0"
"Hand","0","2","South Dakota","6/1/20","1","1","46059","100"
"Hughes","0","19","South Dakota","6/1/20","19","0","46065","0"
"Hutchinson","0","5","South Dakota","6/1/20","3","2","46067","66.67"
"Hyde","0","1","South Dakota","6/1/20","1","0","46069","0"
"Jackson","0","4","South Dakota","6/1/20","1","3","46071","300"
"Jerauld","1","35","South Dakota","6/1/20","28","7","46073","25"
"Kingsbury","0","1","South Dakota","6/1/20","0","1","46077","1"
"Lake","0","8","South Dakota","6/1/20","6","2","46079","33.33"
"Lawrence","0","11","South Dakota","6/1/20","9","2","46081","22.22"
"Lincoln","1","238","South Dakota","6/1/20","230","8","46083","3.48"
"Lyman","0","14","South Dakota","6/1/20","12","2","46085","16.67"
"Marshall","0","4","South Dakota","6/1/20","4","0","46091","0"
"McCook","0","6","South Dakota","6/1/20","5","1","46087","20"
"McPherson","0","1","South Dakota","6/1/20","1","0","46089","0"
"Meade","2","21","South Dakota","6/1/20","10","11","46093","110"
"Miner","0","2","South Dakota","6/1/20","1","1","46097","100"
"Minnehaha","12","3355","South Dakota","6/1/20","3274","81","46099","2.47"
"Moody","0","19","South Dakota","6/1/20","18","1","46101","5.56"
"Oglala Lakota","2","31","South Dakota","6/1/20","17","14","46102","82.35"
"Pennington","11","235","South Dakota","6/1/20","156","79","46103","50.64"
"Roberts","0","36","South Dakota","6/1/20","35","1","46109","2.86"
"Sanborn","0","13","South Dakota","6/1/20","11","2","46111","18.18"
"Spink","0","5","South Dakota","6/1/20","4","1","46115","25"
"Stanley","0","10","South Dakota","6/1/20","9","1","46117","11.11"
"Sully","0","1","South Dakota","6/1/20","1","0","46119","0"
"Todd","1","27","South Dakota","6/1/20","18","9","46121","50"
"Tripp","0","6","South Dakota","6/1/20","6","0","46123","0"
"Turner","0","24","South Dakota","6/1/20","23","1","46125","4.35"
"Union","2","91","South Dakota","6/1/20","79","12","46127","15.19"
"Walworth","0","5","South Dakota","6/1/20","5","0","46129","0"
"Yankton","0","51","South Dakota","6/1/20","51","0","46135","0"
"Ziebach","0","1","South Dakota","6/1/20","1","0","46137","0"
"Anderson","0","40","Tennessee","6/1/20","39","1","47001","2.56"
"Bedford","2","283","Tennessee","6/1/20","269","14","47003","5.2"
"Benton","0","7","Tennessee","6/1/20","7","0","47005","0"
"Bledsoe","0","607","Tennessee","6/1/20","608","-1","47007","-0.16"
"Blount","1","91","Tennessee","6/1/20","82","9","47009","10.98"
"Bradley","3","122","Tennessee","6/1/20","98","24","47011","24.49"
"Campbell","0","18","Tennessee","6/1/20","17","1","47013","5.88"
"Cannon","1","21","Tennessee","6/1/20","17","4","47015","23.53"
"Carroll","0","27","Tennessee","6/1/20","27","0","47017","0"
"Carter","0","19","Tennessee","6/1/20","19","0","47019","0"
"Cheatham","2","123","Tennessee","6/1/20","110","13","47021","11.82"
"Chester","0","12","Tennessee","6/1/20","12","0","47023","0"
"Claiborne","0","9","Tennessee","6/1/20","8","1","47025","12.5"
"Clay","0","7","Tennessee","6/1/20","6","1","47027","16.67"
"Cocke","0","20","Tennessee","6/1/20","20","0","47029","0"
"Coffee","1","73","Tennessee","6/1/20","66","7","47031","10.61"
"Crockett","0","16","Tennessee","6/1/20","16","0","47033","0"
"Cumberland","0","112","Tennessee","6/1/20","109","3","47035","2.75"
"Davidson","58","5040","Tennessee","6/1/20","4632","408","47037","8.81"
"Decatur","0","5","Tennessee","6/1/20","5","0","47039","0"
"DeKalb","0","37","Tennessee","6/1/20","34","3","47041","8.82"
"Dickson","1","109","Tennessee","6/1/20","104","5","47043","4.81"
"Dyer","0","50","Tennessee","6/1/20","48","2","47045","4.17"
"Fayette","1","115","Tennessee","6/1/20","107","8","47047","7.48"
"Fentress","0","12","Tennessee","6/1/20","11","1","47049","9.09"
"Franklin","1","53","Tennessee","6/1/20","46","7","47051","15.22"
"Gibson","0","63","Tennessee","6/1/20","60","3","47053","5"
"Giles","0","12","Tennessee","6/1/20","12","0","47055","0"
"Grainger","0","8","Tennessee","6/1/20","6","2","47057","33.33"
"Greene","0","50","Tennessee","6/1/20","47","3","47059","6.38"
"Grundy","0","31","Tennessee","6/1/20","32","-1","47061","-3.12"
"Hamblen","1","36","Tennessee","6/1/20","26","10","47063","38.46"
"Hamilton","28","794","Tennessee","6/1/20","601","193","47065","32.11"
"Hancock","0","1","Tennessee","6/1/20","1","0","47067","0"
"Hardeman","1","196","Tennessee","6/1/20","188","8","47069","4.26"
"Hardin","1","15","Tennessee","6/1/20","11","4","47071","36.36"
"Hawkins","0","33","Tennessee","6/1/20","31","2","47073","6.45"
"Haywood","0","31","Tennessee","6/1/20","29","2","47075","6.9"
"Henderson","0","15","Tennessee","6/1/20","13","2","47077","15.38"
"Henry","0","30","Tennessee","6/1/20","29","1","47079","3.45"
"Hickman","1","58","Tennessee","6/1/20","53","5","47081","9.43"
"Houston","0","8","Tennessee","6/1/20","7","1","47083","14.29"
"Humphreys","0","13","Tennessee","6/1/20","13","0","47085","0"
"Jackson","0","17","Tennessee","6/1/20","17","0","47087","0"
"Jefferson","0","28","Tennessee","6/1/20","27","1","47089","3.7"
"Johnson","0","16","Tennessee","6/1/20","15","1","47091","6.67"
"Knox","6","375","Tennessee","6/1/20","336","39","47093","11.61"
"Lake","1","414","Tennessee","6/1/20","410","4","47095","0.98"
"Lauderdale","0","56","Tennessee","6/1/20","56","0","47097","0"
"Lawrence","1","31","Tennessee","6/1/20","24","7","47099","29.17"
"Lewis","0","3","Tennessee","6/1/20","3","0","47101","0"
"Lincoln","0","25","Tennessee","6/1/20","25","0","47103","0"
"Loudon","1","143","Tennessee","6/1/20","136","7","47105","5.15"
"Macon","5","136","Tennessee","6/1/20","101","35","47111","34.65"
"Madison","0","175","Tennessee","6/1/20","173","2","47113","1.16"
"Marion","1","40","Tennessee","6/1/20","36","4","47115","11.11"
"Marshall","0","31","Tennessee","6/1/20","29","2","47117","6.9"
"Maury","1","89","Tennessee","6/1/20","79","10","47119","12.66"
"McMinn","1","141","Tennessee","6/1/20","135","6","47107","4.44"
"McNairy","0","12","Tennessee","6/1/20","12","0","47109","0"
"Meigs","0","26","Tennessee","6/1/20","25","1","47121","4"
"Monroe","1","62","Tennessee","6/1/20","56","6","47123","10.71"
"Montgomery","3","269","Tennessee","6/1/20","248","21","47125","8.47"
"Moore","0","3","Tennessee","6/1/20","3","0","47127","0"
"Morgan","0","17","Tennessee","6/1/20","17","0","47129","0"
"Obion","1","30","Tennessee","6/1/20","24","6","47131","25"
"Out of TN","11","418","Tennessee","6/1/20","339","79","80047","23.3"
"Overton","1","26","Tennessee","6/1/20","21","5","47133","23.81"
"Perry","1","21","Tennessee","6/1/20","13","8","47135","61.54"
"Pickett","0","3","Tennessee","6/1/20","3","0","47137","0"
"Polk","0","16","Tennessee","6/1/20","14","2","47139","14.29"
"Putnam","14","479","Tennessee","6/1/20","380","99","47141","26.05"
"Rhea","2","210","Tennessee","6/1/20","197","13","47143","6.6"
"Roane","0","16","Tennessee","6/1/20","15","1","47145","6.67"
"Robertson","11","465","Tennessee","6/1/20","389","76","47147","19.54"
"Rutherford","24","1196","Tennessee","6/1/20","1029","167","47149","16.23"
"Scott","0","12","Tennessee","6/1/20","11","1","47151","9.09"
"Sequatchie","1","15","Tennessee","6/1/20","11","4","47153","36.36"
"Sevier","1","81","Tennessee","6/1/20","72","9","47155","12.5"
"Shelby","70","4943","Tennessee","6/1/20","4451","492","47157","11.05"
"Smith","1","34","Tennessee","6/1/20","30","4","47159","13.33"
"Stewart","0","11","Tennessee","6/1/20","9","2","47161","22.22"
"Sullivan","0","60","Tennessee","6/1/20","61","-1","47163","-1.64"
"Sumner","8","881","Tennessee","6/1/20","827","54","47165","6.53"
"Tipton","2","442","Tennessee","6/1/20","427","15","47167","3.51"
"Trousdale","0","1392","Tennessee","6/1/20","1392","0","47169","0"
"Unicoi","0","4","Tennessee","6/1/20","3","1","47171","33.33"
"Union","0","4","Tennessee","6/1/20","4","0","47173","0"
"Van Buren","0","4","Tennessee","6/1/20","4","0","47175","0"
"Warren","0","23","Tennessee","6/1/20","21","2","47177","9.52"
"Washington","0","75","Tennessee","6/1/20","73","2","47179","2.74"
"Wayne","0","64","Tennessee","6/1/20","63","1","47181","1.59"
"Weakley","0","26","Tennessee","6/1/20","26","0","47183","0"
"White","1","33","Tennessee","6/1/20","27","6","47185","22.22"
"Williamson","4","552","Tennessee","6/1/20","522","30","47187","5.75"
"Wilson","6","407","Tennessee","6/1/20","363","44","47189","12.12"
"Anderson","1","72","Texas","6/1/20","66","6","48001","9.09"
"Andrews","0","27","Texas","6/1/20","27","0","48003","0"
"Angelina","4","205","Texas","6/1/20","175","30","48005","17.14"
"Aransas","0","5","Texas","6/1/20","5","0","48007","0"
"Archer","0","1","Texas","6/1/20","1","0","48009","0"
"Armstrong","0","3","Texas","6/1/20","2","1","48011","50"
"Atascosa","0","37","Texas","6/1/20","35","2","48013","5.71"
"Austin","1","27","Texas","6/1/20","22","5","48015","22.73"
"Bailey","1","17","Texas","6/1/20","10","7","48017","70"
"Bandera","0","6","Texas","6/1/20","6","0","48019","0"
"Bastrop","4","212","Texas","6/1/20","182","30","48021","16.48"
"Bee","0","9","Texas","6/1/20","9","0","48025","0"
"Bell","11","378","Texas","6/1/20","298","80","48027","26.85"
"Bexar","59","2830","Texas","6/1/20","2418","412","48029","17.04"
"Blanco","0","11","Texas","6/1/20","8","3","48031","37.5"
"Bosque","0","7","Texas","6/1/20","6","1","48035","16.67"
"Bowie","16","267","Texas","6/1/20","153","114","48037","74.51"
"Brazoria","11","917","Texas","6/1/20","838","79","48039","9.43"
"Brazos","6","483","Texas","6/1/20","438","45","48041","10.27"
"Brewster","0","1","Texas","6/1/20","1","0","48043","0"
"Briscoe","0","1","Texas","6/1/20","1","0","48045","0"
"Brooks","0","1","Texas","6/1/20","1","0","48047","0"
"Brown","0","58","Texas","6/1/20","56","2","48049","3.57"
"Burleson","0","25","Texas","6/1/20","22","3","48051","13.64"
"Burnet","1","38","Texas","6/1/20","29","9","48053","31.03"
"Caldwell","2","66","Texas","6/1/20","50","16","48055","32"
"Calhoun","0","37","Texas","6/1/20","37","0","48057","0"
"Callahan","0","9","Texas","6/1/20","8","1","48059","12.5"
"Cameron","9","764","Texas","6/1/20","698","66","48061","9.46"
"Camp","6","84","Texas","6/1/20","44","40","48063","90.91"
"Carson","0","6","Texas","6/1/20","6","0","48065","0"
"Cass","1","29","Texas","6/1/20","21","8","48067","38.1"
"Castro","0","33","Texas","6/1/20","32","1","48069","3.12"
"Chambers","1","68","Texas","6/1/20","61","7","48071","11.48"
"Cherokee","0","44","Texas","6/1/20","42","2","48073","4.76"
"Childress","0","2","Texas","6/1/20","2","0","48075","0"
"Clay","0","3","Texas","6/1/20","3","0","48077","0"
"Cochran","0","1","Texas","6/1/20","1","0","48079","0"
"Coke","0","1","Texas","6/1/20","1","0","48081","0"
"Coleman","0","3","Texas","6/1/20","2","1","48083","50"
"Collin","23","1312","Texas","6/1/20","1151","161","48085","13.99"
"Collingsworth","0","5","Texas","6/1/20","4","1","48087","25"
"Colorado","0","22","Texas","6/1/20","20","2","48089","10"
"Comal","2","99","Texas","6/1/20","82","17","48091","20.73"
"Comanche","0","12","Texas","6/1/20","10","2","48093","20"
"Concho","0","1","Texas","6/1/20","1","0","48095","0"
"Cooke","0","14","Texas","6/1/20","13","1","48097","7.69"
"Coryell","8","282","Texas","6/1/20","226","56","48099","24.78"
"Cottle","0","4","Texas","6/1/20","4","0","48101","0"
"Crane","0","23","Texas","6/1/20","22","1","48103","4.55"
"Crosby","0","4","Texas","6/1/20","3","1","48107","33.33"
"Dallam","0","25","Texas","6/1/20","22","3","48111","13.64"
"Dallas","209","10462","Texas","6/1/20","8998","1464","48113","16.27"
"Dawson","0","42","Texas","6/1/20","39","3","48115","7.69"
"Deaf Smith","1","164","Texas","6/1/20","157","7","48117","4.46"
"Delta","0","1","Texas","6/1/20","1","0","48119","0"
"Denton","21","1373","Texas","6/1/20","1224","149","48121","12.17"
"DeWitt","0","17","Texas","6/1/20","17","0","48123","0"
"Dickens","0","1","Texas","6/1/20","1","0","48125","0"
"Dimmit","0","1","Texas","6/1/20","1","0","48127","0"
"Donley","0","26","Texas","6/1/20","26","0","48129","0"
"Duval","0","5","Texas","6/1/20","5","0","48131","0"
"Eastland","0","6","Texas","6/1/20","5","1","48133","20"
"Ector","1","154","Texas","6/1/20","146","8","48135","5.48"
"El Paso","60","2794","Texas","6/1/20","2376","418","48141","17.59"
"Ellis","9","335","Texas","6/1/20","272","63","48139","23.16"
"Erath","0","17","Texas","6/1/20","15","2","48143","13.33"
"Falls","0","7","Texas","6/1/20","6","1","48145","16.67"
"Fannin","1","41","Texas","6/1/20","34","7","48147","20.59"
"Fayette","0","34","Texas","6/1/20","32","2","48149","6.25"
"Fisher","0","2","Texas","6/1/20","2","0","48151","0"
"Floyd","1","11","Texas","6/1/20","5","6","48153","120"
"Fort Bend","28","1881","Texas","6/1/20","1685","196","48157","11.63"
"Franklin","1","16","Texas","6/1/20","12","4","48159","33.33"
"Freestone","0","10","Texas","6/1/20","10","0","48161","0"
"Frio","0","37","Texas","6/1/20","36","1","48163","2.78"
"Gaines","0","7","Texas","6/1/20","6","1","48165","16.67"
"Galveston","9","817","Texas","6/1/20","752","65","48167","8.64"
"Garza","0","5","Texas","6/1/20","5","0","48169","0"
"Gillespie","0","5","Texas","6/1/20","5","0","48171","0"
"Glasscock","0","1","Texas","6/1/20","1","0","48173","0"
"Goliad","0","7","Texas","6/1/20","7","0","48175","0"
"Gonzales","5","129","Texas","6/1/20","91","38","48177","41.76"
"Gray","0","98","Texas","6/1/20","96","2","48179","2.08"
"Grayson","5","338","Texas","6/1/20","300","38","48181","12.67"
"Gregg","4","213","Texas","6/1/20","185","28","48183","15.14"
"Grimes","17","217","Texas","6/1/20","100","117","48185","117"
"Guadalupe","2","133","Texas","6/1/20","122","11","48187","9.02"
"Hale","0","58","Texas","6/1/20","55","3","48189","5.45"
"Hall","0","2","Texas","6/1/20","2","0","48191","0"
"Hamilton","0","8","Texas","6/1/20","7","1","48193","14.29"
"Hansford","0","19","Texas","6/1/20","18","1","48195","5.56"
"Hardeman","0","1","Texas","6/1/20","1","0","48197","0"
"Hardin","0","138","Texas","6/1/20","136","2","48199","1.47"
"Harris","238","12664","Texas","6/1/20","10995","1669","48201","15.18"
"Harrison","2","245","Texas","6/1/20","228","17","48203","7.46"
"Hartley","0","12","Texas","6/1/20","11","1","48205","9.09"
"Haskell","0","3","Texas","6/1/20","2","1","48207","50"
"Hays","8","329","Texas","6/1/20","270","59","48209","21.85"
"Hemphill","0","1","Texas","6/1/20","1","0","48211","0"
"Henderson","0","57","Texas","6/1/20","55","2","48213","3.64"
"Hidalgo","11","575","Texas","6/1/20","497","78","48215","15.69"
"Hill","0","24","Texas","6/1/20","24","0","48217","0"
"Hockley","0","27","Texas","6/1/20","27","0","48219","0"
"Hood","1","27","Texas","6/1/20","23","4","48221","17.39"
"Hopkins","1","26","Texas","6/1/20","17","9","48223","52.94"
"Houston","4","114","Texas","6/1/20","84","30","48225","35.71"
"Howard","0","8","Texas","6/1/20","6","2","48227","33.33"
"Hudspeth","0","2","Texas","6/1/20","0","2","48229","1"
"Hunt","2","88","Texas","6/1/20","75","13","48231","17.33"
"Hutchinson","1","36","Texas","6/1/20","30","6","48233","20"
"Jack","0","4","Texas","6/1/20","4","0","48237","0"
"Jackson","0","18","Texas","6/1/20","17","1","48239","5.88"
"Jasper","0","29","Texas","6/1/20","28","1","48241","3.57"
"Jefferson","7","550","Texas","6/1/20","498","52","48245","10.44"
"Jim Hogg","0","4","Texas","6/1/20","4","0","48247","0"
"Jim Wells","0","9","Texas","6/1/20","9","0","48249","0"
"Johnson","4","175","Texas","6/1/20","148","27","48251","18.24"
"Jones","38","401","Texas","6/1/20","135","266","48253","197.04"
"Karnes","0","4","Texas","6/1/20","4","0","48255","0"
"Kaufman","6","223","Texas","6/1/20","182","41","48257","22.53"
"Kendall","1","29","Texas","6/1/20","24","5","48259","20.83"
"Kerr","0","19","Texas","6/1/20","16","3","48265","18.75"
"Kimble","0","1","Texas","6/1/20","1","0","48267","0"
"Kinney","0","1","Texas","6/1/20","0","1","48271","1"
"Kleberg","0","16","Texas","6/1/20","15","1","48273","6.67"
"Knox","0","1","Texas","6/1/20","1","0","48275","0"
"La Salle","0","4","Texas","6/1/20","4","0","48283","0"
"Lamar","2","145","Texas","6/1/20","134","11","48277","8.21"
"Lamb","0","16","Texas","6/1/20","15","1","48279","6.67"
"Lampasas","0","9","Texas","6/1/20","8","1","48281","12.5"
"Lavaca","0","12","Texas","6/1/20","9","3","48285","33.33"
"Lee","2","24","Texas","6/1/20","10","14","48287","140"
"Leon","0","10","Texas","6/1/20","9","1","48289","11.11"
"Liberty","2","95","Texas","6/1/20","80","15","48291","18.75"
"Limestone","0","24","Texas","6/1/20","23","1","48293","4.35"
"Lipscomb","0","2","Texas","6/1/20","2","0","48295","0"
"Live Oak","0","9","Texas","6/1/20","9","0","48297","0"
"Llano","0","3","Texas","6/1/20","3","0","48299","0"
"Lubbock","4","692","Texas","6/1/20","664","28","48303","4.22"
"Lynn","0","7","Texas","6/1/20","5","2","48305","40"
"Madison","0","8","Texas","6/1/20","8","0","48313","0"
"Marion","0","16","Texas","6/1/20","15","1","48315","6.67"
"Martin","0","3","Texas","6/1/20","3","0","48317","0"
"Mason","0","32","Texas","6/1/20","31","1","48319","3.23"
"Matagorda","0","70","Texas","6/1/20","67","3","48321","4.48"
"Maverick","3","116","Texas","6/1/20","97","19","48323","19.59"
"McCulloch","0","3","Texas","6/1/20","3","0","48307","0"
"McLennan","2","118","Texas","6/1/20","107","11","48309","10.28"
"Medina","1","73","Texas","6/1/20","67","6","48325","8.96"
"Midland","1","129","Texas","6/1/20","124","5","48329","4.03"
"Milam","0","28","Texas","6/1/20","28","0","48331","0"
"Mills","0","1","Texas","6/1/20","1","0","48333","0"
"Mitchell","0","1","Texas","6/1/20","1","0","48335","0"
"Montague","0","9","Texas","6/1/20","9","0","48337","0"
"Montgomery","11","966","Texas","6/1/20","888","78","48339","8.78"
"Moore","16","689","Texas","6/1/20","579","110","48341","19"
"Morris","1","26","Texas","6/1/20","17","9","48343","52.94"
"Motley","0","1","Texas","6/1/20","1","0","48345","0"
"Nacogdoches","4","288","Texas","6/1/20","257","31","48347","12.06"
"Navarro","2","56","Texas","6/1/20","44","12","48349","27.27"
"Newton","0","5","Texas","6/1/20","4","1","48351","25"
"Nolan","0","4","Texas","6/1/20","2","2","48353","100"
"Nueces","2","275","Texas","6/1/20","262","13","48355","4.96"
"Ochiltree","1","49","Texas","6/1/20","43","6","48357","13.95"
"Oldham","0","3","Texas","6/1/20","3","0","48359","0"
"Orange","0","98","Texas","6/1/20","96","2","48361","2.08"
"Palo Pinto","0","13","Texas","6/1/20","10","3","48363","30"
"Panola","1","197","Texas","6/1/20","188","9","48365","4.79"
"Parker","1","76","Texas","6/1/20","67","9","48367","13.43"
"Parmer","1","59","Texas","6/1/20","53","6","48369","11.32"
"Pecos","11","102","Texas","6/1/20","27","75","48371","277.78"
"Polk","1","56","Texas","6/1/20","52","4","48373","7.69"
"Potter","12","2321","Texas","6/1/20","2238","83","48375","3.71"
"Presidio","0","1","Texas","6/1/20","1","0","48377","0"
"Rains","0","3","Texas","6/1/20","3","0","48379","0"
"Randall","4","674","Texas","6/1/20","648","26","48381","4.01"
"Reagan","0","2","Texas","6/1/20","0","2","48383","1"
"Red River","3","70","Texas","6/1/20","47","23","48387","48.94"
"Reeves","0","7","Texas","6/1/20","7","0","48389","0"
"Refugio","0","3","Texas","6/1/20","3","0","48391","0"
"Roberts","0","2","Texas","6/1/20","2","0","48393","0"
"Robertson","0","9","Texas","6/1/20","7","2","48395","28.57"
"Rockwall","2","167","Texas","6/1/20","151","16","48397","10.6"
"Runnels","0","3","Texas","6/1/20","2","1","48399","50"
"Rusk","2","55","Texas","6/1/20","43","12","48401","27.91"
"Sabine","1","15","Texas","6/1/20","5","10","48403","200"
"San Augustine","1","38","Texas","6/1/20","29","9","48405","31.03"
"San Jacinto","0","14","Texas","6/1/20","14","0","48407","0"
"San Patricio","1","33","Texas","6/1/20","28","5","48409","17.86"
"San Saba","0","1","Texas","6/1/20","1","0","48411","0"
"Scurry","3","24","Texas","6/1/20","2","22","48415","1100"
"Shackelford","0","1","Texas","6/1/20","1","0","48417","0"
"Shelby","3","201","Texas","6/1/20","183","18","48419","9.84"
"Sherman","0","24","Texas","6/1/20","21","3","48421","14.29"
"Smith","1","204","Texas","6/1/20","198","6","48423","3.03"
"Starr","1","34","Texas","6/1/20","24","10","48427","41.67"
"Stephens","0","4","Texas","6/1/20","2","2","48429","100"
"Swisher","0","17","Texas","6/1/20","17","0","48437","0"
"Tarrant","77","5513","Texas","6/1/20","4977","536","48439","10.77"
"Taylor","1","236","Texas","6/1/20","230","6","48441","2.61"
"Terry","0","13","Texas","6/1/20","13","0","48445","0"
"Titus","23","458","Texas","6/1/20","299","159","48449","53.18"
"Tom Green","2","106","Texas","6/1/20","90","16","48451","17.78"
"Travis","61","3272","Texas","6/1/20","2847","425","48453","14.93"
"Trinity","0","15","Texas","6/1/20","13","2","48455","15.38"
"Tyler","0","12","Texas","6/1/20","11","1","48457","9.09"
"Upshur","1","26","Texas","6/1/20","18","8","48459","44.44"
"Uvalde","1","12","Texas","6/1/20","6","6","48463","100"
"Val Verde","1","20","Texas","6/1/20","14","6","48465","42.86"
"Van Zandt","1","31","Texas","6/1/20","26","5","48467","19.23"
"Victoria","0","160","Texas","6/1/20","157","3","48469","1.91"
"Walker","140","1456","Texas","6/1/20","475","981","48471","206.53"
"Waller","1","62","Texas","6/1/20","53","9","48473","16.98"
"Ward","0","1","Texas","6/1/20","1","0","48475","0"
"Washington","1","202","Texas","6/1/20","193","9","48477","4.66"
"Webb","5","548","Texas","6/1/20","516","32","48479","6.2"
"Wharton","1","58","Texas","6/1/20","50","8","48481","16"
"Wheeler","0","15","Texas","6/1/20","15","0","48483","0"
"Wichita","0","84","Texas","6/1/20","82","2","48485","2.44"
"Wilbarger","0","7","Texas","6/1/20","6","1","48487","16.67"
"Willacy","1","18","Texas","6/1/20","14","4","48489","28.57"
"Williamson","9","630","Texas","6/1/20","565","65","48491","11.5"
"Wilson","0","38","Texas","6/1/20","38","0","48493","0"
"Winkler","0","3","Texas","6/1/20","3","0","48495","0"
"Wise","1","46","Texas","6/1/20","42","4","48497","9.52"
"Wood","1","29","Texas","6/1/20","23","6","48499","26.09"
"Yoakum","0","3","Texas","6/1/20","3","0","48501","0"
"Young","0","4","Texas","6/1/20","4","0","48503","0"
"Zapata","0","9","Texas","6/1/20","8","1","48505","12.5"
"Zavala","0","11","Texas","6/1/20","11","0","48507","0"
"Bear River","20","246","Utah","6/1/20","103","143","00000","138.83"
"Central Utah","1","38","Utah","6/1/20","33","5","00000","15.15"
"Davis","8","472","Utah","6/1/20","414","58","49011","14.01"
"Salt Lake","108","5340","Utah","6/1/20","4583","757","49035","16.52"
"San Juan","4","299","Utah","6/1/20","268","31","49037","11.57"
"Southeast Utah","0","24","Utah","6/1/20","21","3","00000","14.29"
"Southwest Utah","19","454","Utah","6/1/20","324","130","00000","40.12"
"Summit","2","416","Utah","6/1/20","405","11","49043","2.72"
"Tooele","2","129","Utah","6/1/20","113","16","49045","14.16"
"TriCounty","0","21","Utah","6/1/20","20","1","00000","5"
"Utah","35","1965","Utah","6/1/20","1722","243","49049","14.11"
"Wasatch","6","292","Utah","6/1/20","247","45","49051","18.22"
"Weber-Morgan","5","303","Utah","6/1/20","268","35","00000","13.06"
"Addison","0","64","Vermont","6/1/20","62","2","50001","3.23"
"Bennington","0","63","Vermont","6/1/20","62","1","50003","1.61"
"Caledonia","0","15","Vermont","6/1/20","15","0","50005","0"
"Chittenden","2","453","Vermont","6/1/20","441","12","50007","2.72"
"Essex","0","3","Vermont","6/1/20","3","0","50009","0"
"Franklin","0","99","Vermont","6/1/20","99","0","50011","0"
"Grand Isle","0","7","Vermont","6/1/20","7","0","50013","0"
"Lamoille","0","29","Vermont","6/1/20","29","0","50015","0"
"Orange","0","9","Vermont","6/1/20","8","1","50017","12.5"
"Orleans","0","10","Vermont","6/1/20","9","1","50019","11.11"
"Rutland","0","55","Vermont","6/1/20","53","2","50021","3.77"
"Washington","0","39","Vermont","6/1/20","39","0","50023","0"
"Windham","0","81","Vermont","6/1/20","80","1","50025","1.25"
"Windsor","0","51","Vermont","6/1/20","50","1","50027","2"
"","0","70","Virgin Islands","6/1/20","69","1",,"1.45"
"Accomack","27","917","Virginia","6/1/20","731","186","51001","25.44"
"Albemarle","7","199","Virginia","6/1/20","149","50","51003","33.56"
"Alexandria","32","1981","Virginia","6/1/20","1754","227","51510","12.94"
"Alleghany","1","23","Virginia","6/1/20","13","10","51005","76.92"
"Amelia","1","25","Virginia","6/1/20","21","4","51007","19.05"
"Amherst","0","27","Virginia","6/1/20","26","1","51009","3.85"
"Appomattox","1","31","Virginia","6/1/20","26","5","51011","19.23"
"Arlington","32","2123","Virginia","6/1/20","1897","226","51013","11.91"
"Augusta","3","112","Virginia","6/1/20","93","19","51015","20.43"
"Bedford","3","60","Virginia","6/1/20","41","19","51019","46.34"
"Botetourt","0","32","Virginia","6/1/20","32","0","51023","0"
"Bristol","0","4","Virginia","6/1/20","4","0","51520","0"
"Brunswick","1","27","Virginia","6/1/20","21","6","51025","28.57"
"Buchanan","0","18","Virginia","6/1/20","18","0","51027","0"
"Buckingham","3","461","Virginia","6/1/20","443","18","51029","4.06"
"Buena Vista","0","13","Virginia","6/1/20","12","1","51530","8.33"
"Campbell","1","18","Virginia","6/1/20","13","5","51031","38.46"
"Caroline","3","69","Virginia","6/1/20","49","20","51033","40.82"
"Carroll","3","97","Virginia","6/1/20","77","20","51035","25.97"
"Charles City","0","27","Virginia","6/1/20","27","0","51036","0"
"Charlotte","1","24","Virginia","6/1/20","19","5","51037","26.32"
"Charlottesville","6","125","Virginia","6/1/20","82","43","51540","52.44"
"Chesapeake","12","535","Virginia","6/1/20","449","86","51550","19.15"
"Chesterfield","53","1568","Virginia","6/1/20","1200","368","51041","30.67"
"Clarke","1","28","Virginia","6/1/20","22","6","51043","27.27"
"Colonial Heights","2","96","Virginia","6/1/20","83","13","51570","15.66"
"Covington","0","4","Virginia","6/1/20","3","1","51580","33.33"
"Craig","0","5","Virginia","6/1/20","5","0","51045","0"
"Culpeper","14","713","Virginia","6/1/20","614","99","51047","16.12"
"Cumberland","2","38","Virginia","6/1/20","27","11","51049","40.74"
"Danville","1","56","Virginia","6/1/20","48","8","51590","16.67"
"Dinwiddie","5","83","Virginia","6/1/20","48","35","51053","72.92"
"Emporia","3","82","Virginia","6/1/20","62","20","51595","32.26"
"Essex","1","48","Virginia","6/1/20","44","4","51057","9.09"
"Fairfax","248","11219","Virginia","6/1/20","9482","1737","51059","18.32"
"Fairfax City","1","67","Virginia","6/1/20","57","10","51600","17.54"
"Falls Church","1","55","Virginia","6/1/20","48","7","51610","14.58"
"Fauquier","5","323","Virginia","6/1/20","285","38","51061","13.33"
"Floyd","0","6","Virginia","6/1/20","5","1","51063","20"
"Fluvanna","1","92","Virginia","6/1/20","85","7","51065","8.24"
"Franklin","0","36","Virginia","6/1/20","33","3","51067","9.09"
"Franklin City","0","42","Virginia","6/1/20","39","3","51620","7.69"
"Frederick","13","359","Virginia","6/1/20","271","88","51069","32.47"
"Fredericksburg","6","166","Virginia","6/1/20","123","43","51630","34.96"
"Galax","4","124","Virginia","6/1/20","95","29","51640","30.53"
"Giles","0","5","Virginia","6/1/20","5","0","51071","0"
"Gloucester","0","31","Virginia","6/1/20","30","1","51073","3.33"
"Goochland","1","99","Virginia","6/1/20","93","6","51075","6.45"
"Grayson","1","38","Virginia","6/1/20","30","8","51077","26.67"
"Greene","2","34","Virginia","6/1/20","23","11","51079","47.83"
"Greensville","3","74","Virginia","6/1/20","55","19","51081","34.55"
"Halifax","0","30","Virginia","6/1/20","29","1","51083","3.45"
"Hampton","4","210","Virginia","6/1/20","181","29","51650","16.02"
"Hanover","7","327","Virginia","6/1/20","275","52","51085","18.91"
"Harrisonburg","10","797","Virginia","6/1/20","727","70","51660","9.63"
"Henrico","52","1858","Virginia","6/1/20","1492","366","51087","24.53"
"Henry","5","114","Virginia","6/1/20","77","37","51089","48.05"
"Highland","0","3","Virginia","6/1/20","3","0","51091","0"
"Hopewell","4","92","Virginia","6/1/20","66","26","51670","39.39"
"Isle of Wight","0","128","Virginia","6/1/20","125","3","51093","2.4"
"James City","1","206","Virginia","6/1/20","197","9","51095","4.57"
"King and Queen","1","13","Virginia","6/1/20","7","6","51097","85.71"
"King George","2","69","Virginia","6/1/20","56","13","51099","23.21"
"King William","1","31","Virginia","6/1/20","24","7","51101","29.17"
"Lancaster","0","10","Virginia","6/1/20","10","0","51103","0"
"Lee","0","9","Virginia","6/1/20","9","0","51105","0"
"Lexington","0","7","Virginia","6/1/20","6","1","51678","16.67"
"Loudoun","81","2611","Virginia","6/1/20","2047","564","51107","27.55"
"Louisa","1","79","Virginia","6/1/20","69","10","51109","14.49"
"Lunenburg","1","13","Virginia","6/1/20","8","5","51111","62.5"
"Lynchburg","0","80","Virginia","6/1/20","77","3","51680","3.9"
"Madison","1","41","Virginia","6/1/20","32","9","51113","28.12"
"Manassas","37","1105","Virginia","6/1/20","849","256","51683","30.15"
"Manassas Park","8","317","Virginia","6/1/20","261","56","51685","21.46"
"Martinsville","1","32","Virginia","6/1/20","24","8","51690","33.33"
"Mathews","0","5","Virginia","6/1/20","5","0","51115","0"
"Mecklenburg","2","218","Virginia","6/1/20","205","13","51117","6.34"
"Middlesex","0","15","Virginia","6/1/20","12","3","51119","25"
"Montgomery","1","78","Virginia","6/1/20","69","9","51121","13.04"
"Nelson","0","17","Virginia","6/1/20","14","3","51125","21.43"
"New Kent","1","36","Virginia","6/1/20","29","7","51127","24.14"
"Newport News","5","282","Virginia","6/1/20","245","37","51700","15.1"
"Norfolk","13","521","Virginia","6/1/20","432","89","51710","20.6"
"Northampton","4","241","Virginia","6/1/20","216","25","51131","11.57"
"Northumberland","0","25","Virginia","6/1/20","23","2","51133","8.7"
"Norton","0","2","Virginia","6/1/20","2","0","51720","0"
"Nottoway","2","33","Virginia","6/1/20","19","14","51135","73.68"
"Orange","4","106","Virginia","6/1/20","81","25","51137","30.86"
"Page","4","225","Virginia","6/1/20","197","28","51139","14.21"
"Patrick","1","19","Virginia","6/1/20","14","5","51141","35.71"
"Petersburg","7","138","Virginia","6/1/20","88","50","51730","56.82"
"Pittsylvania","1","44","Virginia","6/1/20","35","9","51143","25.71"
"Poquoson","0","8","Virginia","6/1/20","7","1","51735","14.29"
"Portsmouth","6","313","Virginia","6/1/20","272","41","51740","15.07"
"Powhatan","1","35","Virginia","6/1/20","29","6","51145","20.69"
"Prince Edward","4","137","Virginia","6/1/20","108","29","51147","26.85"
"Prince George","10","129","Virginia","6/1/20","60","69","51149","115"
"Prince William","137","5663","Virginia","6/1/20","4702","961","51153","20.44"
"Pulaski","1","19","Virginia","6/1/20","11","8","51155","72.73"
"Radford","0","6","Virginia","6/1/20","7","-1","51750","-14.29"
"Rappahannock","0","13","Virginia","6/1/20","13","0","51157","0"
"Richmond","2","287","Virginia","6/1/20","275","12","51159","4.36"
"Richmond City","51","1397","Virginia","6/1/20","1040","357","51760","34.33"
"Roanoke","2","106","Virginia","6/1/20","94","12","51161","12.77"
"Roanoke City","4","167","Virginia","6/1/20","140","27","51770","19.29"
"Rockbridge","0","18","Virginia","6/1/20","16","2","51163","12.5"
"Rockingham","11","541","Virginia","6/1/20","467","74","51165","15.85"
"Russell","0","8","Virginia","6/1/20","8","0","51167","0"
"Salem","0","34","Virginia","6/1/20","32","2","51775","6.25"
"Scott","0","7","Virginia","6/1/20","7","0","51169","0"
"Shenandoah","12","458","Virginia","6/1/20","376","82","51171","21.81"
"Smyth","0","15","Virginia","6/1/20","15","0","51173","0"
"Southampton","1","147","Virginia","6/1/20","143","4","51175","2.8"
"Spotsylvania","21","571","Virginia","6/1/20","422","149","51177","35.31"
"Stafford","18","722","Virginia","6/1/20","599","123","51179","20.53"
"Staunton","2","47","Virginia","6/1/20","35","12","51790","34.29"
"Suffolk","2","316","Virginia","6/1/20","300","16","51800","5.33"
"Surry","1","10","Virginia","6/1/20","6","4","51181","66.67"
"Sussex","7","161","Virginia","6/1/20","114","47","51183","41.23"
"Tazewell","0","9","Virginia","6/1/20","6","3","51185","50"
"Virginia Beach","18","745","Virginia","6/1/20","618","127","51810","20.55"
"Warren","6","157","Virginia","6/1/20","117","40","51187","34.19"
"Washington","0","51","Virginia","6/1/20","51","0","51191","0"
"Waynesboro","1","47","Virginia","6/1/20","39","8","51820","20.51"
"Westmoreland","3","68","Virginia","6/1/20","50","18","51193","36"
"Williamsburg","0","44","Virginia","6/1/20","43","1","51830","2.33"
"Winchester","7","191","Virginia","6/1/20","145","46","51840","31.72"
"Wise","0","25","Virginia","6/1/20","24","1","51195","4.17"
"Wythe","1","23","Virginia","6/1/20","18","5","51197","27.78"
"York","1","77","Virginia","6/1/20","69","8","51199","11.59"
"Adams","1","63","Washington","6/1/20","53","10","53001","18.87"
"Asotin","0","19","Washington","6/1/20","19","0","53003","0"
"Benton","15","810","Washington","6/1/20","704","106","53005","15.06"
"Chelan","3","250","Washington","6/1/20","231","19","53007","8.23"
"Clallam","0","25","Washington","6/1/20","25","0","53009","0"
"Clark","15","516","Washington","6/1/20","412","104","53011","25.24"
"Columbia","0","1","Washington","6/1/20","1","0","53013","0"
"Cowlitz","0","73","Washington","6/1/20","73","0","53015","0"
"Douglas","2","172","Washington","6/1/20","157","15","53017","9.55"
"Ferry","0","1","Washington","6/1/20","1","0","53019","0"
"Franklin","14","598","Washington","6/1/20","503","95","53021","18.89"
"Grant","3","208","Washington","6/1/20","190","18","53025","9.47"
"Grays Harbor","0","17","Washington","6/1/20","16","1","53027","6.25"
"Island","0","178","Washington","6/1/20","177","1","53029","0.56"
"Jefferson","0","31","Washington","6/1/20","30","1","53031","3.33"
"King","42","8123","Washington","6/1/20","7826","297","53033","3.8"
"Kitsap","0","162","Washington","6/1/20","161","1","53035","0.62"
"Kittitas","2","88","Washington","6/1/20","75","13","53037","17.33"
"Klickitat","0","25","Washington","6/1/20","24","1","53039","4.17"
"Lewis","0","37","Washington","6/1/20","35","2","53041","5.71"
"Lincoln","0","2","Washington","6/1/20","2","0","53043","0"
"Mason","0","36","Washington","6/1/20","34","2","53045","5.88"
"Okanogan","1","49","Washington","6/1/20","44","5","53047","11.36"
"Pacific","0","9","Washington","6/1/20","9","0","53049","0"
"Pend Oreille","0","3","Washington","6/1/20","3","0","53051","0"
"Pierce","25","1940","Washington","6/1/20","1762","178","53053","10.1"
"San Juan","0","15","Washington","6/1/20","15","0","53055","0"
"Skagit","1","435","Washington","6/1/20","426","9","53057","2.11"
"Skamania","0","3","Washington","6/1/20","3","0","53059","0"
"Snohomish","10","2976","Washington","6/1/20","2904","72","53061","2.48"
"Spokane","15","600","Washington","6/1/20","494","106","53063","21.46"
"Stevens","0","11","Washington","6/1/20","10","1","53065","10"
"Thurston","3","151","Washington","6/1/20","129","22","53067","17.05"
"Wahkiakum","0","4","Washington","6/1/20","4","0","53069","0"
"Walla Walla","0","108","Washington","6/1/20","108","0","53071","0"
"Whatcom","4","398","Washington","6/1/20","369","29","53073","7.86"
"Whitman","0","16","Washington","6/1/20","16","0","53075","0"
"Yakima","113","3749","Washington","6/1/20","2958","791","53077","26.74"
"Barbour","0","9","West Virginia","6/1/20","7","2","54001","28.57"
"Berkeley","4","314","West Virginia","6/1/20","286","28","54003","9.79"
"Boone","0","9","West Virginia","6/1/20","9","0","54005","0"
"Braxton","0","2","West Virginia","6/1/20","2","0","54007","0"
"Brooke","0","5","West Virginia","6/1/20","3","2","54009","66.67"
"Cabell","1","66","West Virginia","6/1/20","59","7","54011","11.86"
"Calhoun","0","2","West Virginia","6/1/20","2","0","54013","0"
"Clay","0","5","West Virginia","6/1/20","2","3","54015","150"
"Fayette","1","50","West Virginia","6/1/20","45","5","54019","11.11"
"Gilmer","0","10","West Virginia","6/1/20","10","0","54021","0"
"Grant","0","12","West Virginia","6/1/20","11","1","54023","9.09"
"Greenbrier","0","9","West Virginia","6/1/20","9","0","54025","0"
"Hampshire","1","31","West Virginia","6/1/20","21","10","54027","47.62"
"Hancock","0","19","West Virginia","6/1/20","18","1","54029","5.56"
"Hardy","0","39","West Virginia","6/1/20","37","2","54031","5.41"
"Harrison","0","40","West Virginia","6/1/20","39","1","54033","2.56"
"Jackson","0","137","West Virginia","6/1/20","135","2","54035","1.48"
"Jefferson","4","184","West Virginia","6/1/20","154","30","54037","19.48"
"Kanawha","2","229","West Virginia","6/1/20","212","17","54039","8.02"
"Lewis","1","9","West Virginia","6/1/20","5","4","54041","80"
"Lincoln","0","6","West Virginia","6/1/20","5","1","54043","20"
"Logan","0","17","West Virginia","6/1/20","16","1","54045","6.25"
"Marion","0","51","West Virginia","6/1/20","50","1","54049","2"
"Marshall","0","30","West Virginia","6/1/20","27","3","54051","11.11"
"Mason","0","15","West Virginia","6/1/20","16","-1","54053","-6.25"
"McDowell","0","6","West Virginia","6/1/20","6","0","54047","0"
"Mercer","0","13","West Virginia","6/1/20","13","0","54055","0"
"Mineral","1","47","West Virginia","6/1/20","38","9","54057","23.68"
"Mingo","0","7","West Virginia","6/1/20","5","2","54059","40"
"Monongalia","2","133","West Virginia","6/1/20","121","12","54061","9.92"
"Monroe","0","7","West Virginia","6/1/20","7","0","54063","0"
"Morgan","0","18","West Virginia","6/1/20","18","0","54065","0"
"Nicholas","0","8","West Virginia","6/1/20","10","-2","54067","-20"
"Ohio","0","42","West Virginia","6/1/20","39","3","54069","7.69"
"Pendleton","1","13","West Virginia","6/1/20","9","4","54071","44.44"
"Pleasants","0","4","West Virginia","6/1/20","4","0","54073","0"
"Pocahontas","0","21","West Virginia","6/1/20","24","-3","54075","-12.5"
"Preston","1","25","West Virginia","6/1/20","21","4","54077","19.05"
"Putnam","0","34","West Virginia","6/1/20","32","2","54079","6.25"
"Raleigh","0","16","West Virginia","6/1/20","15","1","54081","6.67"
"Randolph","14","131","West Virginia","6/1/20","36","95","54083","263.89"
"Ritchie","0","1","West Virginia","6/1/20","1","0","54085","0"
"Roane","0","9","West Virginia","6/1/20","8","1","54087","12.5"
"Summers","0","1","West Virginia","6/1/20","2","-1","54089","-50"
"Taylor","0","9","West Virginia","6/1/20","8","1","54091","12.5"
"Tucker","0","4","West Virginia","6/1/20","4","0","54093","0"
"Tyler","0","3","West Virginia","6/1/20","3","0","54095","0"
"Upshur","0","7","West Virginia","6/1/20","7","0","54097","0"
"Wayne","0","100","West Virginia","6/1/20","97","3","54099","3.09"
"Wetzel","0","9","West Virginia","6/1/20","8","1","54103","12.5"
"Wirt","0","4","West Virginia","6/1/20","4","0","54105","0"
"Wood","0","53","West Virginia","6/1/20","51","2","54107","3.92"
"Wyoming","0","3","West Virginia","6/1/20","3","0","54109","0"
"Adams","0","4","Wisconsin","6/1/20","4","0","55001","0"
"Ashland","0","2","Wisconsin","6/1/20","2","0","55003","0"
"Barron","1","20","Wisconsin","6/1/20","12","8","55005","66.67"
"Bayfield","0","3","Wisconsin","6/1/20","3","0","55007","0"
"Brown","10","2320","Wisconsin","6/1/20","2249","71","55009","3.16"
"Buffalo","0","6","Wisconsin","6/1/20","5","1","55011","20"
"Burnett","0","1","Wisconsin","6/1/20","1","0","55013","0"
"Calumet","1","77","Wisconsin","6/1/20","70","7","55015","10"
"Chippewa","0","56","Wisconsin","6/1/20","53","3","55017","5.66"
"Clark","1","33","Wisconsin","6/1/20","28","5","55019","17.86"
"Columbia","1","44","Wisconsin","6/1/20","38","6","55021","15.79"
"Crawford","0","26","Wisconsin","6/1/20","26","0","55023","0"
"Dane","19","735","Wisconsin","6/1/20","604","131","55025","21.69"
"Dodge","10","228","Wisconsin","6/1/20","161","67","55027","41.61"
"Door","0","38","Wisconsin","6/1/20","37","1","55029","2.7"
"Douglas","0","19","Wisconsin","6/1/20","18","1","55031","5.56"
"Dunn","0","24","Wisconsin","6/1/20","23","1","55033","4.35"
"Eau Claire","2","113","Wisconsin","6/1/20","98","15","55035","15.31"
"Florence","0","2","Wisconsin","6/1/20","2","0","55037","0"
"Fond du Lac","6","214","Wisconsin","6/1/20","174","40","55039","22.99"
"Forest","2","29","Wisconsin","6/1/20","12","17","55041","141.67"
"Grant","1","96","Wisconsin","6/1/20","87","9","55043","10.34"
"Green","2","66","Wisconsin","6/1/20","54","12","55045","22.22"
"Green Lake","1","20","Wisconsin","6/1/20","15","5","55047","33.33"
"Iowa","1","16","Wisconsin","6/1/20","12","4","55049","33.33"
"Iron","0","2","Wisconsin","6/1/20","2","0","55051","0"
"Jackson","0","17","Wisconsin","6/1/20","15","2","55053","13.33"
"Jefferson","3","107","Wisconsin","6/1/20","84","23","55055","27.38"
"Juneau","0","23","Wisconsin","6/1/20","22","1","55057","4.55"
"Kenosha","25","1178","Wisconsin","6/1/20","1001","177","55059","17.68"
"Kewaunee","0","35","Wisconsin","6/1/20","33","2","55061","6.06"
"La Crosse","1","53","Wisconsin","6/1/20","48","5","55063","10.42"
"Lafayette","1","27","Wisconsin","6/1/20","22","5","55065","22.73"
"Langlade","0","3","Wisconsin","6/1/20","1","2","55067","200"
"Lincoln","0","7","Wisconsin","6/1/20","4","3","55069","75"
"Manitowoc","1","36","Wisconsin","6/1/20","29","7","55071","24.14"
"Marathon","1","50","Wisconsin","6/1/20","42","8","55073","19.05"
"Marinette","0","33","Wisconsin","6/1/20","32","1","55075","3.12"
"Marquette","0","4","Wisconsin","6/1/20","3","1","55077","33.33"
"Menominee","0","3","Wisconsin","6/1/20","3","0","55078","0"
"Milwaukee","207","7799","Wisconsin","6/1/20","6352","1447","55079","22.78"
"Monroe","0","17","Wisconsin","6/1/20","16","1","55081","6.25"
"Oconto","0","37","Wisconsin","6/1/20","34","3","55083","8.82"
"Oneida","0","9","Wisconsin","6/1/20","7","2","55085","28.57"
"Outagamie","5","230","Wisconsin","6/1/20","193","37","55087","19.17"
"Ozaukee","4","165","Wisconsin","6/1/20","138","27","55089","19.57"
"Pepin","0","1","Wisconsin","6/1/20","1","0","55091","0"
"Pierce","0","45","Wisconsin","6/1/20","42","3","55093","7.14"
"Polk","0","19","Wisconsin","6/1/20","16","3","55095","18.75"
"Portage","0","12","Wisconsin","6/1/20","10","2","55097","20"
"Price","0","2","Wisconsin","6/1/20","2","0","55099","0"
"Racine","48","1733","Wisconsin","6/1/20","1394","339","55101","24.32"
"Richland","0","14","Wisconsin","6/1/20","14","0","55103","0"
"Rock","10","639","Wisconsin","6/1/20","569","70","55105","12.3"
"Rusk","0","5","Wisconsin","6/1/20","4","1","55107","25"
"Sauk","0","78","Wisconsin","6/1/20","77","1","55111","1.3"
"Sawyer","0","8","Wisconsin","6/1/20","7","1","55113","14.29"
"Shawano","1","48","Wisconsin","6/1/20","38","10","55115","26.32"
"Sheboygan","1","90","Wisconsin","6/1/20","82","8","55117","9.76"
"St. Croix","3","92","Wisconsin","6/1/20","68","24","55109","35.29"
"Taylor","0","2","Wisconsin","6/1/20","1","1","55119","100"
"Trempealeau","1","25","Wisconsin","6/1/20","20","5","55121","25"
"Vernon","1","21","Wisconsin","6/1/20","16","5","55123","31.25"
"Vilas","0","8","Wisconsin","6/1/20","6","2","55125","33.33"
"Walworth","7","397","Wisconsin","6/1/20","351","46","55127","13.11"
"Washburn","0","2","Wisconsin","6/1/20","2","0","55129","0"
"Washington","7","257","Wisconsin","6/1/20","206","51","55131","24.76"
"Waukesha","20","709","Wisconsin","6/1/20","567","142","55133","25.04"
"Waupaca","3","42","Wisconsin","6/1/20","23","19","55135","82.61"
"Waushara","0","8","Wisconsin","6/1/20","8","0","55137","0"
"Winnebago","10","249","Wisconsin","6/1/20","182","67","55139","36.81"
"Wood","0","10","Wisconsin","6/1/20","9","1","55141","11.11"
"Albany","1","25","Wyoming","6/1/20","20","5","56001","25"
"Big Horn","0","6","Wyoming","6/1/20","5","1","56003","20"
"Campbell","0","31","Wyoming","6/1/20","30","1","56005","3.33"
"Carbon","0","16","Wyoming","6/1/20","16","0","56007","0"
"Converse","0","24","Wyoming","6/1/20","24","0","56009","0"
"Crook","0","5","Wyoming","6/1/20","5","0","56011","0"
"Fremont","5","282","Wyoming","6/1/20","249","33","56013","13.25"
"Goshen","0","5","Wyoming","6/1/20","5","0","56015","0"
"Hot Springs","0","12","Wyoming","6/1/20","10","2","56017","20"
"Johnson","0","18","Wyoming","6/1/20","18","0","56019","0"
"Laramie","1","188","Wyoming","6/1/20","183","5","56021","2.73"
"Lincoln","0","15","Wyoming","6/1/20","15","0","56023","0"
"Natrona","1","79","Wyoming","6/1/20","71","8","56025","11.27"
"Niobrara","0","2","Wyoming","6/1/20","2","0","56027","0"
"Park","0","2","Wyoming","6/1/20","2","0","56029","0"
"Platte","0","1","Wyoming","6/1/20","1","0","56031","0"
"Sheridan","0","16","Wyoming","6/1/20","16","0","56033","0"
"Sublette","0","3","Wyoming","6/1/20","3","0","56035","0"
"Sweetwater","1","30","Wyoming","6/1/20","25","5","56037","20"
"Teton","0","100","Wyoming","6/1/20","100","0","56039","0"
"Uinta","0","12","Wyoming","6/1/20","12","0","56041","0"
"Washakie","1","37","Wyoming","6/1/20","31","6","56043","19.35"
"Weston","0","1","Wyoming","6/1/20","0","1","56045","1"
