"Locality","DailyAvgNewCasesPast7Days","TotalCases","State","Date","TotalCases7DaysAgo","NewCasesPast7Days","FIPS-Code","PercentIncreaseTotalCasesPast7Days"
"Autauga","6","272","Alabama","6/8/20","233","39","01001","16.74"
"Baldwin","4","320","Alabama","6/8/20","292","28","01003","9.59"
"Barbour","4","197","Alabama","6/8/20","172","25","01005","14.53"
"Bibb","0","79","Alabama","6/8/20","76","3","01007","3.95"
"Blount","1","73","Alabama","6/8/20","63","10","01009","15.87"
"Bullock","4","238","Alabama","6/8/20","209","29","01011","13.88"
"Butler","6","455","Alabama","6/8/20","414","41","01013","9.9"
"Calhoun","2","178","Alabama","6/8/20","164","14","01015","8.54"
"Chambers","4","383","Alabama","6/8/20","358","25","01017","6.98"
"Cherokee","1","42","Alabama","6/8/20","38","4","01019","10.53"
"Chilton","1","111","Alabama","6/8/20","103","8","01021","7.77"
"Choctaw","0","156","Alabama","6/8/20","153","3","01023","1.96"
"Clarke","2","158","Alabama","6/8/20","146","12","01025","8.22"
"Clay","0","29","Alabama","6/8/20","28","1","01027","3.57"
"Cleburne","1","19","Alabama","6/8/20","15","4","01029","26.67"
"Coffee","1","248","Alabama","6/8/20","238","10","01031","4.2"
"Colbert","4","212","Alabama","6/8/20","186","26","01033","13.98"
"Conecuh","2","52","Alabama","6/8/20","41","11","01035","26.83"
"Coosa","0","40","Alabama","6/8/20","40","0","01037","0"
"Covington","1","88","Alabama","6/8/20","81","7","01039","8.64"
"Crenshaw","2","88","Alabama","6/8/20","75","13","01041","17.33"
"Cullman","7","199","Alabama","6/8/20","147","52","01043","35.37"
"Dale","2","135","Alabama","6/8/20","122","13","01045","10.66"
"Dallas","9","339","Alabama","6/8/20","279","60","01047","21.51"
"DeKalb","3","272","Alabama","6/8/20","249","23","01049","9.24"
"Elmore","9","427","Alabama","6/8/20","362","65","01051","17.96"
"Escambia","2","88","Alabama","6/8/20","72","16","01053","22.22"
"Etowah","2","276","Alabama","6/8/20","260","16","01055","6.15"
"Fayette","0","19","Alabama","6/8/20","16","3","01057","18.75"
"Franklin","9","625","Alabama","6/8/20","562","63","01059","11.21"
"Geneva","0","46","Alabama","6/8/20","43","3","01061","6.98"
"Greene","1","99","Alabama","6/8/20","95","4","01063","4.21"
"Hale","5","207","Alabama","6/8/20","175","32","01065","18.29"
"Henry","1","89","Alabama","6/8/20","80","9","01067","11.25"
"Houston","4","246","Alabama","6/8/20","221","25","01069","11.31"
"Jackson","2","94","Alabama","6/8/20","81","13","01071","16.05"
"Jefferson","31","2078","Alabama","6/8/20","1859","219","01073","11.78"
"Lamar","0","29","Alabama","6/8/20","26","3","01075","11.54"
"Lauderdale","3","188","Alabama","6/8/20","166","22","01077","13.25"
"Lawrence","1","55","Alabama","6/8/20","50","5","01079","10"
"Lee","6","594","Alabama","6/8/20","550","44","01081","8"
"Limestone","4","135","Alabama","6/8/20","108","27","01083","25"
"Lowndes","5","290","Alabama","6/8/20","252","38","01085","15.08"
"Macon","2","100","Alabama","6/8/20","85","15","01087","17.65"
"Madison","6","386","Alabama","6/8/20","343","43","01089","12.54"
"Marengo","2","187","Alabama","6/8/20","171","16","01091","9.36"
"Marion","1","126","Alabama","6/8/20","122","4","01093","3.28"
"Marshall","6","744","Alabama","6/8/20","700","44","01095","6.29"
"Mobile","27","2461","Alabama","6/8/20","2271","190","01097","8.37"
"Monroe","3","62","Alabama","6/8/20","43","19","01099","44.19"
"Montgomery","53","2128","Alabama","6/8/20","1758","370","01101","21.05"
"Morgan","15","395","Alabama","6/8/20","287","108","01103","37.63"
"Perry","1","50","Alabama","6/8/20","42","8","01105","19.05"
"Pickens","1","124","Alabama","6/8/20","118","6","01107","5.08"
"Pike","6","250","Alabama","6/8/20","206","44","01109","21.36"
"Randolph","1","132","Alabama","6/8/20","127","5","01111","3.94"
"Russell","5","212","Alabama","6/8/20","175","37","01113","21.14"
"Shelby","5","554","Alabama","6/8/20","522","32","01117","6.13"
"St. Clair","2","141","Alabama","6/8/20","128","13","01115","10.16"
"Sumter","3","247","Alabama","6/8/20","224","23","01119","10.27"
"Talladega","2","134","Alabama","6/8/20","117","17","01121","14.53"
"Tallapoosa","3","446","Alabama","6/8/20","427","19","01123","4.45"
"Tuscaloosa","20","936","Alabama","6/8/20","799","137","01125","17.15"
"Walker","13","460","Alabama","6/8/20","370","90","01127","24.32"
"Washington","1","79","Alabama","6/8/20","71","8","01129","11.27"
"Wilcox","3","173","Alabama","6/8/20","150","23","01131","15.33"
"Winston","1","95","Alabama","6/8/20","90","5","01133","5.56"
"Anchorage","7","283","Alaska","6/8/20","232","51","02020","21.98"
"Bethel","0","3","Alaska","6/8/20","3","0","02050","0"
"Fairbanks North Star","0","85","Alaska","6/8/20","85","0","02090","0"
"Juneau","0","35","Alaska","6/8/20","33","2","02110","6.06"
"Kenai Peninsula","5","83","Alaska","6/8/20","49","34","02122","69.39"
"Ketchikan Gateway","0","16","Alaska","6/8/20","16","0","02130","0"
"Kodiak Island","0","1","Alaska","6/8/20","1","0","02150","0"
"Matanuska-Susitna","1","37","Alaska","6/8/20","29","8","02170","27.59"
"Nome","0","3","Alaska","6/8/20","3","0","02180","0"
"North Slope","0","1","Alaska","6/8/20","1","0","02185","0"
"Northwest Arctic","0","2","Alaska","6/8/20","2","0","02188","0"
"Petersburg","0","4","Alaska","6/8/20","4","0","02195","0"
"Prince of Wales-Hyder","0","2","Alaska","6/8/20","2","0","02198","0"
"Sitka","0","2","Alaska","6/8/20","2","0","02220","0"
"Southeast Fairbanks","0","3","Alaska","6/8/20","3","0","02240","0"
"Wrangell","0","1","Alaska","6/8/20","0","1","02275","1"
"Yukon-Koyukuk","0","1","Alaska","6/8/20","1","0","02290","0"
"Apache","29","1732","Arizona","6/8/20","1526","206","04001","13.5"
"Cochise","10","149","Arizona","6/8/20","76","73","04003","96.05"
"Coconino","19","1290","Arizona","6/8/20","1155","135","04005","11.69"
"Gila","2","46","Arizona","6/8/20","31","15","04007","48.39"
"Graham","1","41","Arizona","6/8/20","32","9","04009","28.12"
"Greenlee","1","10","Arizona","6/8/20","6","4","04011","66.67"
"La Paz","15","183","Arizona","6/8/20","79","104","04012","131.65"
"Maricopa","581","14003","Arizona","6/8/20","9937","4066","04013","40.92"
"Mohave","16","512","Arizona","6/8/20","403","109","04015","27.05"
"Navajo","51","2229","Arizona","6/8/20","1873","356","04017","19.01"
"Pima","110","3154","Arizona","6/8/20","2382","772","04019","32.41"
"Pinal","37","1127","Arizona","6/8/20","865","262","04021","30.29"
"Santa Cruz","41","615","Arizona","6/8/20","330","285","04023","86.36"
"Yavapai","5","330","Arizona","6/8/20","297","33","04025","11.11"
"Yuma","160","2257","Arizona","6/8/20","1137","1120","04027","98.5"
"Arkansas","0","7","Arkansas","6/8/20","7","0","05001","0"
"Ashley","2","32","Arkansas","6/8/20","19","13","05003","68.42"
"Baxter","0","13","Arkansas","6/8/20","12","1","05005","8.33"
"Benton","58","1011","Arkansas","6/8/20","607","404","05007","66.56"
"Boone","0","7","Arkansas","6/8/20","6","1","05009","16.67"
"Bradley","1","32","Arkansas","6/8/20","22","10","05011","45.45"
"Carroll","2","38","Arkansas","6/8/20","25","13","05015","52"
"Chicot","2","26","Arkansas","6/8/20","15","11","05017","73.33"
"Clark","0","41","Arkansas","6/8/20","39","2","05019","5.13"
"Clay","0","6","Arkansas","6/8/20","4","2","05021","50"
"Cleburne","0","75","Arkansas","6/8/20","74","1","05023","1.35"
"Cleveland","0","19","Arkansas","6/8/20","19","0","05025","0"
"Columbia","0","25","Arkansas","6/8/20","23","2","05027","8.7"
"Conway","0","15","Arkansas","6/8/20","14","1","05029","7.14"
"Craighead","11","305","Arkansas","6/8/20","228","77","05031","33.77"
"Crawford","2","42","Arkansas","6/8/20","30","12","05033","40"
"Crittenden","11","465","Arkansas","6/8/20","386","79","05035","20.47"
"Cross","2","63","Arkansas","6/8/20","52","11","05037","21.15"
"Dallas","0","3","Arkansas","6/8/20","1","2","05039","200"
"Desha","0","20","Arkansas","6/8/20","19","1","05041","5.26"
"Drew","0","21","Arkansas","6/8/20","20","1","05043","5"
"Faulkner","2","117","Arkansas","6/8/20","102","15","05045","14.71"
"Franklin","0","5","Arkansas","6/8/20","4","1","05047","25"
"Fulton","0","8","Arkansas","6/8/20","7","1","05049","14.29"
"Garland","1","142","Arkansas","6/8/20","136","6","05051","4.41"
"Grant","0","19","Arkansas","6/8/20","18","1","05053","5.56"
"Greene","0","67","Arkansas","6/8/20","64","3","05055","4.69"
"Hempstead","2","30","Arkansas","6/8/20","18","12","05057","66.67"
"Hot Spring","0","34","Arkansas","6/8/20","32","2","05059","6.25"
"Howard","2","33","Arkansas","6/8/20","21","12","05061","57.14"
"Independence","1","36","Arkansas","6/8/20","31","5","05063","16.13"
"Izard","0","17","Arkansas","6/8/20","16","1","05065","6.25"
"Jackson","1","7","Arkansas","6/8/20","3","4","05067","133.33"
"Jefferson","4","554","Arkansas","6/8/20","523","31","05069","5.93"
"Johnson","3","66","Arkansas","6/8/20","48","18","05071","37.5"
"Lafayette","0","10","Arkansas","6/8/20","9","1","05073","11.11"
"Lawrence","1","89","Arkansas","6/8/20","84","5","05075","5.95"
"Lee","4","49","Arkansas","6/8/20","21","28","05077","133.33"
"Lincoln","0","985","Arkansas","6/8/20","983","2","05079","0.2"
"Little River","3","26","Arkansas","6/8/20","6","20","05081","333.33"
"Logan","1","13","Arkansas","6/8/20","7","6","05083","85.71"
"Lonoke","2","60","Arkansas","6/8/20","49","11","05085","22.45"
"Madison","4","54","Arkansas","6/8/20","23","31","05087","134.78"
"Marion","0","2","Arkansas","6/8/20","2","0","05089","0"
"Miller","2","59","Arkansas","6/8/20","45","14","05091","31.11"
"Mississippi","1","83","Arkansas","6/8/20","76","7","05093","9.21"
"Monroe","0","5","Arkansas","6/8/20","5","0","05095","0"
"Montgomery","0","2","Arkansas","6/8/20","2","0","05097","0"
"Nevada","7","59","Arkansas","6/8/20","7","52","05099","742.86"
"Newton","0","3","Arkansas","6/8/20","3","0","05101","0"
"Ouachita","1","14","Arkansas","6/8/20","10","4","05103","40"
"Perry","0","15","Arkansas","6/8/20","14","1","05105","7.14"
"Phillips","1","27","Arkansas","6/8/20","22","5","05107","22.73"
"Pike","0","6","Arkansas","6/8/20","5","1","05109","20"
"Poinsett","2","44","Arkansas","6/8/20","33","11","05111","33.33"
"Polk","3","45","Arkansas","6/8/20","21","24","05113","114.29"
"Pope","7","213","Arkansas","6/8/20","161","52","05115","32.3"
"Prairie","0","5","Arkansas","6/8/20","2","3","05117","150"
"Pulaski","31","1118","Arkansas","6/8/20","903","215","05119","23.81"
"Randolph","0","26","Arkansas","6/8/20","26","0","05121","0"
"Saline","5","147","Arkansas","6/8/20","113","34","05125","30.09"
"Scott","0","2","Arkansas","6/8/20","1","1","05127","100"
"Searcy","0","7","Arkansas","6/8/20","7","0","05129","0"
"Sebastian","8","96","Arkansas","6/8/20","43","53","05131","123.26"
"Sevier","19","355","Arkansas","6/8/20","225","130","05133","57.78"
"Sharp","0","48","Arkansas","6/8/20","46","2","05135","4.35"
"St. Francis","11","755","Arkansas","6/8/20","676","79","05123","11.69"
"Stone","0","11","Arkansas","6/8/20","9","2","05137","22.22"
"Union","2","188","Arkansas","6/8/20","173","15","05139","8.67"
"Van Buren","0","30","Arkansas","6/8/20","28","2","05141","7.14"
"Washington","76","1097","Arkansas","6/8/20","562","535","05143","95.2"
"White","1","50","Arkansas","6/8/20","44","6","05145","13.64"
"Woodruff","0","1","Arkansas","6/8/20","1","0","05147","0"
"Yell","11","240","Arkansas","6/8/20","162","78","05149","48.15"
"Alameda","68","3945","California","6/8/20","3470","475","06001","13.69"
"Alpine","0","2","California","6/8/20","2","0","06003","0"
"Amador","0","10","California","6/8/20","10","0","06005","0"
"Butte","2","68","California","6/8/20","51","17","06007","33.33"
"Calaveras","1","19","California","6/8/20","15","4","06009","26.67"
"Colusa","0","7","California","6/8/20","7","0","06011","0"
"Contra Costa","34","1706","California","6/8/20","1468","238","06013","16.21"
"Del Norte","0","47","California","6/8/20","46","1","06015","2.17"
"El Dorado","2","109","California","6/8/20","96","13","06017","13.54"
"Fresno","54","2122","California","6/8/20","1743","379","06019","21.74"
"Glenn","0","19","California","6/8/20","16","3","06021","18.75"
"Humboldt","1","105","California","6/8/20","101","4","06023","3.96"
"Imperial","180","3013","California","6/8/20","1751","1262","06025","72.07"
"Inyo","0","22","California","6/8/20","20","2","06027","10"
"Kern","67","2794","California","6/8/20","2322","472","06029","20.33"
"Kings","59","1538","California","6/8/20","1122","416","06031","37.08"
"Lake","1","30","California","6/8/20","21","9","06033","42.86"
"Lassen","0","8","California","6/8/20","5","3","06035","60"
"Los Angeles","1240","64690","California","6/8/20","56011","8679","06037","15.5"
"Madera","9","172","California","6/8/20","106","66","06039","62.26"
"Marin","15","589","California","6/8/20","483","106","06041","21.95"
"Mariposa","0","16","California","6/8/20","16","0","06043","0"
"Mendocino","1","36","California","6/8/20","30","6","06045","20"
"Merced","7","334","California","6/8/20","283","51","06047","18.02"
"Mono","0","38","California","6/8/20","37","1","06051","2.7"
"Monterey","29","751","California","6/8/20","545","206","06053","37.8"
"Napa","6","153","California","6/8/20","113","40","06055","35.4"
"Nevada","1","50","California","6/8/20","41","9","06057","21.95"
"Orange","150","7527","California","6/8/20","6474","1053","06059","16.27"
"Placer","11","294","California","6/8/20","217","77","06061","35.48"
"Plumas","0","4","California","6/8/20","4","0","06063","0"
"Riverside","175","9206","California","6/8/20","7982","1224","06065","15.33"
"Sacramento","23","1588","California","6/8/20","1429","159","06067","11.13"
"San Benito","3","107","California","6/8/20","87","20","06069","22.99"
"San Bernardino","127","6247","California","6/8/20","5355","892","06071","16.66"
"San Diego","163","8619","California","6/8/20","7481","1138","06073","15.21"
"San Francisco","30","2779","California","6/8/20","2570","209","06075","8.13"
"San Joaquin","41","1195","California","6/8/20","908","287","06077","31.61"
"San Luis Obispo","4","299","California","6/8/20","271","28","06079","10.33"
"San Mateo","33","2394","California","6/8/20","2165","229","06081","10.58"
"Santa Barbara","24","1817","California","6/8/20","1649","168","06083","10.19"
"Santa Clara","28","2973","California","6/8/20","2776","197","06085","7.1"
"Santa Cruz","2","234","California","6/8/20","217","17","06087","7.83"
"Shasta","1","46","California","6/8/20","39","7","06089","17.95"
"Sierra","0","1","California","6/8/20","1","0","06091","0"
"Siskiyou","1","12","California","6/8/20","7","5","06093","71.43"
"Solano","10","590","California","6/8/20","517","73","06095","14.12"
"Sonoma","13","653","California","6/8/20","564","89","06097","15.78"
"Stanislaus","28","937","California","6/8/20","744","193","06099","25.94"
"Sutter","3","65","California","6/8/20","46","19","06101","41.3"
"Tehama","1","9","California","6/8/20","4","5","06103","125"
"Trinity","0","2","California","6/8/20","1","1","06105","100"
"Tulare","46","2220","California","6/8/20","1897","323","06107","17.03"
"Tuolumne","0","7","California","6/8/20","4","3","06109","75"
"Ventura","27","1341","California","6/8/20","1152","189","06111","16.41"
"Yolo","2","225","California","6/8/20","211","14","06113","6.64"
"Yuba","0","32","California","6/8/20","30","2","06115","6.67"
"Adams","45","3605","Colorado","6/8/20","3291","314","08001","9.54"
"Alamosa","2","95","Colorado","6/8/20","78","17","08003","21.79"
"Arapahoe","35","4663","Colorado","6/8/20","4416","247","08005","5.59"
"Archuleta","0","8","Colorado","6/8/20","8","0","08007","0"
"Baca","0","12","Colorado","6/8/20","12","0","08009","0"
"Bent","0","3","Colorado","6/8/20","2","1","08011","50"
"Boulder","5","1022","Colorado","6/8/20","984","38","08013","3.86"
"Broomfield","2","256","Colorado","6/8/20","242","14","08014","5.79"
"Chaffee","0","78","Colorado","6/8/20","76","2","08015","2.63"
"Cheyenne","0","5","Colorado","6/8/20","5","0","08017","0"
"Clear Creek","0","17","Colorado","6/8/20","17","0","08019","0"
"Conejos","0","5","Colorado","6/8/20","2","3","08021","150"
"Costilla","0","8","Colorado","6/8/20","6","2","08023","33.33"
"Crowley","0","66","Colorado","6/8/20","64","2","08025","3.12"
"Custer","0","2","Colorado","6/8/20","2","0","08027","0"
"Delta","1","76","Colorado","6/8/20","69","7","08029","10.14"
"Denver","48","6138","Colorado","6/8/20","5802","336","08031","5.79"
"Douglas","5","757","Colorado","6/8/20","724","33","08035","4.56"
"Eagle","3","610","Colorado","6/8/20","587","23","08037","3.92"
"El Paso","16","1862","Colorado","6/8/20","1748","114","08041","6.52"
"Elbert","0","56","Colorado","6/8/20","53","3","08039","5.66"
"Fremont","0","26","Colorado","6/8/20","26","0","08043","0"
"Garfield","3","164","Colorado","6/8/20","143","21","08045","14.69"
"Gilpin","0","5","Colorado","6/8/20","3","2","08047","66.67"
"Grand","0","15","Colorado","6/8/20","14","1","08049","7.14"
"Gunnison","0","180","Colorado","6/8/20","177","3","08051","1.69"
"Hinsdale","0","3","Colorado","6/8/20","3","0","08053","0"
"Huerfano","0","3","Colorado","6/8/20","3","0","08055","0"
"Jefferson","20","2384","Colorado","6/8/20","2244","140","08059","6.24"
"Kit Carson","1","30","Colorado","6/8/20","26","4","08063","15.38"
"La Plata","0","82","Colorado","6/8/20","82","0","08067","0"
"Lake","1","38","Colorado","6/8/20","31","7","08065","22.58"
"Larimer","6","628","Colorado","6/8/20","589","39","08069","6.62"
"Las Animas","0","5","Colorado","6/8/20","5","0","08071","0"
"Lincoln","0","3","Colorado","6/8/20","3","0","08073","0"
"Logan","2","631","Colorado","6/8/20","619","12","08075","1.94"
"Mesa","1","62","Colorado","6/8/20","55","7","08077","12.73"
"Mineral","0","2","Colorado","6/8/20","2","0","08079","0"
"Moffat","0","8","Colorado","6/8/20","7","1","08081","14.29"
"Montezuma","2","57","Colorado","6/8/20","46","11","08083","23.91"
"Montrose","2","190","Colorado","6/8/20","177","13","08085","7.34"
"Morgan","2","645","Colorado","6/8/20","630","15","08087","2.38"
"Otero","0","22","Colorado","6/8/20","19","3","08089","15.79"
"Ouray","0","8","Colorado","6/8/20","8","0","08091","0"
"Park","0","23","Colorado","6/8/20","23","0","08093","0"
"Phillips","0","15","Colorado","6/8/20","14","1","08095","7.14"
"Pitkin","0","61","Colorado","6/8/20","58","3","08097","5.17"
"Prowers","0","16","Colorado","6/8/20","14","2","08099","14.29"
"Pueblo","3","320","Colorado","6/8/20","297","23","08101","7.74"
"Rio Blanco","0","1","Colorado","6/8/20","1","0","08103","0"
"Rio Grande","2","46","Colorado","6/8/20","35","11","08105","31.43"
"Routt","0","62","Colorado","6/8/20","62","0","08107","0"
"Saguache","1","94","Colorado","6/8/20","89","5","08109","5.62"
"San Juan","0","1","Colorado","6/8/20","1","0","08111","0"
"San Miguel","0","23","Colorado","6/8/20","23","0","08113","0"
"Summit","2","247","Colorado","6/8/20","231","16","08117","6.93"
"Teller","0","36","Colorado","6/8/20","33","3","08119","9.09"
"Washington","0","43","Colorado","6/8/20","41","2","08121","4.88"
"Weld","14","2598","Colorado","6/8/20","2501","97","08123","3.88"
"Yuma","1","48","Colorado","6/8/20","40","8","08125","20"
"Fairfield","55","16092","Connecticut","6/8/20","15709","383","09001","2.44"
"Hartford","57","10844","Connecticut","6/8/20","10448","396","09003","3.79"
"Litchfield","4","1426","Connecticut","6/8/20","1400","26","09005","1.86"
"Middlesex","6","1187","Connecticut","6/8/20","1143","44","09007","3.85"
"New Haven","54","11860","Connecticut","6/8/20","11479","381","09009","3.32"
"New London","4","1120","Connecticut","6/8/20","1091","29","09011","2.66"
"Tolland","3","863","Connecticut","6/8/20","845","18","09013","2.13"
"Windham","6","428","Connecticut","6/8/20","388","40","09015","10.31"
"Kent","10","1513","Delaware","6/8/20","1440","73","10001","5.07"
"New Castle","37","4095","Delaware","6/8/20","3838","257","10003","6.7"
"Sussex","12","4353","Delaware","6/8/20","4272","81","10005","1.9"
"","0","49","Diamond Princess","6/8/20","49","0",,"0"
"District of Columbia","76","9389","District of Columbia","6/8/20","8857","532","11001","6.01"
"Alachua","2","399","Florida","6/8/20","382","17","12001","4.45"
"Baker","0","29","Florida","6/8/20","29","0","12003","0"
"Bay","5","132","Florida","6/8/20","100","32","12005","32"
"Bradford","0","52","Florida","6/8/20","51","1","12007","1.96"
"Brevard","6","464","Florida","6/8/20","424","40","12009","9.43"
"Broward","104","7924","Florida","6/8/20","7196","728","12011","10.12"
"Calhoun","1","66","Florida","6/8/20","61","5","12013","8.2"
"Charlotte","6","500","Florida","6/8/20","461","39","12015","8.46"
"Citrus","1","128","Florida","6/8/20","122","6","12017","4.92"
"Clay","3","405","Florida","6/8/20","383","22","12019","5.74"
"Collier","70","2070","Florida","6/8/20","1580","490","12021","31.01"
"Columbia","3","171","Florida","6/8/20","148","23","12023","15.54"
"DeSoto","15","284","Florida","6/8/20","182","102","12027","56.04"
"Dixie","1","60","Florida","6/8/20","54","6","12029","11.11"
"Duval","22","1806","Florida","6/8/20","1654","152","12031","9.19"
"Escambia","9","891","Florida","6/8/20","828","63","12033","7.61"
"Flagler","1","195","Florida","6/8/20","189","6","12035","3.17"
"Franklin","0","2","Florida","6/8/20","2","0","12037","0"
"Gadsden","3","294","Florida","6/8/20","276","18","12039","6.52"
"Gilchrist","1","19","Florida","6/8/20","15","4","12041","26.67"
"Glades","8","85","Florida","6/8/20","32","53","12043","165.62"
"Gulf","1","7","Florida","6/8/20","1","6","12045","600"
"Hamilton","3","262","Florida","6/8/20","239","23","12047","9.62"
"Hardee","7","151","Florida","6/8/20","101","50","12049","49.5"
"Hendry","19","565","Florida","6/8/20","431","134","12051","31.09"
"Hernando","2","126","Florida","6/8/20","115","11","12053","9.57"
"Highlands","3","150","Florida","6/8/20","130","20","12055","15.38"
"Hillsborough","87","2861","Florida","6/8/20","2251","610","12057","27.1"
"Holmes","2","30","Florida","6/8/20","19","11","12059","57.89"
"Indian River","5","167","Florida","6/8/20","133","34","12061","25.56"
"Jackson","8","309","Florida","6/8/20","256","53","12063","20.7"
"Jefferson","0","31","Florida","6/8/20","29","2","12065","6.9"
"Lafayette","0","10","Florida","6/8/20","8","2","12067","25"
"Lake","5","337","Florida","6/8/20","304","33","12069","10.86"
"Lee","53","2315","Florida","6/8/20","1943","372","12071","19.15"
"Leon","5","443","Florida","6/8/20","405","38","12073","9.38"
"Levy","6","73","Florida","6/8/20","34","39","12075","114.71"
"Liberty","1","218","Florida","6/8/20","213","5","12077","2.35"
"Madison","0","71","Florida","6/8/20","69","2","12079","2.9"
"Manatee","23","1219","Florida","6/8/20","1057","162","12081","15.33"
"Marion","4","281","Florida","6/8/20","250","31","12083","12.4"
"Martin","38","917","Florida","6/8/20","652","265","12085","40.64"
"Miami-Dade","231","19756","Florida","6/8/20","18139","1617","12086","8.91"
"Monroe","1","114","Florida","6/8/20","109","5","12087","4.59"
"Nassau","1","82","Florida","6/8/20","76","6","12089","7.89"
"Okaloosa","6","271","Florida","6/8/20","232","39","12091","16.81"
"Okeechobee","8","138","Florida","6/8/20","84","54","12093","64.29"
"Orange","50","2378","Florida","6/8/20","2031","347","12095","17.09"
"Osceola","7","749","Florida","6/8/20","703","46","12097","6.54"
"Palm Beach","171","7329","Florida","6/8/20","6135","1194","12099","19.46"
"Pasco","7","434","Florida","6/8/20","388","46","12101","11.86"
"Pinellas","46","1638","Florida","6/8/20","1313","325","12103","24.75"
"Polk","24","1206","Florida","6/8/20","1038","168","12105","16.18"
"Putnam","3","174","Florida","6/8/20","153","21","12107","13.73"
"Santa Rosa","2","258","Florida","6/8/20","247","11","12113","4.45"
"Sarasota","7","686","Florida","6/8/20","639","47","12115","7.36"
"Seminole","7","542","Florida","6/8/20","491","51","12117","10.39"
"St. Johns","3","282","Florida","6/8/20","260","22","12109","8.46"
"St. Lucie","26","654","Florida","6/8/20","473","181","12111","38.27"
"Sumter","1","261","Florida","6/8/20","253","8","12119","3.16"
"Suwannee","1","175","Florida","6/8/20","168","7","12121","4.17"
"Taylor","4","48","Florida","6/8/20","22","26","12123","118.18"
"Union","1","38","Florida","6/8/20","32","6","12125","18.75"
"Volusia","13","829","Florida","6/8/20","741","88","12127","11.88"
"Wakulla","0","35","Florida","6/8/20","35","0","12129","0"
"Walton","2","131","Florida","6/8/20","117","14","12131","11.97"
"Washington","4","84","Florida","6/8/20","58","26","12133","44.83"
"Appling","4","189","Georgia","6/8/20","161","28","13001","17.39"
"Atkinson","1","60","Georgia","6/8/20","51","9","13003","17.65"
"Bacon","2","146","Georgia","6/8/20","129","17","13005","13.18"
"Baker","0","37","Georgia","6/8/20","35","2","13007","5.71"
"Baldwin","6","388","Georgia","6/8/20","349","39","13009","11.17"
"Banks","0","92","Georgia","6/8/20","92","0","13011","0"
"Barrow","3","353","Georgia","6/8/20","333","20","13013","6.01"
"Bartow","6","523","Georgia","6/8/20","481","42","13015","8.73"
"Ben Hill","2","93","Georgia","6/8/20","76","17","13017","22.37"
"Berrien","1","59","Georgia","6/8/20","49","10","13019","20.41"
"Bibb","6","509","Georgia","6/8/20","467","42","13021","8.99"
"Bleckley","1","51","Georgia","6/8/20","45","6","13023","13.33"
"Brantley","1","63","Georgia","6/8/20","57","6","13025","10.53"
"Brooks","2","83","Georgia","6/8/20","69","14","13027","20.29"
"Bryan","0","78","Georgia","6/8/20","75","3","13029","4"
"Bulloch","3","83","Georgia","6/8/20","65","18","13031","27.69"
"Burke","0","125","Georgia","6/8/20","122","3","13033","2.46"
"Butts","2","244","Georgia","6/8/20","228","16","13035","7.02"
"Calhoun","1","138","Georgia","6/8/20","132","6","13037","4.55"
"Camden","1","69","Georgia","6/8/20","63","6","13039","9.52"
"Candler","0","15","Georgia","6/8/20","13","2","13043","15.38"
"Carroll","8","585","Georgia","6/8/20","526","59","13045","11.22"
"Catoosa","3","164","Georgia","6/8/20","140","24","13047","17.14"
"Charlton","0","34","Georgia","6/8/20","33","1","13049","3.03"
"Chatham","5","552","Georgia","6/8/20","516","36","13051","6.98"
"Chattahoochee","8","173","Georgia","6/8/20","114","59","13053","51.75"
"Chattooga","0","25","Georgia","6/8/20","24","1","13055","4.17"
"Cherokee","9","975","Georgia","6/8/20","910","65","13057","7.14"
"Clarke","5","325","Georgia","6/8/20","293","32","13059","10.92"
"Clay","1","49","Georgia","6/8/20","39","10","13061","25.64"
"Clayton","16","1343","Georgia","6/8/20","1234","109","13063","8.83"
"Clinch","2","70","Georgia","6/8/20","59","11","13065","18.64"
"Cobb","35","3298","Georgia","6/8/20","3052","246","13067","8.06"
"Coffee","3","300","Georgia","6/8/20","277","23","13069","8.3"
"Colquitt","13","569","Georgia","6/8/20","479","90","13071","18.79"
"Columbia","4","278","Georgia","6/8/20","251","27","13073","10.76"
"Cook","1","56","Georgia","6/8/20","47","9","13075","19.15"
"Coweta","7","468","Georgia","6/8/20","421","47","13077","11.16"
"Crawford","0","29","Georgia","6/8/20","28","1","13079","3.57"
"Crisp","0","239","Georgia","6/8/20","236","3","13081","1.27"
"Dade","1","41","Georgia","6/8/20","36","5","13083","13.89"
"Dawson","1","114","Georgia","6/8/20","109","5","13085","4.59"
"Decatur","3","214","Georgia","6/8/20","194","20","13087","10.31"
"DeKalb","37","4054","Georgia","6/8/20","3795","259","13089","6.82"
"Dodge","0","53","Georgia","6/8/20","52","1","13091","1.92"
"Dooly","1","191","Georgia","6/8/20","182","9","13093","4.95"
"Dougherty","4","1806","Georgia","6/8/20","1780","26","13095","1.46"
"Douglas","8","601","Georgia","6/8/20","546","55","13097","10.07"
"Early","1","249","Georgia","6/8/20","241","8","13099","3.32"
"Echols","4","146","Georgia","6/8/20","119","27","13101","22.69"
"Effingham","1","78","Georgia","6/8/20","74","4","13103","5.41"
"Elbert","1","82","Georgia","6/8/20","75","7","13105","9.33"
"Emanuel","0","31","Georgia","6/8/20","28","3","13107","10.71"
"Evans","0","6","Georgia","6/8/20","5","1","13109","20"
"Fannin","1","55","Georgia","6/8/20","46","9","13111","19.57"
"Fayette","2","247","Georgia","6/8/20","235","12","13113","5.11"
"Floyd","8","326","Georgia","6/8/20","268","58","13115","21.64"
"Forsyth","5","556","Georgia","6/8/20","523","33","13117","6.31"
"Franklin","5","134","Georgia","6/8/20","102","32","13119","31.37"
"Fulton","38","4887","Georgia","6/8/20","4621","266","13121","5.76"
"Gilmer","1","160","Georgia","6/8/20","155","5","13123","3.23"
"Glascock","0","1","Georgia","6/8/20","1","0","13125","0"
"Glynn","5","157","Georgia","6/8/20","122","35","13127","28.69"
"Gordon","6","203","Georgia","6/8/20","164","39","13129","23.78"
"Grady","1","120","Georgia","6/8/20","111","9","13131","8.11"
"Greene","2","80","Georgia","6/8/20","68","12","13133","17.65"
"Gwinnett","104","4598","Georgia","6/8/20","3870","728","13135","18.81"
"Habersham","5","562","Georgia","6/8/20","530","32","13137","6.04"
"Hall","19","2642","Georgia","6/8/20","2507","135","13139","5.38"
"Hancock","0","199","Georgia","6/8/20","197","2","13141","1.02"
"Haralson","1","52","Georgia","6/8/20","45","7","13143","15.56"
"Harris","4","130","Georgia","6/8/20","101","29","13145","28.71"
"Hart","1","40","Georgia","6/8/20","33","7","13147","21.21"
"Heard","0","36","Georgia","6/8/20","34","2","13149","5.88"
"Henry","11","767","Georgia","6/8/20","693","74","13151","10.68"
"Houston","4","402","Georgia","6/8/20","375","27","13153","7.2"
"Irwin","1","34","Georgia","6/8/20","30","4","13155","13.33"
"Jackson","5","232","Georgia","6/8/20","195","37","13157","18.97"
"Jasper","1","49","Georgia","6/8/20","40","9","13159","22.5"
"Jeff Davis","1","46","Georgia","6/8/20","37","9","13161","24.32"
"Jefferson","1","51","Georgia","6/8/20","43","8","13163","18.6"
"Jenkins","1","29","Georgia","6/8/20","20","9","13165","45"
"Johnson","0","83","Georgia","6/8/20","83","0","13167","0"
"Jones","1","49","Georgia","6/8/20","40","9","13169","22.5"
"Lamar","1","76","Georgia","6/8/20","71","5","13171","7.04"
"Lanier","1","32","Georgia","6/8/20","25","7","13173","28"
"Laurens","1","112","Georgia","6/8/20","108","4","13175","3.7"
"Lee","1","367","Georgia","6/8/20","361","6","13177","1.66"
"Liberty","1","87","Georgia","6/8/20","82","5","13179","6.1"
"Lincoln","0","16","Georgia","6/8/20","16","0","13181","0"
"Long","0","17","Georgia","6/8/20","16","1","13183","6.25"
"Lowndes","21","461","Georgia","6/8/20","316","145","13185","45.89"
"Lumpkin","1","103","Georgia","6/8/20","99","4","13187","4.04"
"Macon","1","106","Georgia","6/8/20","102","4","13193","3.92"
"Madison","1","65","Georgia","6/8/20","55","10","13195","18.18"
"Marion","0","59","Georgia","6/8/20","57","2","13197","3.51"
"McDuffie","1","72","Georgia","6/8/20","67","5","13189","7.46"
"McIntosh","0","15","Georgia","6/8/20","16","-1","13191","-6.25"
"Meriwether","3","109","Georgia","6/8/20","86","23","13199","26.74"
"Miller","0","42","Georgia","6/8/20","42","0","13201","0"
"Mitchell","1","419","Georgia","6/8/20","413","6","13205","1.45"
"Monroe","0","123","Georgia","6/8/20","121","2","13207","1.65"
"Montgomery","0","13","Georgia","6/8/20","10","3","13209","30"
"Morgan","0","39","Georgia","6/8/20","38","1","13211","2.63"
"Murray","2","110","Georgia","6/8/20","94","16","13213","17.02"
"Muscogee","25","808","Georgia","6/8/20","632","176","13215","27.85"
"Newton","5","395","Georgia","6/8/20","361","34","13217","9.42"
"Oconee","1","125","Georgia","6/8/20","116","9","13219","7.76"
"Oglethorpe","1","67","Georgia","6/8/20","62","5","13221","8.06"
"Out of GA","51","2502","Georgia","6/8/20","2142","360","80013","16.81"
"Paulding","4","354","Georgia","6/8/20","328","26","13223","7.93"
"Peach","1","78","Georgia","6/8/20","73","5","13225","6.85"
"Pickens","1","52","Georgia","6/8/20","48","4","13227","8.33"
"Pierce","3","119","Georgia","6/8/20","99","20","13229","20.2"
"Pike","1","62","Georgia","6/8/20","54","8","13231","14.81"
"Polk","3","145","Georgia","6/8/20","124","21","13233","16.94"
"Pulaski","0","45","Georgia","6/8/20","42","3","13235","7.14"
"Putnam","1","100","Georgia","6/8/20","93","7","13237","7.53"
"Quitman","0","14","Georgia","6/8/20","12","2","13239","16.67"
"Rabun","0","26","Georgia","6/8/20","24","2","13241","8.33"
"Randolph","1","183","Georgia","6/8/20","179","4","13243","2.23"
"Richmond","7","645","Georgia","6/8/20","599","46","13245","7.68"
"Rockdale","4","314","Georgia","6/8/20","285","29","13247","10.18"
"Schley","0","18","Georgia","6/8/20","17","1","13249","5.88"
"Screven","0","58","Georgia","6/8/20","55","3","13251","5.45"
"Seminole","0","46","Georgia","6/8/20","46","0","13253","0"
"Spalding","3","296","Georgia","6/8/20","277","19","13255","6.86"
"Stephens","0","145","Georgia","6/8/20","147","-2","13257","-1.36"
"Stewart","1","57","Georgia","6/8/20","52","5","13259","9.62"
"Sumter","1","496","Georgia","6/8/20","487","9","13261","1.85"
"Talbot","0","41","Georgia","6/8/20","39","2","13263","5.13"
"Taliaferro","0","1","Georgia","6/8/20","1","0","13265","0"
"Tattnall","1","32","Georgia","6/8/20","27","5","13267","18.52"
"Taylor","0","23","Georgia","6/8/20","22","1","13269","4.55"
"Telfair","0","38","Georgia","6/8/20","37","1","13271","2.7"
"Terrell","1","217","Georgia","6/8/20","213","4","13273","1.88"
"Thomas","4","357","Georgia","6/8/20","329","28","13275","8.51"
"Tift","8","320","Georgia","6/8/20","266","54","13277","20.3"
"Toombs","2","68","Georgia","6/8/20","56","12","13279","21.43"
"Towns","1","30","Georgia","6/8/20","24","6","13281","25"
"Treutlen","1","14","Georgia","6/8/20","10","4","13283","40"
"Troup","18","446","Georgia","6/8/20","318","128","13285","40.25"
"Turner","2","140","Georgia","6/8/20","125","15","13287","12"
"Twiggs","0","19","Georgia","6/8/20","17","2","13289","11.76"
"Union","0","49","Georgia","6/8/20","46","3","13291","6.52"
"Upson","1","290","Georgia","6/8/20","283","7","13293","2.47"
"Walker","4","195","Georgia","6/8/20","168","27","13295","16.07"
"Walton","5","303","Georgia","6/8/20","265","38","13297","14.34"
"Ware","3","249","Georgia","6/8/20","228","21","13299","9.21"
"Warren","0","18","Georgia","6/8/20","18","0","13301","0"
"Washington","0","75","Georgia","6/8/20","74","1","13303","1.35"
"Wayne","1","26","Georgia","6/8/20","20","6","13305","30"
"Webster","0","14","Georgia","6/8/20","13","1","13307","7.69"
"Wheeler","0","14","Georgia","6/8/20","13","1","13309","7.69"
"White","2","114","Georgia","6/8/20","103","11","13311","10.68"
"Whitfield","16","504","Georgia","6/8/20","391","113","13313","28.9"
"Wilcox","0","117","Georgia","6/8/20","116","1","13315","0.86"
"Wilkes","0","34","Georgia","6/8/20","33","1","13317","3.03"
"Wilkinson","0","71","Georgia","6/8/20","69","2","13319","2.9"
"Worth","3","240","Georgia","6/8/20","222","18","13321","8.11"
"","0","103","Grand Princess","6/8/20","103","0",,"0"
"","1","179","Guam","6/8/20","175","4",,"2.29"
"Hawaii","0","81","Hawaii","6/8/20","81","0","15001","0"
"Honolulu","3","442","Hawaii","6/8/20","421","21","15003","4.99"
"Kauai","0","21","Hawaii","6/8/20","20","1","15007","5"
"Maui","0","120","Hawaii","6/8/20","120","0","15009","0"
"Out of HI","0","12","Hawaii","6/8/20","10","2","80015","20"
"Ada","5","844","Idaho","6/8/20","812","32","16001","3.94"
"Adams","0","3","Idaho","6/8/20","3","0","16003","0"
"Bannock","3","49","Idaho","6/8/20","28","21","16005","75"
"Benewah","1","18","Idaho","6/8/20","8","10","16009","125"
"Bingham","2","22","Idaho","6/8/20","6","16","16011","266.67"
"Blaine","0","514","Idaho","6/8/20","512","2","16013","0.39"
"Bonner","0","6","Idaho","6/8/20","6","0","16017","0"
"Bonneville","2","64","Idaho","6/8/20","47","17","16019","36.17"
"Camas","0","1","Idaho","6/8/20","1","0","16025","0"
"Canyon","6","345","Idaho","6/8/20","303","42","16027","13.86"
"Caribou","0","3","Idaho","6/8/20","1","2","16029","200"
"Cassia","8","117","Idaho","6/8/20","63","54","16031","85.71"
"Custer","0","2","Idaho","6/8/20","2","0","16037","0"
"Elmore","0","32","Idaho","6/8/20","31","1","16039","3.23"
"Franklin","1","9","Idaho","6/8/20","2","7","16041","350"
"Fremont","0","4","Idaho","6/8/20","3","1","16043","33.33"
"Gem","0","17","Idaho","6/8/20","17","0","16045","0"
"Gooding","1","57","Idaho","6/8/20","47","10","16047","21.28"
"Idaho","0","3","Idaho","6/8/20","3","0","16049","0"
"Jefferson","0","9","Idaho","6/8/20","7","2","16051","28.57"
"Jerome","4","198","Idaho","6/8/20","169","29","16053","17.16"
"Kootenai","2","85","Idaho","6/8/20","68","17","16055","25"
"Latah","0","7","Idaho","6/8/20","7","0","16057","0"
"Lemhi","0","1","Idaho","6/8/20","1","0","16059","0"
"Lincoln","0","34","Idaho","6/8/20","33","1","16063","3.03"
"Madison","1","27","Idaho","6/8/20","21","6","16065","28.57"
"Minidoka","4","78","Idaho","6/8/20","50","28","16067","56"
"Nez Perce","0","83","Idaho","6/8/20","82","1","16069","1.22"
"Owyhee","0","8","Idaho","6/8/20","8","0","16073","0"
"Payette","0","26","Idaho","6/8/20","23","3","16075","13.04"
"Power","0","7","Idaho","6/8/20","5","2","16077","40"
"Teton","0","11","Idaho","6/8/20","11","0","16081","0"
"Twin Falls","5","456","Idaho","6/8/20","419","37","16083","8.83"
"Valley","0","3","Idaho","6/8/20","2","1","16085","50"
"Washington","1","46","Idaho","6/8/20","38","8","16087","21.05"
"Adams","0","45","Illinois","6/8/20","44","1","17001","2.27"
"Alexander","1","15","Illinois","6/8/20","8","7","17003","87.5"
"Bond","0","12","Illinois","6/8/20","12","0","17005","0"
"Boone","6","506","Illinois","6/8/20","463","43","17007","9.29"
"Brown","0","10","Illinois","6/8/20","10","0","17009","0"
"Bureau","1","21","Illinois","6/8/20","15","6","17011","40"
"Calhoun","0","1","Illinois","6/8/20","1","0","17013","0"
"Carroll","0","18","Illinois","6/8/20","15","3","17015","20"
"Cass","0","74","Illinois","6/8/20","73","1","17017","1.37"
"Champaign","7","691","Illinois","6/8/20","645","46","17019","7.13"
"Christian","0","35","Illinois","6/8/20","35","0","17021","0"
"Clark","0","12","Illinois","6/8/20","11","1","17023","9.09"
"Clay","0","2","Illinois","6/8/20","2","0","17025","0"
"Clinton","1","193","Illinois","6/8/20","186","7","17027","3.76"
"Coles","2","139","Illinois","6/8/20","127","12","17029","9.45"
"Cook","618","82819","Illinois","6/8/20","78495","4324","17031","5.51"
"Crawford","0","11","Illinois","6/8/20","11","0","17033","0"
"Cumberland","0","10","Illinois","6/8/20","10","0","17035","0"
"De Witt","0","4","Illinois","6/8/20","4","0","17039","0"
"DeKalb","5","456","Illinois","6/8/20","418","38","17037","9.09"
"Douglas","0","29","Illinois","6/8/20","28","1","17041","3.57"
"DuPage","56","8157","Illinois","6/8/20","7765","392","17043","5.05"
"Edgar","0","1","Illinois","6/8/20","1","0","17045","0"
"Edwards","0","2","Illinois","6/8/20","2","0","17047","0"
"Effingham","0","8","Illinois","6/8/20","7","1","17049","14.29"
"Fayette","0","21","Illinois","6/8/20","21","0","17051","0"
"Ford","0","21","Illinois","6/8/20","20","1","17053","5"
"Franklin","0","12","Illinois","6/8/20","12","0","17055","0"
"Fulton","0","12","Illinois","6/8/20","11","1","17057","9.09"
"Gallatin","0","2","Illinois","6/8/20","2","0","17059","0"
"Greene","0","6","Illinois","6/8/20","5","1","17061","20"
"Grundy","4","124","Illinois","6/8/20","99","25","17063","25.25"
"Hamilton","0","2","Illinois","6/8/20","2","0","17065","0"
"Hancock","0","18","Illinois","6/8/20","17","1","17067","5.88"
"Hardin","0","1","Illinois","6/8/20","1","0","17069","0"
"Henderson","0","8","Illinois","6/8/20","8","0","17071","0"
"Henry","0","71","Illinois","6/8/20","69","2","17073","2.9"
"Iroquois","1","136","Illinois","6/8/20","132","4","17075","3.03"
"Jackson","2","301","Illinois","6/8/20","289","12","17077","4.15"
"Jasper","0","46","Illinois","6/8/20","45","1","17079","2.22"
"Jefferson","0","101","Illinois","6/8/20","101","0","17081","0"
"Jersey","0","25","Illinois","6/8/20","24","1","17083","4.17"
"Jo Daviess","0","34","Illinois","6/8/20","32","2","17085","6.25"
"Johnson","0","12","Illinois","6/8/20","9","3","17087","33.33"
"Kane","64","6850","Illinois","6/8/20","6404","446","17089","6.96"
"Kankakee","13","1004","Illinois","6/8/20","915","89","17091","9.73"
"Kendall","7","850","Illinois","6/8/20","804","46","17093","5.72"
"Knox","1","105","Illinois","6/8/20","101","4","17095","3.96"
"Lake","57","8808","Illinois","6/8/20","8408","400","17097","4.76"
"LaSalle","2","166","Illinois","6/8/20","153","13","17099","8.5"
"Lawrence","0","4","Illinois","6/8/20","4","0","17101","0"
"Lee","1","89","Illinois","6/8/20","81","8","17103","9.88"
"Livingston","0","36","Illinois","6/8/20","34","2","17105","5.88"
"Logan","0","10","Illinois","6/8/20","11","-1","17107","-9.09"
"Macon","1","203","Illinois","6/8/20","194","9","17115","4.64"
"Macoupin","0","46","Illinois","6/8/20","45","1","17117","2.22"
"Madison","7","642","Illinois","6/8/20","594","48","17119","8.08"
"Marion","1","55","Illinois","6/8/20","50","5","17121","10"
"Marshall","0","5","Illinois","6/8/20","5","0","17123","0"
"Mason","0","18","Illinois","6/8/20","18","0","17125","0"
"Massac","0","7","Illinois","6/8/20","7","0","17127","0"
"McDonough","0","92","Illinois","6/8/20","89","3","17109","3.37"
"McHenry","21","1733","Illinois","6/8/20","1585","148","17111","9.34"
"McLean","1","228","Illinois","6/8/20","220","8","17113","3.64"
"Menard","0","22","Illinois","6/8/20","20","2","17129","10"
"Mercer","0","18","Illinois","6/8/20","17","1","17131","5.88"
"Monroe","1","104","Illinois","6/8/20","96","8","17133","8.33"
"Montgomery","0","41","Illinois","6/8/20","39","2","17135","5.13"
"Morgan","2","47","Illinois","6/8/20","36","11","17137","30.56"
"Moultrie","0","13","Illinois","6/8/20","11","2","17139","18.18"
"Ogle","2","223","Illinois","6/8/20","211","12","17141","5.69"
"Out of IL","-1","114","Illinois","6/8/20","118","-4","80017","-3.39"
"Peoria","12","324","Illinois","6/8/20","238","86","17143","36.13"
"Perry","0","42","Illinois","6/8/20","41","1","17145","2.44"
"Piatt","0","12","Illinois","6/8/20","11","1","17147","9.09"
"Pike","0","1","Illinois","6/8/20","1","0","17149","0"
"Pope","0","1","Illinois","6/8/20","1","0","17151","0"
"Pulaski","1","61","Illinois","6/8/20","56","5","17153","8.93"
"Putnam","0","1","Illinois","6/8/20","1","0","17155","0"
"Randolph","1","276","Illinois","6/8/20","269","7","17157","2.6"
"Richland","0","4","Illinois","6/8/20","3","1","17159","33.33"
"Rock Island","8","717","Illinois","6/8/20","661","56","17161","8.47"
"Saline","0","7","Illinois","6/8/20","7","0","17165","0"
"Sangamon","2","364","Illinois","6/8/20","350","14","17167","4"
"Schuyler","0","13","Illinois","6/8/20","13","0","17169","0"
"Shelby","0","16","Illinois","6/8/20","16","0","17173","0"
"St. Clair","24","1319","Illinois","6/8/20","1152","167","17163","14.5"
"Stark","0","3","Illinois","6/8/20","3","0","17175","0"
"Stephenson","1","219","Illinois","6/8/20","209","10","17177","4.78"
"Tazewell","1","81","Illinois","6/8/20","73","8","17179","10.96"
"Union","2","170","Illinois","6/8/20","155","15","17181","9.68"
"Vermilion","0","42","Illinois","6/8/20","40","2","17183","5"
"Wabash","1","12","Illinois","6/8/20","5","7","17185","140"
"Warren","1","127","Illinois","6/8/20","117","10","17187","8.55"
"Washington","0","20","Illinois","6/8/20","18","2","17189","11.11"
"Wayne","0","9","Illinois","6/8/20","9","0","17191","0"
"White","0","2","Illinois","6/8/20","2","0","17193","0"
"Whiteside","2","156","Illinois","6/8/20","142","14","17195","9.86"
"Will","43","5917","Illinois","6/8/20","5613","304","17197","5.42"
"Williamson","1","77","Illinois","6/8/20","67","10","17199","14.93"
"Winnebago","41","2576","Illinois","6/8/20","2290","286","17201","12.49"
"Woodford","0","22","Illinois","6/8/20","21","1","17203","4.76"
"Adams","1","22","Indiana","6/8/20","17","5","18001","29.41"
"Allen","33","1896","Indiana","6/8/20","1662","234","18003","14.08"
"Bartholomew","3","536","Indiana","6/8/20","515","21","18005","4.08"
"Benton","0","33","Indiana","6/8/20","31","2","18007","6.45"
"Blackford","0","29","Indiana","6/8/20","26","3","18009","11.54"
"Boone","2","332","Indiana","6/8/20","315","17","18011","5.4"
"Brown","0","34","Indiana","6/8/20","33","1","18013","3.03"
"Carroll","0","96","Indiana","6/8/20","93","3","18015","3.23"
"Cass","1","1593","Indiana","6/8/20","1587","6","18017","0.38"
"Clark","6","549","Indiana","6/8/20","505","44","18019","8.71"
"Clay","0","53","Indiana","6/8/20","51","2","18021","3.92"
"Clinton","3","252","Indiana","6/8/20","233","19","18023","8.15"
"Crawford","0","27","Indiana","6/8/20","24","3","18025","12.5"
"Daviess","3","110","Indiana","6/8/20","92","18","18027","19.57"
"Dearborn","1","175","Indiana","6/8/20","168","7","18029","4.17"
"Decatur","1","234","Indiana","6/8/20","224","10","18031","4.46"
"DeKalb","5","69","Indiana","6/8/20","37","32","18033","86.49"
"Delaware","2","400","Indiana","6/8/20","385","15","18035","3.9"
"Dubois","4","230","Indiana","6/8/20","199","31","18037","15.58"
"Elkhart","60","1741","Indiana","6/8/20","1322","419","18039","31.69"
"Fayette","0","80","Indiana","6/8/20","78","2","18041","2.56"
"Floyd","1","328","Indiana","6/8/20","318","10","18043","3.14"
"Fountain","0","23","Indiana","6/8/20","21","2","18045","9.52"
"Franklin","1","117","Indiana","6/8/20","110","7","18047","6.36"
"Fulton","0","51","Indiana","6/8/20","49","2","18049","4.08"
"Gibson","0","20","Indiana","6/8/20","17","3","18051","17.65"
"Grant","4","240","Indiana","6/8/20","213","27","18053","12.68"
"Greene","1","175","Indiana","6/8/20","169","6","18055","3.55"
"Hamilton","7","1209","Indiana","6/8/20","1162","47","18057","4.04"
"Hancock","4","366","Indiana","6/8/20","340","26","18059","7.65"
"Harrison","0","197","Indiana","6/8/20","194","3","18061","1.55"
"Hendricks","7","1219","Indiana","6/8/20","1171","48","18063","4.1"
"Henry","1","189","Indiana","6/8/20","184","5","18065","2.72"
"Howard","4","446","Indiana","6/8/20","415","31","18067","7.47"
"Huntington","2","44","Indiana","6/8/20","28","16","18069","57.14"
"Jackson","2","404","Indiana","6/8/20","392","12","18071","3.06"
"Jasper","1","76","Indiana","6/8/20","68","8","18073","11.76"
"Jay","1","59","Indiana","6/8/20","53","6","18075","11.32"
"Jefferson","1","51","Indiana","6/8/20","45","6","18077","13.33"
"Jennings","0","133","Indiana","6/8/20","130","3","18079","2.31"
"Johnson","3","1139","Indiana","6/8/20","1115","24","18081","2.15"
"Knox","1","33","Indiana","6/8/20","28","5","18083","17.86"
"Kosciusko","12","232","Indiana","6/8/20","150","82","18085","54.67"
"LaGrange","12","171","Indiana","6/8/20","84","87","18087","103.57"
"Lake","46","3959","Indiana","6/8/20","3639","320","18089","8.79"
"LaPorte","3","460","Indiana","6/8/20","438","22","18091","5.02"
"Lawrence","1","172","Indiana","6/8/20","165","7","18093","4.24"
"Madison","2","605","Indiana","6/8/20","593","12","18095","2.02"
"Marion","65","10358","Indiana","6/8/20","9900","458","18097","4.63"
"Marshall","17","227","Indiana","6/8/20","111","116","18099","104.5"
"Martin","1","15","Indiana","6/8/20","11","4","18101","36.36"
"Miami","2","151","Indiana","6/8/20","140","11","18103","7.86"
"Monroe","1","176","Indiana","6/8/20","166","10","18105","6.02"
"Montgomery","1","254","Indiana","6/8/20","245","9","18107","3.67"
"Morgan","2","291","Indiana","6/8/20","280","11","18109","3.93"
"Newton","0","81","Indiana","6/8/20","78","3","18111","3.85"
"Noble","9","299","Indiana","6/8/20","237","62","18113","26.16"
"Ohio","0","13","Indiana","6/8/20","13","0","18115","0"
"Orange","0","132","Indiana","6/8/20","130","2","18117","1.54"
"Owen","0","36","Indiana","6/8/20","35","1","18119","2.86"
"Parke","0","19","Indiana","6/8/20","18","1","18121","5.56"
"Perry","2","44","Indiana","6/8/20","33","11","18123","33.33"
"Pike","0","6","Indiana","6/8/20","6","0","18125","0"
"Porter","4","574","Indiana","6/8/20","543","31","18127","5.71"
"Posey","0","16","Indiana","6/8/20","16","0","18129","0"
"Pulaski","1","51","Indiana","6/8/20","46","5","18131","10.87"
"Putnam","1","144","Indiana","6/8/20","137","7","18133","5.11"
"Randolph","1","55","Indiana","6/8/20","48","7","18135","14.58"
"Ripley","0","109","Indiana","6/8/20","109","0","18137","0"
"Rush","0","49","Indiana","6/8/20","47","2","18139","4.26"
"Scott","1","129","Indiana","6/8/20","120","9","18143","7.5"
"Shelby","4","401","Indiana","6/8/20","373","28","18145","7.51"
"Spencer","0","22","Indiana","6/8/20","20","2","18147","10"
"St. Joseph","19","1418","Indiana","6/8/20","1286","132","18141","10.26"
"Starke","1","46","Indiana","6/8/20","39","7","18149","17.95"
"Steuben","2","95","Indiana","6/8/20","84","11","18151","13.1"
"Sullivan","0","39","Indiana","6/8/20","36","3","18153","8.33"
"Switzerland","0","21","Indiana","6/8/20","20","1","18155","5"
"Tippecanoe","6","456","Indiana","6/8/20","414","42","18157","10.14"
"Tipton","0","26","Indiana","6/8/20","25","1","18159","4"
"Union","0","12","Indiana","6/8/20","9","3","18161","33.33"
"Vanderburgh","3","303","Indiana","6/8/20","282","21","18163","7.45"
"Vermillion","0","10","Indiana","6/8/20","10","0","18165","0"
"Vigo","4","196","Indiana","6/8/20","169","27","18167","15.98"
"Wabash","1","84","Indiana","6/8/20","79","5","18169","6.33"
"Warren","0","13","Indiana","6/8/20","12","1","18171","8.33"
"Warrick","0","167","Indiana","6/8/20","166","1","18173","0.6"
"Washington","0","52","Indiana","6/8/20","52","0","18175","0"
"Wayne","1","90","Indiana","6/8/20","85","5","18177","5.88"
"Wells","1","40","Indiana","6/8/20","32","8","18179","25"
"White","1","243","Indiana","6/8/20","237","6","18181","2.53"
"Whitley","1","51","Indiana","6/8/20","43","8","18183","18.6"
"Adair","0","9","Iowa","6/8/20","9","0","19001","0"
"Adams","0","7","Iowa","6/8/20","7","0","19003","0"
"Allamakee","0","120","Iowa","6/8/20","120","0","19005","0"
"Appanoose","0","16","Iowa","6/8/20","14","2","19007","14.29"
"Audubon","0","13","Iowa","6/8/20","12","1","19009","8.33"
"Benton","0","45","Iowa","6/8/20","43","2","19011","4.65"
"Black Hawk","8","1801","Iowa","6/8/20","1747","54","19013","3.09"
"Boone","2","78","Iowa","6/8/20","65","13","19015","20"
"Bremer","1","74","Iowa","6/8/20","69","5","19017","7.25"
"Buchanan","0","34","Iowa","6/8/20","33","1","19019","3.03"
"Buena Vista","57","1212","Iowa","6/8/20","810","402","19021","49.63"
"Butler","0","16","Iowa","6/8/20","17","-1","19023","-5.88"
"Calhoun","2","13","Iowa","6/8/20","2","11","19025","550"
"Carroll","1","17","Iowa","6/8/20","11","6","19027","54.55"
"Cass","0","13","Iowa","6/8/20","12","1","19029","8.33"
"Cedar","1","53","Iowa","6/8/20","48","5","19031","10.42"
"Cerro Gordo","0","32","Iowa","6/8/20","29","3","19033","10.34"
"Cherokee","2","45","Iowa","6/8/20","31","14","19035","45.16"
"Chickasaw","1","15","Iowa","6/8/20","10","5","19037","50"
"Clarke","3","75","Iowa","6/8/20","56","19","19039","33.93"
"Clay","2","34","Iowa","6/8/20","17","17","19041","100"
"Clayton","0","34","Iowa","6/8/20","34","0","19043","0"
"Clinton","0","67","Iowa","6/8/20","64","3","19045","4.69"
"Crawford","7","575","Iowa","6/8/20","528","47","19047","8.9"
"Dallas","6","961","Iowa","6/8/20","916","45","19049","4.91"
"Davis","1","29","Iowa","6/8/20","23","6","19051","26.09"
"Decatur","0","3","Iowa","6/8/20","1","2","19053","200"
"Delaware","0","20","Iowa","6/8/20","17","3","19055","17.65"
"Des Moines","0","68","Iowa","6/8/20","65","3","19057","4.62"
"Dickinson","6","60","Iowa","6/8/20","21","39","19059","185.71"
"Dubuque","3","367","Iowa","6/8/20","346","21","19061","6.07"
"Emmet","2","32","Iowa","6/8/20","16","16","19063","100"
"Fayette","0","28","Iowa","6/8/20","27","1","19065","3.7"
"Floyd","0","19","Iowa","6/8/20","19","0","19067","0"
"Franklin","3","32","Iowa","6/8/20","14","18","19069","128.57"
"Fremont","0","4","Iowa","6/8/20","4","0","19071","0"
"Greene","0","14","Iowa","6/8/20","13","1","19073","7.69"
"Grundy","0","20","Iowa","6/8/20","20","0","19075","0"
"Guthrie","1","55","Iowa","6/8/20","51","4","19077","7.84"
"Hamilton","6","82","Iowa","6/8/20","43","39","19079","90.7"
"Hancock","1","22","Iowa","6/8/20","16","6","19081","37.5"
"Hardin","2","33","Iowa","6/8/20","17","16","19083","94.12"
"Harrison","1","27","Iowa","6/8/20","23","4","19085","17.39"
"Henry","0","73","Iowa","6/8/20","71","2","19087","2.82"
"Howard","0","12","Iowa","6/8/20","12","0","19089","0"
"Humboldt","1","23","Iowa","6/8/20","18","5","19091","27.78"
"Ida","0","15","Iowa","6/8/20","14","1","19093","7.14"
"Iowa","0","33","Iowa","6/8/20","33","0","19095","0"
"Jackson","0","14","Iowa","6/8/20","12","2","19097","16.67"
"Jasper","2","273","Iowa","6/8/20","260","13","19099","5"
"Jefferson","1","38","Iowa","6/8/20","30","8","19101","26.67"
"Johnson","2","625","Iowa","6/8/20","614","11","19103","1.79"
"Jones","0","37","Iowa","6/8/20","36","1","19105","2.78"
"Keokuk","0","15","Iowa","6/8/20","14","1","19107","7.14"
"Kossuth","1","16","Iowa","6/8/20","10","6","19109","60"
"Lee","1","31","Iowa","6/8/20","27","4","19111","14.81"
"Linn","6","994","Iowa","6/8/20","953","41","19113","4.3"
"Louisa","1","350","Iowa","6/8/20","345","5","19115","1.45"
"Lucas","1","22","Iowa","6/8/20","17","5","19117","29.41"
"Lyon","0","26","Iowa","6/8/20","24","2","19119","8.33"
"Madison","0","29","Iowa","6/8/20","29","0","19121","0"
"Mahaska","1","102","Iowa","6/8/20","95","7","19123","7.37"
"Marion","1","36","Iowa","6/8/20","32","4","19125","12.5"
"Marshall","5","928","Iowa","6/8/20","896","32","19127","3.57"
"Mills","0","21","Iowa","6/8/20","19","2","19129","10.53"
"Mitchell","0","4","Iowa","6/8/20","4","0","19131","0"
"Monona","0","27","Iowa","6/8/20","25","2","19133","8"
"Monroe","1","44","Iowa","6/8/20","38","6","19135","15.79"
"Montgomery","0","9","Iowa","6/8/20","8","1","19137","12.5"
"Muscatine","1","566","Iowa","6/8/20","557","9","19139","1.62"
"O'Brien","3","54","Iowa","6/8/20","30","24","19141","80"
"Osceola","1","41","Iowa","6/8/20","34","7","19143","20.59"
"Page","0","16","Iowa","6/8/20","14","2","19145","14.29"
"Palo Alto","0","8","Iowa","6/8/20","7","1","19147","14.29"
"Plymouth","5","169","Iowa","6/8/20","133","36","19149","27.07"
"Pocahontas","1","21","Iowa","6/8/20","13","8","19151","61.54"
"Polk","83","4820","Iowa","6/8/20","4236","584","19153","13.79"
"Pottawattamie","15","372","Iowa","6/8/20","269","103","19155","38.29"
"Poweshiek","1","94","Iowa","6/8/20","90","4","19157","4.44"
"Ringgold","0","4","Iowa","6/8/20","4","0","19159","0"
"Sac","2","31","Iowa","6/8/20","20","11","19161","55"
"Scott","5","393","Iowa","6/8/20","361","32","19163","8.86"
"Shelby","0","39","Iowa","6/8/20","37","2","19165","5.41"
"Sioux","5","321","Iowa","6/8/20","283","38","19167","13.43"
"Story","6","155","Iowa","6/8/20","116","39","19169","33.62"
"Tama","2","417","Iowa","6/8/20","403","14","19171","3.47"
"Taylor","2","68","Iowa","6/8/20","56","12","19173","21.43"
"Union","0","11","Iowa","6/8/20","9","2","19175","22.22"
"Van Buren","0","10","Iowa","6/8/20","9","1","19177","11.11"
"Wapello","8","654","Iowa","6/8/20","597","57","19179","9.55"
"Warren","5","173","Iowa","6/8/20","135","38","19181","28.15"
"Washington","2","200","Iowa","6/8/20","189","11","19183","5.82"
"Wayne","0","2","Iowa","6/8/20","1","1","19185","100"
"Webster","6","82","Iowa","6/8/20","42","40","19187","95.24"
"Winnebago","0","12","Iowa","6/8/20","11","1","19189","9.09"
"Winneshiek","0","24","Iowa","6/8/20","24","0","19191","0"
"Woodbury","24","2927","Iowa","6/8/20","2761","166","19193","6.01"
"Worth","0","4","Iowa","6/8/20","3","1","19195","33.33"
"Wright","9","244","Iowa","6/8/20","178","66","19197","37.08"
"Allen","0","1","Kansas","6/8/20","1","0","20001","0"
"Anderson","0","1","Kansas","6/8/20","1","0","20003","0"
"Atchison","0","24","Kansas","6/8/20","23","1","20005","4.35"
"Barber","0","1","Kansas","6/8/20","1","0","20007","0"
"Barton","0","46","Kansas","6/8/20","44","2","20009","4.55"
"Bourbon","0","8","Kansas","6/8/20","7","1","20011","14.29"
"Brown","0","9","Kansas","6/8/20","6","3","20013","50"
"Butler","0","37","Kansas","6/8/20","34","3","20015","8.82"
"Chase","0","3","Kansas","6/8/20","4","-1","20017","-25"
"Chautauqua","0","4","Kansas","6/8/20","4","0","20019","0"
"Cherokee","0","10","Kansas","6/8/20","10","0","20021","0"
"Cheyenne","0","2","Kansas","6/8/20","2","0","20023","0"
"Clark","0","33","Kansas","6/8/20","33","0","20025","0"
"Clay","0","5","Kansas","6/8/20","5","0","20027","0"
"Cloud","0","5","Kansas","6/8/20","5","0","20029","0"
"Coffey","0","52","Kansas","6/8/20","50","2","20031","4"
"Comanche","0","2","Kansas","6/8/20","2","0","20033","0"
"Cowley","2","26","Kansas","6/8/20","10","16","20035","160"
"Crawford","0","8","Kansas","6/8/20","8","0","20037","0"
"Dickinson","0","5","Kansas","6/8/20","4","1","20041","25"
"Doniphan","0","20","Kansas","6/8/20","17","3","20043","17.65"
"Douglas","1","74","Kansas","6/8/20","67","7","20045","10.45"
"Edwards","0","5","Kansas","6/8/20","5","0","20047","0"
"Ellis","0","10","Kansas","6/8/20","8","2","20051","25"
"Ellsworth","0","2","Kansas","6/8/20","2","0","20053","0"
"Finney","5","1536","Kansas","6/8/20","1502","34","20055","2.26"
"Ford","8","1840","Kansas","6/8/20","1787","53","20057","2.97"
"Franklin","0","38","Kansas","6/8/20","35","3","20059","8.57"
"Geary","1","26","Kansas","6/8/20","20","6","20061","30"
"Gove","0","1","Kansas","6/8/20","1","0","20063","0"
"Grant","0","18","Kansas","6/8/20","18","0","20067","0"
"Gray","0","23","Kansas","6/8/20","23","0","20069","0"
"Greenwood","0","9","Kansas","6/8/20","9","0","20073","0"
"Hamilton","1","23","Kansas","6/8/20","18","5","20075","27.78"
"Harper","0","2","Kansas","6/8/20","2","0","20077","0"
"Harvey","0","11","Kansas","6/8/20","11","0","20079","0"
"Haskell","0","22","Kansas","6/8/20","21","1","20081","4.76"
"Hodgeman","0","6","Kansas","6/8/20","5","1","20083","20"
"Jackson","0","103","Kansas","6/8/20","100","3","20085","3"
"Jefferson","0","23","Kansas","6/8/20","22","1","20087","4.55"
"Jewell","0","4","Kansas","6/8/20","4","0","20089","0"
"Johnson","15","948","Kansas","6/8/20","844","104","20091","12.32"
"Kearny","0","46","Kansas","6/8/20","45","1","20093","2.22"
"Kiowa","0","3","Kansas","6/8/20","2","1","20097","50"
"Labette","1","26","Kansas","6/8/20","22","4","20099","18.18"
"Lane","0","4","Kansas","6/8/20","3","1","20101","33.33"
"Leavenworth","1","1103","Kansas","6/8/20","1093","10","20103","0.91"
"Linn","0","11","Kansas","6/8/20","11","0","20107","0"
"Lyon","4","400","Kansas","6/8/20","372","28","20111","7.53"
"Marion","0","5","Kansas","6/8/20","5","0","20115","0"
"McPherson","1","33","Kansas","6/8/20","28","5","20113","17.86"
"Meade","0","30","Kansas","6/8/20","31","-1","20119","-3.23"
"Miami","0","7","Kansas","6/8/20","7","0","20121","0"
"Mitchell","0","4","Kansas","6/8/20","4","0","20123","0"
"Montgomery","0","20","Kansas","6/8/20","20","0","20125","0"
"Morris","0","5","Kansas","6/8/20","5","0","20127","0"
"Morton","0","6","Kansas","6/8/20","6","0","20129","0"
"Nemaha","0","19","Kansas","6/8/20","18","1","20131","5.56"
"Neosho","0","3","Kansas","6/8/20","2","1","20133","50"
"Ness","0","4","Kansas","6/8/20","3","1","20135","33.33"
"Norton","0","2","Kansas","6/8/20","2","0","20137","0"
"Osage","0","9","Kansas","6/8/20","7","2","20139","28.57"
"Osborne","0","2","Kansas","6/8/20","2","0","20141","0"
"Ottawa","0","4","Kansas","6/8/20","4","0","20143","0"
"Pawnee","1","4","Kansas","6/8/20","0","4","20145","1"
"Phillips","0","2","Kansas","6/8/20","2","0","20147","0"
"Pottawatomie","0","27","Kansas","6/8/20","25","2","20149","8"
"Pratt","0","2","Kansas","6/8/20","2","0","20151","0"
"Reno","0","46","Kansas","6/8/20","43","3","20155","6.98"
"Republic","0","4","Kansas","6/8/20","4","0","20157","0"
"Rice","0","4","Kansas","6/8/20","4","0","20159","0"
"Riley","1","71","Kansas","6/8/20","66","5","20161","7.58"
"Rooks","0","6","Kansas","6/8/20","6","0","20163","0"
"Saline","0","26","Kansas","6/8/20","25","1","20169","4"
"Scott","0","15","Kansas","6/8/20","14","1","20171","7.14"
"Sedgwick","8","660","Kansas","6/8/20","601","59","20173","9.82"
"Seward","3","900","Kansas","6/8/20","879","21","20175","2.39"
"Shawnee","9","384","Kansas","6/8/20","324","60","20177","18.52"
"Sheridan","0","2","Kansas","6/8/20","2","0","20179","0"
"Sherman","0","7","Kansas","6/8/20","7","0","20181","0"
"Smith","0","2","Kansas","6/8/20","2","0","20183","0"
"Stafford","0","1","Kansas","6/8/20","1","0","20185","0"
"Stanton","0","10","Kansas","6/8/20","10","0","20187","0"
"Stevens","0","30","Kansas","6/8/20","30","0","20189","0"
"Sumner","0","8","Kansas","6/8/20","8","0","20191","0"
"Trego","0","1","Kansas","6/8/20","1","0","20195","0"
"Wabaunsee","0","31","Kansas","6/8/20","31","0","20197","0"
"Wilson","0","1","Kansas","6/8/20","1","0","20205","0"
"Woodson","0","6","Kansas","6/8/20","6","0","20207","0"
"Wyandotte","23","1522","Kansas","6/8/20","1359","163","20209","11.99"
"Adair","0","98","Kentucky","6/8/20","97","1","21001","1.03"
"Allen","2","105","Kentucky","6/8/20","93","12","21003","12.9"
"Anderson","1","25","Kentucky","6/8/20","20","5","21005","25"
"Ballard","0","13","Kentucky","6/8/20","12","1","21007","8.33"
"Barren","1","55","Kentucky","6/8/20","47","8","21009","17.02"
"Bath","0","9","Kentucky","6/8/20","9","0","21011","0"
"Bell","0","2","Kentucky","6/8/20","1","1","21013","100"
"Boone","9","522","Kentucky","6/8/20","459","63","21015","13.73"
"Bourbon","1","16","Kentucky","6/8/20","11","5","21017","45.45"
"Boyd","0","42","Kentucky","6/8/20","40","2","21019","5"
"Boyle","0","28","Kentucky","6/8/20","25","3","21021","12"
"Bracken","0","14","Kentucky","6/8/20","13","1","21023","7.69"
"Breathitt","0","3","Kentucky","6/8/20","3","0","21025","0"
"Breckinridge","0","19","Kentucky","6/8/20","17","2","21027","11.76"
"Bullitt","1","121","Kentucky","6/8/20","115","6","21029","5.22"
"Butler","1","238","Kentucky","6/8/20","232","6","21031","2.59"
"Caldwell","0","12","Kentucky","6/8/20","12","0","21033","0"
"Calloway","0","55","Kentucky","6/8/20","52","3","21035","5.77"
"Campbell","2","198","Kentucky","6/8/20","182","16","21037","8.79"
"Carlisle","0","5","Kentucky","6/8/20","5","0","21039","0"
"Carroll","0","15","Kentucky","6/8/20","14","1","21041","7.14"
"Carter","1","17","Kentucky","6/8/20","12","5","21043","41.67"
"Casey","1","8","Kentucky","6/8/20","3","5","21045","166.67"
"Christian","2","127","Kentucky","6/8/20","111","16","21047","14.41"
"Clark","2","59","Kentucky","6/8/20","42","17","21049","40.48"
"Clay","0","10","Kentucky","6/8/20","7","3","21051","42.86"
"Clinton","0","5","Kentucky","6/8/20","4","1","21053","25"
"Crittenden","0","7","Kentucky","6/8/20","6","1","21055","16.67"
"Cumberland","0","5","Kentucky","6/8/20","5","0","21057","0"
"Daviess","3","342","Kentucky","6/8/20","324","18","21059","5.56"
"Edmonson","1","60","Kentucky","6/8/20","56","4","21061","7.14"
"Elliott","0","1","Kentucky","6/8/20","1","0","21063","0"
"Estill","0","1","Kentucky","6/8/20","0","1","21065","1"
"Fayette","20","902","Kentucky","6/8/20","760","142","21067","18.68"
"Fleming","0","2","Kentucky","6/8/20","3","-1","21069","-33.33"
"Floyd","0","17","Kentucky","6/8/20","16","1","21071","6.25"
"Franklin","6","81","Kentucky","6/8/20","38","43","21073","113.16"
"Fulton","1","12","Kentucky","6/8/20","7","5","21075","71.43"
"Gallatin","1","46","Kentucky","6/8/20","37","9","21077","24.32"
"Garrard","0","5","Kentucky","6/8/20","5","0","21079","0"
"Grant","1","51","Kentucky","6/8/20","42","9","21081","21.43"
"Graves","0","166","Kentucky","6/8/20","166","0","21083","0"
"Grayson","1","135","Kentucky","6/8/20","126","9","21085","7.14"
"Green","0","2","Kentucky","6/8/20","1","1","21087","100"
"Greenup","0","14","Kentucky","6/8/20","14","0","21089","0"
"Hancock","0","7","Kentucky","6/8/20","7","0","21091","0"
"Hardin","2","119","Kentucky","6/8/20","103","16","21093","15.53"
"Harlan","1","8","Kentucky","6/8/20","4","4","21095","100"
"Harrison","1","28","Kentucky","6/8/20","21","7","21097","33.33"
"Hart","0","27","Kentucky","6/8/20","24","3","21099","12.5"
"Henderson","1","119","Kentucky","6/8/20","111","8","21101","7.21"
"Henry","0","24","Kentucky","6/8/20","22","2","21103","9.09"
"Hickman","0","5","Kentucky","6/8/20","5","0","21105","0"
"Hopkins","0","224","Kentucky","6/8/20","222","2","21107","0.9"
"Jackson","0","61","Kentucky","6/8/20","61","0","21109","0"
"Jefferson","84","3104","Kentucky","6/8/20","2519","585","21111","23.22"
"Jessamine","1","73","Kentucky","6/8/20","65","8","21113","12.31"
"Johnson","0","5","Kentucky","6/8/20","5","0","21115","0"
"Kenton","10","680","Kentucky","6/8/20","608","72","21117","11.84"
"Knott","0","4","Kentucky","6/8/20","4","0","21119","0"
"Knox","0","10","Kentucky","6/8/20","8","2","21121","25"
"Larue","0","11","Kentucky","6/8/20","8","3","21123","37.5"
"Laurel","0","22","Kentucky","6/8/20","21","1","21125","4.76"
"Lawrence","0","5","Kentucky","6/8/20","3","2","21127","66.67"
"Lee","0","1","Kentucky","6/8/20","1","0","21129","0"
"Leslie","0","6","Kentucky","6/8/20","6","0","21131","0"
"Letcher","0","3","Kentucky","6/8/20","4","-1","21133","-25"
"Lewis","0","7","Kentucky","6/8/20","7","0","21135","0"
"Lincoln","0","11","Kentucky","6/8/20","8","3","21137","37.5"
"Livingston","0","9","Kentucky","6/8/20","9","0","21139","0"
"Logan","3","170","Kentucky","6/8/20","150","20","21141","13.33"
"Lyon","0","17","Kentucky","6/8/20","15","2","21143","13.33"
"Madison","1","61","Kentucky","6/8/20","55","6","21151","10.91"
"Magoffin","0","2","Kentucky","6/8/20","2","0","21153","0"
"Marion","2","34","Kentucky","6/8/20","21","13","21155","61.9"
"Marshall","0","37","Kentucky","6/8/20","38","-1","21157","-2.63"
"Martin","0","3","Kentucky","6/8/20","3","0","21159","0"
"Mason","1","13","Kentucky","6/8/20","9","4","21161","44.44"
"McCracken","2","112","Kentucky","6/8/20","97","15","21145","15.46"
"McCreary","0","13","Kentucky","6/8/20","13","0","21147","0"
"McLean","0","22","Kentucky","6/8/20","22","0","21149","0"
"Meade","0","23","Kentucky","6/8/20","22","1","21163","4.55"
"Menifee","0","10","Kentucky","6/8/20","10","0","21165","0"
"Mercer","0","15","Kentucky","6/8/20","13","2","21167","15.38"
"Metcalfe","0","7","Kentucky","6/8/20","6","1","21169","16.67"
"Monroe","1","27","Kentucky","6/8/20","20","7","21171","35"
"Montgomery","1","30","Kentucky","6/8/20","25","5","21173","20"
"Morgan","0","3","Kentucky","6/8/20","1","2","21175","200"
"Muhlenberg","0","486","Kentucky","6/8/20","484","2","21177","0.41"
"Nelson","1","45","Kentucky","6/8/20","41","4","21179","9.76"
"Nicholas","0","4","Kentucky","6/8/20","3","1","21181","33.33"
"Ohio","1","155","Kentucky","6/8/20","148","7","21183","4.73"
"Oldham","2","111","Kentucky","6/8/20","99","12","21185","12.12"
"Owen","0","3","Kentucky","6/8/20","3","0","21187","0"
"Owsley","0","2","Kentucky","6/8/20","2","0","21189","0"
"Pendleton","1","14","Kentucky","6/8/20","10","4","21191","40"
"Perry","0","22","Kentucky","6/8/20","19","3","21193","15.79"
"Pike","1","36","Kentucky","6/8/20","30","6","21195","20"
"Powell","0","1","Kentucky","6/8/20","1","0","21197","0"
"Pulaski","1","65","Kentucky","6/8/20","58","7","21199","12.07"
"Rockcastle","0","13","Kentucky","6/8/20","13","0","21203","0"
"Rowan","0","8","Kentucky","6/8/20","7","1","21205","14.29"
"Russell","1","30","Kentucky","6/8/20","24","6","21207","25"
"Scott","0","38","Kentucky","6/8/20","35","3","21209","8.57"
"Shelby","6","219","Kentucky","6/8/20","175","44","21211","25.14"
"Simpson","0","54","Kentucky","6/8/20","54","0","21213","0"
"Spencer","0","25","Kentucky","6/8/20","22","3","21215","13.64"
"Taylor","0","14","Kentucky","6/8/20","11","3","21217","27.27"
"Todd","1","23","Kentucky","6/8/20","17","6","21219","35.29"
"Trigg","0","11","Kentucky","6/8/20","10","1","21221","10"
"Trimble","0","6","Kentucky","6/8/20","6","0","21223","0"
"Union","0","15","Kentucky","6/8/20","12","3","21225","25"
"Warren","13","1127","Kentucky","6/8/20","1038","89","21227","8.57"
"Washington","0","8","Kentucky","6/8/20","6","2","21229","33.33"
"Wayne","0","9","Kentucky","6/8/20","8","1","21231","12.5"
"Webster","0","34","Kentucky","6/8/20","32","2","21233","6.25"
"Whitley","0","13","Kentucky","6/8/20","13","0","21235","0"
"Wolfe","0","1","Kentucky","6/8/20","1","0","21237","0"
"Woodford","1","35","Kentucky","6/8/20","27","8","21239","29.63"
"Acadia","13","513","Louisiana","6/8/20","422","91","22001","21.56"
"Allen","1","188","Louisiana","6/8/20","184","4","22003","2.17"
"Ascension","9","889","Louisiana","6/8/20","827","62","22005","7.5"
"Assumption","1","257","Louisiana","6/8/20","252","5","22007","1.98"
"Avoyelles","5","165","Louisiana","6/8/20","130","35","22009","26.92"
"Beauregard","5","106","Louisiana","6/8/20","69","37","22011","53.62"
"Bienville","1","154","Louisiana","6/8/20","147","7","22013","4.76"
"Bossier","7","464","Louisiana","6/8/20","416","48","22015","11.54"
"Caddo","23","2737","Louisiana","6/8/20","2578","159","22017","6.17"
"Calcasieu","5","642","Louisiana","6/8/20","608","34","22019","5.59"
"Caldwell","2","72","Louisiana","6/8/20","58","14","22021","24.14"
"Cameron","0","9","Louisiana","6/8/20","6","3","22023","50"
"Catahoula","1","121","Louisiana","6/8/20","115","6","22025","5.22"
"Claiborne","0","68","Louisiana","6/8/20","66","2","22027","3.03"
"Concordia","1","96","Louisiana","6/8/20","88","8","22029","9.09"
"De Soto","2","263","Louisiana","6/8/20","247","16","22031","6.48"
"East Baton Rouge","42","3963","Louisiana","6/8/20","3666","297","22033","8.1"
"East Carroll","6","199","Louisiana","6/8/20","159","40","22035","25.16"
"East Feliciana","1","201","Louisiana","6/8/20","197","4","22037","2.03"
"Evangeline","1","84","Louisiana","6/8/20","78","6","22039","7.69"
"Franklin","2","389","Louisiana","6/8/20","376","13","22041","3.46"
"Grant","2","46","Louisiana","6/8/20","29","17","22043","58.62"
"Iberia","2","427","Louisiana","6/8/20","410","17","22045","4.15"
"Iberville","3","599","Louisiana","6/8/20","577","22","22047","3.81"
"Jackson","4","133","Louisiana","6/8/20","106","27","22049","25.47"
"Jefferson","33","7885","Louisiana","6/8/20","7652","233","22051","3.04"
"Jefferson Davis","2","93","Louisiana","6/8/20","78","15","22053","19.23"
"Lafayette","15","897","Louisiana","6/8/20","793","104","22055","13.11"
"Lafourche","12","909","Louisiana","6/8/20","827","82","22057","9.92"
"LaSalle","2","63","Louisiana","6/8/20","52","11","22059","21.15"
"Lincoln","2","175","Louisiana","6/8/20","160","15","22061","9.38"
"Livingston","6","468","Louisiana","6/8/20","428","40","22063","9.35"
"Madison","16","214","Louisiana","6/8/20","101","113","22065","111.88"
"Morehouse","2","134","Louisiana","6/8/20","122","12","22067","9.84"
"Natchitoches","1","177","Louisiana","6/8/20","171","6","22069","3.51"
"Orleans","14","7237","Louisiana","6/8/20","7141","96","22071","1.34"
"Ouachita","34","1500","Louisiana","6/8/20","1264","236","22073","18.67"
"Plaquemines","1","218","Louisiana","6/8/20","213","5","22075","2.35"
"Pointe Coupee","2","214","Louisiana","6/8/20","199","15","22077","7.54"
"Rapides","25","975","Louisiana","6/8/20","800","175","22079","21.88"
"Red River","0","51","Louisiana","6/8/20","50","1","22081","2"
"Richland","3","156","Louisiana","6/8/20","138","18","22083","13.04"
"Sabine","1","51","Louisiana","6/8/20","47","4","22085","8.51"
"St. Bernard","2","555","Louisiana","6/8/20","539","16","22087","2.97"
"St. Charles","1","649","Louisiana","6/8/20","642","7","22089","1.09"
"St. Helena","1","55","Louisiana","6/8/20","51","4","22091","7.84"
"St. James","1","304","Louisiana","6/8/20","294","10","22093","3.4"
"St. John the Baptist","2","877","Louisiana","6/8/20","862","15","22095","1.74"
"St. Landry","7","311","Louisiana","6/8/20","263","48","22097","18.25"
"St. Martin","-2","288","Louisiana","6/8/20","300","-12","22099","-4"
"St. Mary","3","339","Louisiana","6/8/20","321","18","22101","5.61"
"St. Tammany","12","1849","Louisiana","6/8/20","1764","85","22103","4.82"
"Tangipahoa","11","944","Louisiana","6/8/20","868","76","22105","8.76"
"Tensas","1","21","Louisiana","6/8/20","12","9","22107","75"
"Terrebonne","9","748","Louisiana","6/8/20","686","62","22109","9.04"
"Union","4","349","Louisiana","6/8/20","324","25","22111","7.72"
"Vermilion","1","61","Louisiana","6/8/20","55","6","22113","10.91"
"Vernon","1","34","Louisiana","6/8/20","26","8","22115","30.77"
"Washington","6","478","Louisiana","6/8/20","433","45","22117","10.39"
"Webster","5","185","Louisiana","6/8/20","147","38","22119","25.85"
"West Baton Rouge","2","186","Louisiana","6/8/20","175","11","22121","6.29"
"West Carroll","3","86","Louisiana","6/8/20","64","22","22123","34.38"
"West Feliciana","2","222","Louisiana","6/8/20","211","11","22125","5.21"
"Winn","2","187","Louisiana","6/8/20","173","14","22127","8.09"
"Androscoggin","10","376","Maine","6/8/20","304","72","23001","23.68"
"Aroostook","0","10","Maine","6/8/20","10","0","23003","0"
"Cumberland","17","1311","Maine","6/8/20","1189","122","23005","10.26"
"Franklin","0","36","Maine","6/8/20","36","0","23007","0"
"Hancock","0","12","Maine","6/8/20","11","1","23009","9.09"
"Kennebec","0","131","Maine","6/8/20","128","3","23011","2.34"
"Knox","0","21","Maine","6/8/20","20","1","23013","5"
"Lincoln","0","20","Maine","6/8/20","20","0","23015","0"
"Oxford","0","31","Maine","6/8/20","33","-2","23017","-6.06"
"Penobscot","0","101","Maine","6/8/20","100","1","23019","1"
"Piscataquis","0","1","Maine","6/8/20","1","0","23021","0"
"Sagadahoc","0","30","Maine","6/8/20","30","0","23023","0"
"Somerset","0","24","Maine","6/8/20","22","2","23025","9.09"
"Waldo","0","53","Maine","6/8/20","51","2","23027","3.92"
"Washington","0","1","Maine","6/8/20","2","-1","23029","-50"
"York","5","428","Maine","6/8/20","391","37","23031","9.46"
"Allegany","1","185","Maryland","6/8/20","180","5","24001","2.78"
"Anne Arundel","61","4267","Maryland","6/8/20","3842","425","24003","11.06"
"Baltimore","74","6814","Maryland","6/8/20","6299","515","24005","8.18"
"Baltimore City","99","6296","Maryland","6/8/20","5604","692","24510","12.35"
"Calvert","2","362","Maryland","6/8/20","349","13","24009","3.72"
"Caroline","2","272","Maryland","6/8/20","260","12","24011","4.62"
"Carroll","6","954","Maryland","6/8/20","914","40","24013","4.38"
"Cecil","6","408","Maryland","6/8/20","369","39","24015","10.57"
"Charles","13","1211","Maryland","6/8/20","1120","91","24017","8.12"
"Dorchester","2","156","Maryland","6/8/20","142","14","24019","9.86"
"Frederick","30","2135","Maryland","6/8/20","1928","207","24021","10.74"
"Garrett","0","10","Maryland","6/8/20","10","0","24023","0"
"Harford","11","961","Maryland","6/8/20","881","80","24025","9.08"
"Howard","30","2156","Maryland","6/8/20","1944","212","24027","10.91"
"Kent","2","187","Maryland","6/8/20","174","13","24029","7.47"
"Montgomery","192","12818","Maryland","6/8/20","11476","1342","24031","11.69"
"Prince George's","167","16523","Maryland","6/8/20","15353","1170","24033","7.62"
"Queen Anne's","2","177","Maryland","6/8/20","161","16","24035","9.94"
"Somerset","1","77","Maryland","6/8/20","73","4","24039","5.48"
"St. Mary's","7","553","Maryland","6/8/20","505","48","24037","9.5"
"Talbot","1","108","Maryland","6/8/20","101","7","24041","6.93"
"Washington","11","551","Maryland","6/8/20","472","79","24043","16.74"
"Wicomico","4","984","Maryland","6/8/20","955","29","24045","3.04"
"Worcester","3","239","Maryland","6/8/20","215","24","24047","11.16"
"Barnstable","5","1458","Massachusetts","6/8/20","1424","34","25001","2.39"
"Berkshire","1","575","Massachusetts","6/8/20","567","8","25003","1.41"
"Bristol","50","7698","Massachusetts","6/8/20","7348","350","25005","4.76"
"Dukes and Nantucket","0","55","Massachusetts","6/8/20","53","2","00000","3.77"
"Essex","74","15236","Massachusetts","6/8/20","14721","515","25009","3.5"
"Franklin","0","338","Massachusetts","6/8/20","335","3","25011","0.9"
"Hampden","25","6365","Massachusetts","6/8/20","6188","177","25013","2.86"
"Hampshire","3","907","Massachusetts","6/8/20","886","21","25015","2.37"
"Middlesex","84","22812","Massachusetts","6/8/20","22224","588","25017","2.65"
"Norfolk","18","8715","Massachusetts","6/8/20","8586","129","25021","1.5"
"Plymouth","25","8372","Massachusetts","6/8/20","8200","172","25023","2.1"
"Suffolk","64","19028","Massachusetts","6/8/20","18581","447","25025","2.41"
"Worcester","58","11758","Massachusetts","6/8/20","11352","406","25027","3.58"
"Alcona","0","20","Michigan","6/8/20","20","0","26001","0"
"Alger","0","1","Michigan","6/8/20","0","1","26003","1"
"Allegan","2","273","Michigan","6/8/20","257","16","26005","6.23"
"Alpena","1","112","Michigan","6/8/20","102","10","26007","9.8"
"Antrim","0","14","Michigan","6/8/20","13","1","26009","7.69"
"Arenac","0","38","Michigan","6/8/20","38","0","26011","0"
"Baraga","0","1","Michigan","6/8/20","1","0","26013","0"
"Barry","1","89","Michigan","6/8/20","81","8","26015","9.88"
"Bay","3","372","Michigan","6/8/20","348","24","26017","6.9"
"Benzie","0","5","Michigan","6/8/20","4","1","26019","25"
"Berrien","6","807","Michigan","6/8/20","767","40","26021","5.22"
"Branch","3","153","Michigan","6/8/20","135","18","26023","13.33"
"Calhoun","8","472","Michigan","6/8/20","418","54","26025","12.92"
"Cass","2","110","Michigan","6/8/20","95","15","26027","15.79"
"Charlevoix","0","19","Michigan","6/8/20","18","1","26029","5.56"
"Cheboygan","0","26","Michigan","6/8/20","26","0","26031","0"
"Chippewa","0","3","Michigan","6/8/20","3","0","26033","0"
"Clare","1","24","Michigan","6/8/20","20","4","26035","20"
"Clinton","2","187","Michigan","6/8/20","176","11","26037","6.25"
"Crawford","0","63","Michigan","6/8/20","62","1","26039","1.61"
"Delta","0","20","Michigan","6/8/20","20","0","26041","0"
"Dickinson","0","6","Michigan","6/8/20","5","1","26043","20"
"Eaton","1","252","Michigan","6/8/20","244","8","26045","3.28"
"Emmet","0","26","Michigan","6/8/20","26","0","26047","0"
"Federal Correctional Institution (FCI)","2","159","Michigan","6/8/20","146","13","00000","8.9"
"Genesee","12","2556","Michigan","6/8/20","2471","85","26049","3.44"
"Gladwin","0","20","Michigan","6/8/20","18","2","26051","11.11"
"Gogebic","0","5","Michigan","6/8/20","5","0","26053","0"
"Grand Traverse","1","35","Michigan","6/8/20","28","7","26055","25"
"Gratiot","1","88","Michigan","6/8/20","83","5","26057","6.02"
"Hillsdale","0","179","Michigan","6/8/20","176","3","26059","1.7"
"Houghton","0","7","Michigan","6/8/20","6","1","26061","16.67"
"Huron","0","59","Michigan","6/8/20","56","3","26063","5.36"
"Ingham","4","807","Michigan","6/8/20","777","30","26065","3.86"
"Ionia","1","176","Michigan","6/8/20","169","7","26067","4.14"
"Iosco","0","110","Michigan","6/8/20","110","0","26069","0"
"Iron","0","2","Michigan","6/8/20","0","2","26071","1"
"Isabella","0","94","Michigan","6/8/20","92","2","26073","2.17"
"Jackson","2","484","Michigan","6/8/20","470","14","26075","2.98"
"Kalamazoo","6","938","Michigan","6/8/20","895","43","26077","4.8"
"Kalkaska","0","30","Michigan","6/8/20","30","0","26079","0"
"Kent","35","4240","Michigan","6/8/20","3992","248","26081","6.21"
"Lake","0","7","Michigan","6/8/20","7","0","26085","0"
"Lapeer","1","225","Michigan","6/8/20","217","8","26087","3.69"
"Leelanau","0","12","Michigan","6/8/20","11","1","26089","9.09"
"Lenawee","1","191","Michigan","6/8/20","187","4","26091","2.14"
"Livingston","3","518","Michigan","6/8/20","496","22","26093","4.44"
"Luce","0","3","Michigan","6/8/20","3","0","26095","0"
"Mackinac","0","8","Michigan","6/8/20","8","0","26097","0"
"Macomb","20","6997","Michigan","6/8/20","6855","142","26099","2.07"
"Manistee","0","12","Michigan","6/8/20","12","0","26101","0"
"Marquette","0","59","Michigan","6/8/20","56","3","26103","5.36"
"Mason","0","38","Michigan","6/8/20","38","0","26105","0"
"Mecosta","0","24","Michigan","6/8/20","24","0","26107","0"
"Menominee","0","9","Michigan","6/8/20","8","1","26109","12.5"
"Michigan Department of Corrections (MDOC)","13","4129","Michigan","6/8/20","4037","92","00000","2.28"
"Midland","2","138","Michigan","6/8/20","121","17","26111","14.05"
"Missaukee","0","23","Michigan","6/8/20","22","1","26113","4.55"
"Monroe","4","559","Michigan","6/8/20","533","26","26115","4.88"
"Montcalm","1","81","Michigan","6/8/20","72","9","26117","12.5"
"Montmorency","0","5","Michigan","6/8/20","5","0","26119","0"
"Muskegon","10","723","Michigan","6/8/20","655","68","26121","10.38"
"Newaygo","1","122","Michigan","6/8/20","112","10","26123","8.93"
"Oakland","60","11256","Michigan","6/8/20","10836","420","26125","3.88"
"Oceana","1","103","Michigan","6/8/20","95","8","26127","8.42"
"Ogemaw","0","31","Michigan","6/8/20","30","1","26129","3.33"
"Osceola","0","18","Michigan","6/8/20","15","3","26133","20"
"Oscoda","0","8","Michigan","6/8/20","8","0","26135","0"
"Otsego","0","120","Michigan","6/8/20","120","0","26137","0"
"Ottawa","8","900","Michigan","6/8/20","847","53","26139","6.26"
"Out of MI","-3","23","Michigan","6/8/20","42","-19","80026","-45.24"
"Presque Isle","0","11","Michigan","6/8/20","11","0","26141","0"
"Roscommon","0","24","Michigan","6/8/20","24","0","26143","0"
"Saginaw","9","1138","Michigan","6/8/20","1074","64","26145","5.96"
"Sanilac","0","42","Michigan","6/8/20","42","0","26151","0"
"Schoolcraft","0","4","Michigan","6/8/20","4","0","26153","0"
"Shiawassee","0","261","Michigan","6/8/20","261","0","26155","0"
"St. Clair","1","513","Michigan","6/8/20","509","4","26147","0.79"
"St. Joseph","5","159","Michigan","6/8/20","123","36","26149","29.27"
"Tuscola","2","206","Michigan","6/8/20","192","14","26157","7.29"
"Van Buren","4","195","Michigan","6/8/20","165","30","26159","18.18"
"Washtenaw","5","1550","Michigan","6/8/20","1518","32","26161","2.11"
"Wayne","63","21555","Michigan","6/8/20","21114","441","26163","2.09"
"Wexford","0","14","Michigan","6/8/20","14","0","26165","0"
"Aitkin","1","12","Minnesota","6/8/20","8","4","27001","50"
"Anoka","27","1616","Minnesota","6/8/20","1429","187","27003","13.09"
"Becker","1","44","Minnesota","6/8/20","40","4","27005","10"
"Beltrami","1","21","Minnesota","6/8/20","15","6","27007","40"
"Benton","1","188","Minnesota","6/8/20","178","10","27009","5.62"
"Big Stone","1","12","Minnesota","6/8/20","6","6","27011","100"
"Blue Earth","1","152","Minnesota","6/8/20","142","10","27013","7.04"
"Brown","0","17","Minnesota","6/8/20","16","1","27015","6.25"
"Carlton","0","78","Minnesota","6/8/20","75","3","27017","4"
"Carver","5","254","Minnesota","6/8/20","218","36","27019","16.51"
"Cass","0","12","Minnesota","6/8/20","14","-2","27021","-14.29"
"Chippewa","0","52","Minnesota","6/8/20","51","1","27023","1.96"
"Chisago","1","70","Minnesota","6/8/20","62","8","27025","12.9"
"Clay","6","469","Minnesota","6/8/20","427","42","27027","9.84"
"Clearwater","0","3","Minnesota","6/8/20","3","0","27029","0"
"Cottonwood","2","92","Minnesota","6/8/20","76","16","27033","21.05"
"Crow Wing","2","85","Minnesota","6/8/20","71","14","27035","19.72"
"Dakota","25","1523","Minnesota","6/8/20","1349","174","27037","12.9"
"Dodge","0","55","Minnesota","6/8/20","53","2","27039","3.77"
"Douglas","1","48","Minnesota","6/8/20","44","4","27041","9.09"
"Faribault","1","24","Minnesota","6/8/20","19","5","27043","26.32"
"Fillmore","0","20","Minnesota","6/8/20","17","3","27045","17.65"
"Freeborn","9","185","Minnesota","6/8/20","125","60","27047","48"
"Goodhue","2","79","Minnesota","6/8/20","68","11","27049","16.18"
"Grant","0","5","Minnesota","6/8/20","4","1","27051","25"
"Hennepin","138","9480","Minnesota","6/8/20","8514","966","27053","11.35"
"Houston","0","4","Minnesota","6/8/20","2","2","27055","100"
"Hubbard","0","5","Minnesota","6/8/20","2","3","27057","150"
"Isanti","1","41","Minnesota","6/8/20","35","6","27059","17.14"
"Itasca","0","56","Minnesota","6/8/20","55","1","27061","1.82"
"Jackson","0","42","Minnesota","6/8/20","39","3","27063","7.69"
"Kanabec","0","12","Minnesota","6/8/20","11","1","27065","9.09"
"Kandiyohi","4","522","Minnesota","6/8/20","497","25","27067","5.03"
"Kittson","0","1","Minnesota","6/8/20","1","0","27069","0"
"Koochiching","0","9","Minnesota","6/8/20","9","0","27071","0"
"Lac qui Parle","0","3","Minnesota","6/8/20","3","0","27073","0"
"Lake","0","1","Minnesota","6/8/20","1","0","27075","0"
"Le Sueur","1","49","Minnesota","6/8/20","44","5","27079","11.36"
"Lincoln","0","6","Minnesota","6/8/20","5","1","27081","20"
"Lyon","12","144","Minnesota","6/8/20","57","87","27083","152.63"
"Mahnomen","0","6","Minnesota","6/8/20","6","0","27087","0"
"Marshall","0","12","Minnesota","6/8/20","12","0","27089","0"
"Martin","1","140","Minnesota","6/8/20","132","8","27091","6.06"
"McLeod","1","44","Minnesota","6/8/20","37","7","27085","18.92"
"Meeker","0","47","Minnesota","6/8/20","45","2","27093","4.44"
"Mille Lacs","1","24","Minnesota","6/8/20","19","5","27095","26.32"
"Morrison","1","51","Minnesota","6/8/20","47","4","27097","8.51"
"Mower","26","524","Minnesota","6/8/20","345","179","27099","51.88"
"Murray","0","41","Minnesota","6/8/20","39","2","27101","5.13"
"Nicollet","0","90","Minnesota","6/8/20","88","2","27103","2.27"
"Nobles","8","1597","Minnesota","6/8/20","1544","53","27105","3.43"
"Norman","0","16","Minnesota","6/8/20","13","3","27107","23.08"
"Olmsted","13","722","Minnesota","6/8/20","634","88","27109","13.88"
"Otter Tail","1","77","Minnesota","6/8/20","70","7","27111","10"
"Pennington","2","36","Minnesota","6/8/20","19","17","27113","89.47"
"Pine","1","93","Minnesota","6/8/20","89","4","27115","4.49"
"Pipestone","0","14","Minnesota","6/8/20","12","2","27117","16.67"
"Polk","0","64","Minnesota","6/8/20","61","3","27119","4.92"
"Pope","0","10","Minnesota","6/8/20","9","1","27121","11.11"
"Ramsey","68","3553","Minnesota","6/8/20","3075","478","27123","15.54"
"Red Lake","0","4","Minnesota","6/8/20","4","0","27125","0"
"Redwood","0","8","Minnesota","6/8/20","5","3","27127","60"
"Renville","0","8","Minnesota","6/8/20","5","3","27129","60"
"Rice","18","587","Minnesota","6/8/20","462","125","27131","27.06"
"Rock","0","23","Minnesota","6/8/20","22","1","27133","4.55"
"Roseau","0","5","Minnesota","6/8/20","2","3","27135","150"
"Scott","8","493","Minnesota","6/8/20","436","57","27139","13.07"
"Sherburne","2","257","Minnesota","6/8/20","246","11","27141","4.47"
"Sibley","0","19","Minnesota","6/8/20","16","3","27143","18.75"
"St. Louis","0","119","Minnesota","6/8/20","118","1","27137","0.85"
"Stearns","6","2071","Minnesota","6/8/20","2030","41","27145","2.02"
"Steele","2","173","Minnesota","6/8/20","160","13","27147","8.12"
"Stevens","0","1","Minnesota","6/8/20","1","0","27149","0"
"Swift","0","19","Minnesota","6/8/20","19","0","27151","0"
"Todd","5","354","Minnesota","6/8/20","319","35","27153","10.97"
"Traverse","0","5","Minnesota","6/8/20","3","2","27155","66.67"
"Wabasha","0","20","Minnesota","6/8/20","18","2","27157","11.11"
"Wadena","0","10","Minnesota","6/8/20","10","0","27159","0"
"Waseca","1","30","Minnesota","6/8/20","26","4","27161","15.38"
"Washington","12","731","Minnesota","6/8/20","645","86","27163","13.33"
"Watonwan","1","83","Minnesota","6/8/20","75","8","27165","10.67"
"Wilkin","0","11","Minnesota","6/8/20","11","0","27167","0"
"Winona","1","85","Minnesota","6/8/20","80","5","27169","6.25"
"Wright","6","361","Minnesota","6/8/20","320","41","27171","12.81"
"Yellow Medicine","0","7","Minnesota","6/8/20","6","1","27173","16.67"
"Adams","3","222","Mississippi","6/8/20","200","22","28001","11"
"Alcorn","1","22","Mississippi","6/8/20","17","5","28003","29.41"
"Amite","0","66","Mississippi","6/8/20","64","2","28005","3.12"
"Attala","3","317","Mississippi","6/8/20","298","19","28007","6.38"
"Benton","0","16","Mississippi","6/8/20","14","2","28009","14.29"
"Bolivar","2","176","Mississippi","6/8/20","165","11","28011","6.67"
"Calhoun","1","72","Mississippi","6/8/20","65","7","28013","10.77"
"Carroll","0","120","Mississippi","6/8/20","117","3","28015","2.56"
"Chickasaw","2","153","Mississippi","6/8/20","137","16","28017","11.68"
"Choctaw","1","58","Mississippi","6/8/20","48","10","28019","20.83"
"Claiborne","2","127","Mississippi","6/8/20","110","17","28021","15.45"
"Clarke","2","163","Mississippi","6/8/20","148","15","28023","10.14"
"Clay","3","134","Mississippi","6/8/20","114","20","28025","17.54"
"Coahoma","2","139","Mississippi","6/8/20","125","14","28027","11.2"
"Copiah","6","357","Mississippi","6/8/20","313","44","28029","14.06"
"Covington","2","190","Mississippi","6/8/20","173","17","28031","9.83"
"DeSoto","12","633","Mississippi","6/8/20","550","83","28033","15.09"
"Forrest","7","635","Mississippi","6/8/20","583","52","28035","8.92"
"Franklin","0","29","Mississippi","6/8/20","29","0","28037","0"
"George","1","31","Mississippi","6/8/20","25","6","28039","24"
"Greene","4","47","Mississippi","6/8/20","16","31","28041","193.75"
"Grenada","5","127","Mississippi","6/8/20","95","32","28043","33.68"
"Hancock","0","93","Mississippi","6/8/20","91","2","28045","2.2"
"Harrison","4","288","Mississippi","6/8/20","261","27","28047","10.34"
"Hinds","19","1164","Mississippi","6/8/20","1028","136","28049","13.23"
"Holmes","4","461","Mississippi","6/8/20","434","27","28051","6.22"
"Humphreys","2","74","Mississippi","6/8/20","59","15","28053","25.42"
"Itawamba","1","92","Mississippi","6/8/20","88","4","28057","4.55"
"Jackson","3","329","Mississippi","6/8/20","307","22","28059","7.17"
"Jasper","3","184","Mississippi","6/8/20","163","21","28061","12.88"
"Jefferson","1","50","Mississippi","6/8/20","42","8","28063","19.05"
"Jefferson Davis","1","85","Mississippi","6/8/20","77","8","28065","10.39"
"Jones","18","777","Mississippi","6/8/20","652","125","28067","19.17"
"Kemper","3","163","Mississippi","6/8/20","145","18","28069","12.41"
"Lafayette","3","157","Mississippi","6/8/20","137","20","28071","14.6"
"Lamar","3","262","Mississippi","6/8/20","239","23","28073","9.62"
"Lauderdale","6","785","Mississippi","6/8/20","741","44","28075","5.94"
"Lawrence","0","109","Mississippi","6/8/20","106","3","28077","2.83"
"Leake","5","466","Mississippi","6/8/20","431","35","28079","8.12"
"Lee","12","237","Mississippi","6/8/20","154","83","28081","53.9"
"Leflore","6","309","Mississippi","6/8/20","265","44","28083","16.6"
"Lincoln","5","300","Mississippi","6/8/20","266","34","28085","12.78"
"Lowndes","8","274","Mississippi","6/8/20","219","55","28087","25.11"
"Madison","9","807","Mississippi","6/8/20","742","65","28089","8.76"
"Marion","1","127","Mississippi","6/8/20","117","10","28091","8.55"
"Marshall","2","93","Mississippi","6/8/20","81","12","28093","14.81"
"Monroe","3","280","Mississippi","6/8/20","261","19","28095","7.28"
"Montgomery","0","86","Mississippi","6/8/20","85","1","28097","1.18"
"Neshoba","14","772","Mississippi","6/8/20","671","101","28099","15.05"
"Newton","3","301","Mississippi","6/8/20","278","23","28101","8.27"
"Noxubee","2","204","Mississippi","6/8/20","187","17","28103","9.09"
"Oktibbeha","8","300","Mississippi","6/8/20","243","57","28105","23.46"
"Panola","4","102","Mississippi","6/8/20","71","31","28107","43.66"
"Pearl River","1","217","Mississippi","6/8/20","209","8","28109","3.83"
"Perry","0","52","Mississippi","6/8/20","50","2","28111","4"
"Pike","1","211","Mississippi","6/8/20","203","8","28113","3.94"
"Pontotoc","3","60","Mississippi","6/8/20","36","24","28115","66.67"
"Prentiss","0","57","Mississippi","6/8/20","56","1","28117","1.79"
"Quitman","0","32","Mississippi","6/8/20","34","-2","28119","-5.88"
"Rankin","6","485","Mississippi","6/8/20","446","39","28121","8.74"
"Scott","4","673","Mississippi","6/8/20","648","25","28123","3.86"
"Sharkey","0","7","Mississippi","6/8/20","7","0","28125","0"
"Simpson","1","108","Mississippi","6/8/20","100","8","28127","8"
"Smith","2","168","Mississippi","6/8/20","152","16","28129","10.53"
"Stone","1","34","Mississippi","6/8/20","30","4","28131","13.33"
"Sunflower","3","103","Mississippi","6/8/20","85","18","28133","21.18"
"Tallahatchie","1","35","Mississippi","6/8/20","27","8","28135","29.63"
"Tate","1","103","Mississippi","6/8/20","95","8","28137","8.42"
"Tippah","2","84","Mississippi","6/8/20","73","11","28139","15.07"
"Tishomingo","1","41","Mississippi","6/8/20","32","9","28141","28.12"
"Tunica","0","58","Mississippi","6/8/20","55","3","28143","5.45"
"Union","1","92","Mississippi","6/8/20","84","8","28145","9.52"
"Walthall","3","76","Mississippi","6/8/20","57","19","28147","33.33"
"Warren","6","214","Mississippi","6/8/20","175","39","28149","22.29"
"Washington","3","215","Mississippi","6/8/20","191","24","28151","12.57"
"Wayne","17","328","Mississippi","6/8/20","210","118","28153","56.19"
"Webster","4","98","Mississippi","6/8/20","68","30","28155","44.12"
"Wilkinson","0","85","Mississippi","6/8/20","85","0","28157","0"
"Winston","2","136","Mississippi","6/8/20","120","16","28159","13.33"
"Yalobusha","4","121","Mississippi","6/8/20","94","27","28161","28.72"
"Yazoo","4","310","Mississippi","6/8/20","283","27","28163","9.54"
"Adair","2","72","Missouri","6/8/20","60","12","29001","20"
"Andrew","0","33","Missouri","6/8/20","30","3","29003","10"
"Atchison","0","3","Missouri","6/8/20","3","0","29005","0"
"Audrain","5","117","Missouri","6/8/20","85","32","29007","37.65"
"Barry","0","9","Missouri","6/8/20","9","0","29009","0"
"Bates","0","12","Missouri","6/8/20","9","3","29013","33.33"
"Benton","0","13","Missouri","6/8/20","11","2","29015","18.18"
"Bollinger","0","7","Missouri","6/8/20","6","1","29017","16.67"
"Boone","6","193","Missouri","6/8/20","153","40","29019","26.14"
"Buchanan","6","754","Missouri","6/8/20","709","45","29021","6.35"
"Butler","2","47","Missouri","6/8/20","35","12","29023","34.29"
"Caldwell","0","8","Missouri","6/8/20","6","2","29025","33.33"
"Callaway","1","34","Missouri","6/8/20","29","5","29027","17.24"
"Camden","0","38","Missouri","6/8/20","38","0","29029","0"
"Cape Girardeau","2","87","Missouri","6/8/20","74","13","29031","17.57"
"Carroll","0","9","Missouri","6/8/20","8","1","29033","12.5"
"Carter","0","5","Missouri","6/8/20","5","0","29035","0"
"Cass","2","104","Missouri","6/8/20","93","11","29037","11.83"
"Cedar","0","9","Missouri","6/8/20","9","0","29039","0"
"Chariton","0","6","Missouri","6/8/20","6","0","29041","0"
"Christian","1","29","Missouri","6/8/20","24","5","29043","20.83"
"Clark","0","1","Missouri","6/8/20","1","0","29045","0"
"Clay","10","240","Missouri","6/8/20","173","67","29047","38.73"
"Clinton","0","20","Missouri","6/8/20","18","2","29049","11.11"
"Cole","0","61","Missouri","6/8/20","61","0","29051","0"
"Cooper","0","9","Missouri","6/8/20","9","0","29053","0"
"Crawford","0","9","Missouri","6/8/20","9","0","29055","0"
"Dallas","0","5","Missouri","6/8/20","3","2","29059","66.67"
"Daviess","0","5","Missouri","6/8/20","4","1","29061","25"
"DeKalb","0","7","Missouri","6/8/20","6","1","29063","16.67"
"Dunklin","1","49","Missouri","6/8/20","45","4","29069","8.89"
"Franklin","2","153","Missouri","6/8/20","141","12","29071","8.51"
"Gasconade","0","2","Missouri","6/8/20","2","0","29073","0"
"Gentry","3","54","Missouri","6/8/20","35","19","29075","54.29"
"Greene","3","176","Missouri","6/8/20","155","21","29077","13.55"
"Harrison","0","9","Missouri","6/8/20","9","0","29081","0"
"Henry","0","12","Missouri","6/8/20","12","0","29083","0"
"Holt","0","2","Missouri","6/8/20","2","0","29087","0"
"Howard","0","3","Missouri","6/8/20","3","0","29089","0"
"Howell","1","15","Missouri","6/8/20","7","8","29091","114.29"
"Iron","0","3","Missouri","6/8/20","3","0","29093","0"
"Jackson","15","716","Missouri","6/8/20","613","103","29095","16.8"
"Jasper","4","62","Missouri","6/8/20","37","25","29097","67.57"
"Jefferson","6","407","Missouri","6/8/20","363","44","29099","12.12"
"Johnson","0","78","Missouri","6/8/20","76","2","29101","2.63"
"Kansas City","49","1565","Missouri","6/8/20","1219","346","00000","28.38"
"Laclede","0","7","Missouri","6/8/20","5","2","29105","40"
"Lafayette","1","81","Missouri","6/8/20","74","7","29107","9.46"
"Lawrence","0","8","Missouri","6/8/20","8","0","29109","0"
"Lewis","0","7","Missouri","6/8/20","7","0","29111","0"
"Lincoln","2","121","Missouri","6/8/20","109","12","29113","11.01"
"Linn","0","10","Missouri","6/8/20","9","1","29115","11.11"
"Livingston","0","5","Missouri","6/8/20","3","2","29117","66.67"
"Macon","0","6","Missouri","6/8/20","4","2","29121","50"
"Madison","0","3","Missouri","6/8/20","3","0","29123","0"
"Maries","0","2","Missouri","6/8/20","2","0","29125","0"
"Marion","0","5","Missouri","6/8/20","5","0","29127","0"
"McDonald","1","29","Missouri","6/8/20","22","7","29119","31.82"
"Miller","0","4","Missouri","6/8/20","4","0","29131","0"
"Mississippi","1","63","Missouri","6/8/20","58","5","29133","8.62"
"Moniteau","0","49","Missouri","6/8/20","47","2","29135","4.26"
"Montgomery","1","13","Missouri","6/8/20","9","4","29139","44.44"
"Morgan","0","9","Missouri","6/8/20","9","0","29141","0"
"New Madrid","0","22","Missouri","6/8/20","21","1","29143","4.76"
"Newton","1","28","Missouri","6/8/20","19","9","29145","47.37"
"Nodaway","0","14","Missouri","6/8/20","14","0","29147","0"
"Oregon","0","2","Missouri","6/8/20","2","0","29149","0"
"Osage","0","6","Missouri","6/8/20","5","1","29151","20"
"Pemiscot","1","94","Missouri","6/8/20","87","7","29155","8.05"
"Perry","1","71","Missouri","6/8/20","61","10","29157","16.39"
"Pettis","0","81","Missouri","6/8/20","78","3","29159","3.85"
"Phelps","0","5","Missouri","6/8/20","4","1","29161","25"
"Pike","1","28","Missouri","6/8/20","22","6","29163","27.27"
"Platte","1","79","Missouri","6/8/20","70","9","29165","12.86"
"Polk","0","4","Missouri","6/8/20","3","1","29167","33.33"
"Pulaski","10","107","Missouri","6/8/20","35","72","29169","205.71"
"Ralls","0","5","Missouri","6/8/20","5","0","29173","0"
"Randolph","0","10","Missouri","6/8/20","10","0","29175","0"
"Ray","1","23","Missouri","6/8/20","19","4","29177","21.05"
"Reynolds","0","2","Missouri","6/8/20","2","0","29179","0"
"Ripley","1","11","Missouri","6/8/20","7","4","29181","57.14"
"Saline","2","283","Missouri","6/8/20","269","14","29195","5.2"
"Scotland","0","9","Missouri","6/8/20","6","3","29199","50"
"Scott","2","123","Missouri","6/8/20","108","15","29201","13.89"
"Shelby","0","1","Missouri","6/8/20","1","0","29205","0"
"St. Charles","8","844","Missouri","6/8/20","787","57","29183","7.24"
"St. Clair","0","3","Missouri","6/8/20","3","0","29185","0"
"St. Francois","1","41","Missouri","6/8/20","35","6","29187","17.14"
"St. Louis","40","5373","Missouri","6/8/20","5094","279","29189","5.48"
"St. Louis City","19","2108","Missouri","6/8/20","1974","134","29510","6.79"
"Ste. Genevieve","0","12","Missouri","6/8/20","12","0","29186","0"
"Stoddard","3","106","Missouri","6/8/20","84","22","29207","26.19"
"Stone","1","10","Missouri","6/8/20","4","6","29209","150"
"Sullivan","1","67","Missouri","6/8/20","60","7","29211","11.67"
"Taney","0","14","Missouri","6/8/20","14","0","29213","0"
"Texas","0","1","Missouri","6/8/20","1","0","29215","0"
"Vernon","0","12","Missouri","6/8/20","9","3","29217","33.33"
"Warren","0","29","Missouri","6/8/20","28","1","29219","3.57"
"Washington","0","13","Missouri","6/8/20","12","1","29221","8.33"
"Webster","0","18","Missouri","6/8/20","18","0","29225","0"
"Worth","0","4","Missouri","6/8/20","4","0","29227","0"
"Wright","0","14","Missouri","6/8/20","11","3","29229","27.27"
"Beaverhead","0","1","Montana","6/8/20","1","0","30001","0"
"Big Horn","1","39","Montana","6/8/20","30","9","30003","30"
"Broadwater","0","4","Montana","6/8/20","4","0","30007","0"
"Carbon","0","6","Montana","6/8/20","6","0","30009","0"
"Cascade","0","17","Montana","6/8/20","17","0","30013","0"
"Deer Lodge","0","3","Montana","6/8/20","3","0","30023","0"
"Flathead","0","37","Montana","6/8/20","37","0","30029","0"
"Gallatin","2","164","Montana","6/8/20","153","11","30031","7.19"
"Glacier","0","6","Montana","6/8/20","6","0","30035","0"
"Golden Valley","0","3","Montana","6/8/20","3","0","30037","0"
"Hill","0","1","Montana","6/8/20","1","0","30041","0"
"Jefferson","0","3","Montana","6/8/20","3","0","30043","0"
"Lake","0","5","Montana","6/8/20","5","0","30047","0"
"Lewis and Clark","0","18","Montana","6/8/20","16","2","30049","12.5"
"Liberty","0","1","Montana","6/8/20","1","0","30051","0"
"Lincoln","0","7","Montana","6/8/20","7","0","30053","0"
"Madison","0","8","Montana","6/8/20","8","0","30057","0"
"Meagher","0","1","Montana","6/8/20","1","0","30059","0"
"Missoula","0","40","Montana","6/8/20","40","0","30063","0"
"Musselshell","0","1","Montana","6/8/20","1","0","30065","0"
"Park","0","8","Montana","6/8/20","8","0","30067","0"
"Pondera","0","2","Montana","6/8/20","2","0","30073","0"
"Ravalli","0","14","Montana","6/8/20","14","0","30081","0"
"Richland","0","3","Montana","6/8/20","3","0","30083","0"
"Roosevelt","0","7","Montana","6/8/20","7","0","30085","0"
"Rosebud","0","1","Montana","6/8/20","0","1","30087","1"
"Silver Bow","0","11","Montana","6/8/20","11","0","30093","0"
"Stillwater","0","2","Montana","6/8/20","1","1","30095","100"
"Toole","0","29","Montana","6/8/20","29","0","30101","0"
"Wheatland","0","1","Montana","6/8/20","1","0","30107","0"
"Yellowstone","1","105","Montana","6/8/20","100","5","30111","5"
"Adams","1","276","Nebraska","6/8/20","272","4","31001","1.47"
"Antelope","0","8","Nebraska","6/8/20","8","0","31003","0"
"Boone","0","7","Nebraska","6/8/20","6","1","31011","16.67"
"Box Butte","0","3","Nebraska","6/8/20","2","1","31013","50"
"Boyd","0","1","Nebraska","6/8/20","1","0","31015","0"
"Buffalo","2","174","Nebraska","6/8/20","159","15","31019","9.43"
"Burt","0","10","Nebraska","6/8/20","8","2","31021","25"
"Butler","0","51","Nebraska","6/8/20","48","3","31023","6.25"
"Cass","1","55","Nebraska","6/8/20","51","4","31025","7.84"
"Cedar","0","8","Nebraska","6/8/20","8","0","31027","0"
"Chase","0","1","Nebraska","6/8/20","1","0","31029","0"
"Cherry","0","1","Nebraska","6/8/20","1","0","31031","0"
"Cheyenne","0","10","Nebraska","6/8/20","9","1","31033","11.11"
"Clay","0","24","Nebraska","6/8/20","24","0","31035","0"
"Colfax","3","637","Nebraska","6/8/20","619","18","31037","2.91"
"Cuming","0","34","Nebraska","6/8/20","32","2","31039","6.25"
"Custer","0","34","Nebraska","6/8/20","31","3","31041","9.68"
"Dakota","7","1715","Nebraska","6/8/20","1665","50","31043","3"
"Dawes","0","1","Nebraska","6/8/20","1","0","31045","0"
"Dawson","1","843","Nebraska","6/8/20","839","4","31047","0.48"
"Dixon","0","32","Nebraska","6/8/20","29","3","31051","10.34"
"Dodge","13","571","Nebraska","6/8/20","478","93","31053","19.46"
"Douglas","109","5092","Nebraska","6/8/20","4331","761","31055","17.57"
"Fillmore","0","7","Nebraska","6/8/20","7","0","31059","0"
"Franklin","0","6","Nebraska","6/8/20","6","0","31061","0"
"Frontier","0","1","Nebraska","6/8/20","1","0","31063","0"
"Furnas","0","9","Nebraska","6/8/20","9","0","31065","0"
"Gage","0","45","Nebraska","6/8/20","45","0","31067","0"
"Garden","0","4","Nebraska","6/8/20","2","2","31069","100"
"Garfield","0","1","Nebraska","6/8/20","0","1","31071","1"
"Gosper","0","13","Nebraska","6/8/20","13","0","31073","0"
"Greeley","0","3","Nebraska","6/8/20","2","1","31077","50"
"Hall","4","1546","Nebraska","6/8/20","1515","31","31079","2.05"
"Hamilton","0","56","Nebraska","6/8/20","55","1","31081","1.82"
"Hitchcock","0","1","Nebraska","6/8/20","1","0","31087","0"
"Holt","0","1","Nebraska","6/8/20","1","0","31089","0"
"Howard","0","43","Nebraska","6/8/20","42","1","31093","2.38"
"Jefferson","0","8","Nebraska","6/8/20","6","2","31095","33.33"
"Johnson","0","6","Nebraska","6/8/20","6","0","31097","0"
"Kearney","0","12","Nebraska","6/8/20","11","1","31099","9.09"
"Keith","0","2","Nebraska","6/8/20","2","0","31101","0"
"Kimball","0","8","Nebraska","6/8/20","8","0","31105","0"
"Knox","0","11","Nebraska","6/8/20","10","1","31107","10"
"Lancaster","20","1363","Nebraska","6/8/20","1222","141","31109","11.54"
"Lincoln","0","49","Nebraska","6/8/20","48","1","31111","2.08"
"Madison","1","325","Nebraska","6/8/20","318","7","31119","2.2"
"Merrick","1","36","Nebraska","6/8/20","32","4","31121","12.5"
"Morrill","0","11","Nebraska","6/8/20","11","0","31123","0"
"Nance","0","4","Nebraska","6/8/20","4","0","31125","0"
"Nemaha","0","4","Nebraska","6/8/20","3","1","31127","33.33"
"Nuckolls","0","1","Nebraska","6/8/20","1","0","31129","0"
"Otoe","1","11","Nebraska","6/8/20","7","4","31131","57.14"
"Phelps","0","20","Nebraska","6/8/20","20","0","31137","0"
"Pierce","0","6","Nebraska","6/8/20","6","0","31139","0"
"Platte","6","629","Nebraska","6/8/20","586","43","31141","7.34"
"Polk","0","11","Nebraska","6/8/20","11","0","31143","0"
"Red Willow","0","5","Nebraska","6/8/20","5","0","31145","0"
"Richardson","0","1","Nebraska","6/8/20","1","0","31147","0"
"Saline","2","518","Nebraska","6/8/20","504","14","31151","2.78"
"Sarpy","20","787","Nebraska","6/8/20","650","137","31153","21.08"
"Saunders","2","51","Nebraska","6/8/20","38","13","31155","34.21"
"Scotts Bluff","5","145","Nebraska","6/8/20","107","38","31157","35.51"
"Seward","0","29","Nebraska","6/8/20","28","1","31159","3.57"
"Sherman","0","5","Nebraska","6/8/20","4","1","31163","25"
"Stanton","0","21","Nebraska","6/8/20","20","1","31167","5"
"Thayer","0","1","Nebraska","6/8/20","1","0","31169","0"
"Thomas","0","1","Nebraska","6/8/20","1","0","31171","0"
"Thurston","1","55","Nebraska","6/8/20","45","10","31173","22.22"
"Valley","0","6","Nebraska","6/8/20","4","2","31175","50"
"Washington","1","36","Nebraska","6/8/20","32","4","31177","12.5"
"Wayne","1","25","Nebraska","6/8/20","15","10","31179","66.67"
"Webster","0","5","Nebraska","6/8/20","5","0","31181","0"
"York","0","37","Nebraska","6/8/20","36","1","31185","2.78"
"Carson City","2","111","Nevada","6/8/20","99","12","32510","12.12"
"Churchill","0","10","Nevada","6/8/20","7","3","32001","42.86"
"Clark","125","7592","Nevada","6/8/20","6719","873","32003","12.99"
"Douglas","1","38","Nevada","6/8/20","32","6","32005","18.75"
"Elko","0","27","Nevada","6/8/20","24","3","32007","12.5"
"Humboldt","0","78","Nevada","6/8/20","78","0","32013","0"
"Lander","0","23","Nevada","6/8/20","20","3","32015","15"
"Lincoln","0","2","Nevada","6/8/20","2","0","32017","0"
"Lyon","3","87","Nevada","6/8/20","65","22","32019","33.85"
"Mineral","0","4","Nevada","6/8/20","4","0","32021","0"
"Nye","1","66","Nevada","6/8/20","62","4","32023","6.45"
"Pershing","0","2","Nevada","6/8/20","0","2","32027","1"
"Storey","0","1","Nevada","6/8/20","1","0","32029","0"
"Washoe","27","1772","Nevada","6/8/20","1585","187","32031","11.8"
"White Pine","0","3","Nevada","6/8/20","4","-1","32033","-25"
"Belknap","1","70","New Hampshire","6/8/20","60","10","33001","16.67"
"Carroll","0","48","New Hampshire","6/8/20","48","0","33003","0"
"Cheshire","0","59","New Hampshire","6/8/20","57","2","33005","3.51"
"Coos","0","6","New Hampshire","6/8/20","5","1","33007","20"
"Grafton","0","76","New Hampshire","6/8/20","76","0","33009","0"
"Hillsborough","38","2753","New Hampshire","6/8/20","2486","267","33011","10.74"
"Merrimack","4","375","New Hampshire","6/8/20","346","29","33013","8.38"
"Rockingham","10","1386","New Hampshire","6/8/20","1313","73","33015","5.56"
"Strafford","1","277","New Hampshire","6/8/20","269","8","33017","2.97"
"Sullivan","0","20","New Hampshire","6/8/20","19","1","33019","5.26"
"Atlantic","23","2383","New Jersey","6/8/20","2222","161","34001","7.25"
"Bergen","34","18538","New Jersey","6/8/20","18302","236","34003","1.29"
"Burlington","20","4798","New Jersey","6/8/20","4657","141","34005","3.03"
"Camden","41","6827","New Jersey","6/8/20","6543","284","34007","4.34"
"Cape May","3","647","New Jersey","6/8/20","623","24","34009","3.85"
"Cumberland","38","2575","New Jersey","6/8/20","2310","265","34011","11.47"
"Essex","55","18117","New Jersey","6/8/20","17733","384","34013","2.17"
"Gloucester","12","2332","New Jersey","6/8/20","2245","87","34015","3.88"
"Hudson","28","19000","New Jersey","6/8/20","18801","199","34017","1.06"
"Hunterdon","4","1025","New Jersey","6/8/20","996","29","34019","2.91"
"Mercer","32","7184","New Jersey","6/8/20","6961","223","34021","3.2"
"Middlesex","36","16227","New Jersey","6/8/20","15977","250","34023","1.56"
"Monmouth","36","8498","New Jersey","6/8/20","8249","249","34025","3.02"
"Morris","14","6602","New Jersey","6/8/20","6506","96","34027","1.48"
"Ocean","39","9041","New Jersey","6/8/20","8770","271","34029","3.09"
"Passaic","37","16461","New Jersey","6/8/20","16200","261","34031","1.61"
"Salem","6","682","New Jersey","6/8/20","639","43","34033","6.73"
"Somerset","11","4670","New Jersey","6/8/20","4595","75","34035","1.63"
"Sussex","8","1172","New Jersey","6/8/20","1114","58","34037","5.21"
"Union","55","16241","New Jersey","6/8/20","15858","383","34039","2.42"
"Warren","4","1192","New Jersey","6/8/20","1165","27","34041","2.32"
"Bernalillo","16","1600","New Mexico","6/8/20","1486","114","35001","7.67"
"Catron","0","2","New Mexico","6/8/20","2","0","35003","0"
"Chaves","0","49","New Mexico","6/8/20","50","-1","35005","-2"
"Cibola","4","168","New Mexico","6/8/20","143","25","35006","17.48"
"Colfax","0","5","New Mexico","6/8/20","5","0","35007","0"
"Curry","2","64","New Mexico","6/8/20","53","11","35009","20.75"
"Dona Ana","16","587","New Mexico","6/8/20","476","111","35013","23.32"
"Eddy","2","38","New Mexico","6/8/20","24","14","35015","58.33"
"Grant","0","15","New Mexico","6/8/20","15","0","35017","0"
"Guadalupe","0","20","New Mexico","6/8/20","20","0","35019","0"
"Harding","0","1","New Mexico","6/8/20","1","0","35021","0"
"Hidalgo","0","1","New Mexico","6/8/20","1","0","35023","0"
"Lea","1","32","New Mexico","6/8/20","26","6","35025","23.08"
"Lincoln","0","5","New Mexico","6/8/20","2","3","35027","150"
"Los Alamos","0","6","New Mexico","6/8/20","6","0","35028","0"
"Luna","1","12","New Mexico","6/8/20","8","4","35029","50"
"McKinley","42","2746","New Mexico","6/8/20","2451","295","35031","12.04"
"Otero","1","27","New Mexico","6/8/20","22","5","35035","22.73"
"Quay","0","5","New Mexico","6/8/20","5","0","35037","0"
"Rio Arriba","1","57","New Mexico","6/8/20","48","9","35039","18.75"
"Roosevelt","0","45","New Mexico","6/8/20","42","3","35041","7.14"
"San Juan","31","1990","New Mexico","6/8/20","1771","219","35045","12.37"
"San Miguel","0","16","New Mexico","6/8/20","15","1","35047","6.67"
"Sandoval","5","600","New Mexico","6/8/20","568","32","35043","5.63"
"Santa Fe","2","155","New Mexico","6/8/20","144","11","35049","7.64"
"Sierra","0","1","New Mexico","6/8/20","1","0","35051","0"
"Socorro","1","55","New Mexico","6/8/20","51","4","35053","7.84"
"Taos","0","31","New Mexico","6/8/20","29","2","35055","6.9"
"Torrance","0","35","New Mexico","6/8/20","32","3","35057","9.38"
"Union","0","5","New Mexico","6/8/20","4","1","35059","25"
"Valencia","1","81","New Mexico","6/8/20","74","7","35061","9.46"
"Albany","14","1978","New York","6/8/20","1882","96","36001","5.1"
"Allegany","0","51","New York","6/8/20","48","3","36003","6.25"
"Broome","7","624","New York","6/8/20","574","50","36007","8.71"
"Cattaraugus","1","95","New York","6/8/20","89","6","36009","6.74"
"Cayuga","1","101","New York","6/8/20","92","9","36011","9.78"
"Chautauqua","2","101","New York","6/8/20","85","16","36013","18.82"
"Chemung","0","137","New York","6/8/20","137","0","36015","0"
"Chenango","0","135","New York","6/8/20","133","2","36017","1.5"
"Clinton","0","97","New York","6/8/20","96","1","36019","1.04"
"Columbia","4","414","New York","6/8/20","389","25","36021","6.43"
"Cortland","0","42","New York","6/8/20","41","1","36023","2.44"
"Delaware","1","85","New York","6/8/20","81","4","36025","4.94"
"Dutchess","12","4006","New York","6/8/20","3924","82","36027","2.09"
"Erie","58","6531","New York","6/8/20","6123","408","36029","6.66"
"Essex","0","39","New York","6/8/20","37","2","36031","5.41"
"Franklin","0","23","New York","6/8/20","23","0","36033","0"
"Fulton","2","227","New York","6/8/20","210","17","36035","8.1"
"Genesee","1","208","New York","6/8/20","202","6","36037","2.97"
"Greene","1","247","New York","6/8/20","239","8","36039","3.35"
"Hamilton","0","5","New York","6/8/20","5","0","36041","0"
"Herkimer","2","124","New York","6/8/20","109","15","36043","13.76"
"Jefferson","1","78","New York","6/8/20","74","4","36045","5.41"
"Lewis","0","20","New York","6/8/20","20","0","36049","0"
"Livingston","0","121","New York","6/8/20","119","2","36051","1.68"
"Madison","2","327","New York","6/8/20","316","11","36053","3.48"
"Monroe","34","3203","New York","6/8/20","2964","239","36055","8.06"
"Montgomery","1","100","New York","6/8/20","91","9","36057","9.89"
"Nassau","67","40947","New York","6/8/20","40479","468","36059","1.16"
"New York","513","207353","New York","6/8/20","203764","3589","36061","1.76"
"Niagara","10","1116","New York","6/8/20","1046","70","36063","6.69"
"Oneida","19","1170","New York","6/8/20","1036","134","36065","12.93"
"Onondaga","30","2408","New York","6/8/20","2197","211","36067","9.6"
"Ontario","2","221","New York","6/8/20","208","13","36069","6.25"
"Orange","14","10523","New York","6/8/20","10422","101","36071","0.97"
"Orleans","3","256","New York","6/8/20","236","20","36073","8.47"
"Oswego","1","115","New York","6/8/20","110","5","36075","4.55"
"Otsego","0","75","New York","6/8/20","72","3","36077","4.17"
"Putnam","3","1279","New York","6/8/20","1257","22","36079","1.75"
"Rensselaer","2","503","New York","6/8/20","492","11","36083","2.24"
"Rockland","22","13340","New York","6/8/20","13185","155","36087","1.18"
"Saratoga","3","504","New York","6/8/20","483","21","36091","4.35"
"Schenectady","3","712","New York","6/8/20","693","19","36093","2.74"
"Schoharie","1","54","New York","6/8/20","50","4","36095","8"
"Schuyler","0","12","New York","6/8/20","11","1","36097","9.09"
"Seneca","0","61","New York","6/8/20","59","2","36099","3.39"
"St. Lawrence","1","209","New York","6/8/20","205","4","36089","1.95"
"Steuben","1","251","New York","6/8/20","241","10","36101","4.15"
"Suffolk","96","40377","New York","6/8/20","39705","672","36103","1.69"
"Sullivan","4","1417","New York","6/8/20","1389","28","36105","2.02"
"Tioga","1","134","New York","6/8/20","130","4","36107","3.08"
"Tompkins","1","171","New York","6/8/20","164","7","36109","4.27"
"Ulster","4","1721","New York","6/8/20","1691","30","36111","1.77"
"Warren","0","257","New York","6/8/20","255","2","36113","0.78"
"Washington","1","240","New York","6/8/20","235","5","36115","2.13"
"Wayne","1","125","New York","6/8/20","116","9","36117","7.76"
"Westchester","64","34000","New York","6/8/20","33552","448","36119","1.34"
"Wyoming","1","90","New York","6/8/20","86","4","36121","4.65"
"Yates","0","39","New York","6/8/20","39","0","36123","0"
"Alamance","20","528","North Carolina","6/8/20","391","137","37001","35.04"
"Alexander","1","43","North Carolina","6/8/20","35","8","37003","22.86"
"Alleghany","2","29","North Carolina","6/8/20","17","12","37005","70.59"
"Anson","1","74","North Carolina","6/8/20","65","9","37007","13.85"
"Ashe","0","40","North Carolina","6/8/20","37","3","37009","8.11"
"Avery","0","4","North Carolina","6/8/20","2","2","37011","100"
"Beaufort","1","43","North Carolina","6/8/20","36","7","37013","19.44"
"Bertie","2","134","North Carolina","6/8/20","122","12","37015","9.84"
"Bladen","9","165","North Carolina","6/8/20","105","60","37017","57.14"
"Brunswick","8","149","North Carolina","6/8/20","95","54","37019","56.84"
"Buncombe","8","399","North Carolina","6/8/20","346","53","37021","15.32"
"Burke","18","567","North Carolina","6/8/20","439","128","37023","29.16"
"Cabarrus","13","599","North Carolina","6/8/20","508","91","37025","17.91"
"Caldwell","7","204","North Carolina","6/8/20","155","49","37027","31.61"
"Camden","0","3","North Carolina","6/8/20","3","0","37029","0"
"Carteret","0","40","North Carolina","6/8/20","37","3","37031","8.11"
"Caswell","1","97","North Carolina","6/8/20","87","10","37033","11.49"
"Catawba","11","310","North Carolina","6/8/20","234","76","37035","32.48"
"Chatham","14","733","North Carolina","6/8/20","637","96","37037","15.07"
"Cherokee","0","30","North Carolina","6/8/20","30","0","37039","0"
"Chowan","0","17","North Carolina","6/8/20","17","0","37041","0"
"Clay","0","8","North Carolina","6/8/20","8","0","37043","0"
"Cleveland","4","121","North Carolina","6/8/20","94","27","37045","28.72"
"Columbus","5","373","North Carolina","6/8/20","338","35","37047","10.36"
"Craven","4","239","North Carolina","6/8/20","209","30","37049","14.35"
"Cumberland","10","781","North Carolina","6/8/20","712","69","37051","9.69"
"Currituck","0","15","North Carolina","6/8/20","14","1","37053","7.14"
"Dare","0","25","North Carolina","6/8/20","22","3","37055","13.64"
"Davidson","13","520","North Carolina","6/8/20","430","90","37057","20.93"
"Davie","2","119","North Carolina","6/8/20","103","16","37059","15.53"
"Duplin","29","1047","North Carolina","6/8/20","846","201","37061","23.76"
"Durham","72","2180","North Carolina","6/8/20","1677","503","37063","29.99"
"Edgecombe","4","229","North Carolina","6/8/20","201","28","37065","13.93"
"Forsyth","54","1816","North Carolina","6/8/20","1441","375","37067","26.02"
"Franklin","4","190","North Carolina","6/8/20","159","31","37069","19.5"
"Gaston","11","366","North Carolina","6/8/20","286","80","37071","27.97"
"Gates","0","24","North Carolina","6/8/20","24","0","37073","0"
"Graham","0","4","North Carolina","6/8/20","2","2","37075","100"
"Granville","29","513","North Carolina","6/8/20","312","201","37077","64.42"
"Greene","4","104","North Carolina","6/8/20","79","25","37079","31.65"
"Guilford","54","1665","North Carolina","6/8/20","1288","377","37081","29.27"
"Halifax","3","203","North Carolina","6/8/20","182","21","37083","11.54"
"Harnett","6","337","North Carolina","6/8/20","292","45","37085","15.41"
"Haywood","2","60","North Carolina","6/8/20","48","12","37087","25"
"Henderson","4","376","North Carolina","6/8/20","347","29","37089","8.36"
"Hertford","1","135","North Carolina","6/8/20","128","7","37091","5.47"
"Hoke","5","278","North Carolina","6/8/20","243","35","37093","14.4"
"Hyde","0","2","North Carolina","6/8/20","1","1","37095","100"
"Iredell","11","348","North Carolina","6/8/20","268","80","37097","29.85"
"Jackson","2","50","North Carolina","6/8/20","34","16","37099","47.06"
"Johnston","26","648","North Carolina","6/8/20","466","182","37101","39.06"
"Jones","0","28","North Carolina","6/8/20","28","0","37103","0"
"Lee","11","534","North Carolina","6/8/20","460","74","37105","16.09"
"Lenoir","3","241","North Carolina","6/8/20","217","24","37107","11.06"
"Lincoln","5","105","North Carolina","6/8/20","70","35","37109","50"
"Macon","9","146","North Carolina","6/8/20","84","62","37113","73.81"
"Madison","0","4","North Carolina","6/8/20","4","0","37115","0"
"Martin","1","77","North Carolina","6/8/20","73","4","37117","5.48"
"McDowell","4","101","North Carolina","6/8/20","76","25","37111","32.89"
"Mecklenburg","181","5682","North Carolina","6/8/20","4412","1270","37119","28.79"
"Mitchell","0","17","North Carolina","6/8/20","14","3","37121","21.43"
"Montgomery","5","165","North Carolina","6/8/20","128","37","37123","28.91"
"Moore","5","259","North Carolina","6/8/20","224","35","37125","15.62"
"Nash","5","242","North Carolina","6/8/20","206","36","37127","17.48"
"New Hanover","9","270","North Carolina","6/8/20","208","62","37129","29.81"
"Northampton","1","165","North Carolina","6/8/20","156","9","37131","5.77"
"Onslow","3","134","North Carolina","6/8/20","110","24","37133","21.82"
"Orange","7","405","North Carolina","6/8/20","357","48","37135","13.45"
"Pamlico","0","13","North Carolina","6/8/20","10","3","37137","30"
"Pasquotank","2","119","North Carolina","6/8/20","105","14","37139","13.33"
"Pender","4","113","North Carolina","6/8/20","83","30","37141","36.14"
"Perquimans","0","26","North Carolina","6/8/20","24","2","37143","8.33"
"Person","2","61","North Carolina","6/8/20","50","11","37145","22"
"Pitt","12","397","North Carolina","6/8/20","313","84","37147","26.84"
"Polk","2","48","North Carolina","6/8/20","37","11","37149","29.73"
"Randolph","18","801","North Carolina","6/8/20","678","123","37151","18.14"
"Richmond","3","184","North Carolina","6/8/20","165","19","37153","11.52"
"Robeson","12","905","North Carolina","6/8/20","824","81","37155","9.83"
"Rockingham","3","116","North Carolina","6/8/20","97","19","37157","19.59"
"Rowan","14","771","North Carolina","6/8/20","673","98","37159","14.56"
"Rutherford","3","200","North Carolina","6/8/20","182","18","37161","9.89"
"Sampson","17","621","North Carolina","6/8/20","499","122","37163","24.45"
"Scotland","2","98","North Carolina","6/8/20","86","12","37165","13.95"
"Stanly","5","118","North Carolina","6/8/20","82","36","37167","43.9"
"Stokes","2","86","North Carolina","6/8/20","69","17","37169","24.64"
"Surry","9","279","North Carolina","6/8/20","218","61","37171","27.98"
"Swain","2","25","North Carolina","6/8/20","13","12","37173","92.31"
"Transylvania","0","16","North Carolina","6/8/20","14","2","37175","14.29"
"Tyrrell","0","4","North Carolina","6/8/20","4","0","37177","0"
"Union","20","592","North Carolina","6/8/20","454","138","37179","30.4"
"Vance","7","370","North Carolina","6/8/20","323","47","37181","14.55"
"Wake","75","2300","North Carolina","6/8/20","1773","527","37183","29.72"
"Warren","4","93","North Carolina","6/8/20","63","30","37185","47.62"
"Washington","0","32","North Carolina","6/8/20","30","2","37187","6.67"
"Watauga","3","41","North Carolina","6/8/20","23","18","37189","78.26"
"Wayne","24","1335","North Carolina","6/8/20","1169","166","37191","14.2"
"Wilkes","2","511","North Carolina","6/8/20","500","11","37193","2.2"
"Wilson","12","445","North Carolina","6/8/20","360","85","37195","23.61"
"Yadkin","6","217","North Carolina","6/8/20","177","40","37197","22.6"
"Yancey","1","21","North Carolina","6/8/20","15","6","37199","40"
"Barnes","1","9","North Dakota","6/8/20","5","4","38003","80"
"Benson","0","2","North Dakota","6/8/20","1","1","38005","100"
"Bottineau","0","3","North Dakota","6/8/20","2","1","38009","50"
"Bowman","0","1","North Dakota","6/8/20","1","0","38011","0"
"Burke","0","5","North Dakota","6/8/20","5","0","38013","0"
"Burleigh","2","143","North Dakota","6/8/20","129","14","38015","10.85"
"Cass","25","1917","North Dakota","6/8/20","1744","173","38017","9.92"
"Dickey","0","1","North Dakota","6/8/20","0","1","38021","1"
"Divide","0","1","North Dakota","6/8/20","1","0","38023","0"
"Dunn","0","11","North Dakota","6/8/20","11","0","38025","0"
"Eddy","0","5","North Dakota","6/8/20","4","1","38027","25"
"Emmons","0","4","North Dakota","6/8/20","4","0","38029","0"
"Foster","0","1","North Dakota","6/8/20","1","0","38031","0"
"Grand Forks","0","339","North Dakota","6/8/20","336","3","38035","0.89"
"Grant","0","2","North Dakota","6/8/20","2","0","38037","0"
"Griggs","0","1","North Dakota","6/8/20","1","0","38039","0"
"LaMoure","0","1","North Dakota","6/8/20","0","1","38045","1"
"McHenry","0","2","North Dakota","6/8/20","2","0","38049","0"
"McIntosh","0","1","North Dakota","6/8/20","1","0","38051","0"
"McKenzie","0","18","North Dakota","6/8/20","17","1","38053","5.88"
"McLean","0","7","North Dakota","6/8/20","7","0","38055","0"
"Mercer","0","6","North Dakota","6/8/20","5","1","38057","20"
"Morton","0","60","North Dakota","6/8/20","60","0","38059","0"
"Mountrail","0","43","North Dakota","6/8/20","40","3","38061","7.5"
"Nelson","0","1","North Dakota","6/8/20","1","0","38063","0"
"Oliver","0","1","North Dakota","6/8/20","1","0","38065","0"
"Pembina","0","6","North Dakota","6/8/20","6","0","38067","0"
"Pierce","0","3","North Dakota","6/8/20","3","0","38069","0"
"Ramsey","0","8","North Dakota","6/8/20","8","0","38071","0"
"Ransom","0","11","North Dakota","6/8/20","9","2","38073","22.22"
"Renville","0","3","North Dakota","6/8/20","3","0","38075","0"
"Richland","1","28","North Dakota","6/8/20","22","6","38077","27.27"
"Rolette","0","6","North Dakota","6/8/20","6","0","38079","0"
"Sargent","0","4","North Dakota","6/8/20","3","1","38081","33.33"
"Sheridan","0","1","North Dakota","6/8/20","0","1","38083","1"
"Sioux","0","2","North Dakota","6/8/20","1","1","38085","100"
"Slope","0","3","North Dakota","6/8/20","3","0","38087","0"
"Stark","0","62","North Dakota","6/8/20","62","0","38089","0"
"Steele","0","1","North Dakota","6/8/20","1","0","38091","0"
"Stutsman","4","50","North Dakota","6/8/20","24","26","38093","108.33"
"Traill","0","14","North Dakota","6/8/20","14","0","38097","0"
"Walsh","0","16","North Dakota","6/8/20","14","2","38099","14.29"
"Ward","1","44","North Dakota","6/8/20","37","7","38101","18.92"
"Wells","1","8","North Dakota","6/8/20","3","5","38103","166.67"
"Williams","0","25","North Dakota","6/8/20","25","0","38105","0"
"","1","28","Northern Mariana Islands","6/8/20","22","6",,"27.27"
"Adams","0","11","Ohio","6/8/20","10","1","39001","10"
"Allen","2","224","Ohio","6/8/20","212","12","39003","5.66"
"Ashland","1","24","Ohio","6/8/20","20","4","39005","20"
"Ashtabula","5","374","Ohio","6/8/20","340","34","39007","10"
"Athens","0","18","Ohio","6/8/20","18","0","39009","0"
"Auglaize","1","80","Ohio","6/8/20","72","8","39011","11.11"
"Belmont","3","453","Ohio","6/8/20","435","18","39013","4.14"
"Brown","0","31","Ohio","6/8/20","29","2","39015","6.9"
"Butler","15","1013","Ohio","6/8/20","909","104","39017","11.44"
"Carroll","1","36","Ohio","6/8/20","31","5","39019","16.13"
"Champaign","1","34","Ohio","6/8/20","28","6","39021","21.43"
"Clark","11","371","Ohio","6/8/20","295","76","39023","25.76"
"Clermont","3","232","Ohio","6/8/20","213","19","39025","8.92"
"Clinton","1","48","Ohio","6/8/20","43","5","39027","11.63"
"Columbiana","3","899","Ohio","6/8/20","875","24","39029","2.74"
"Coshocton","1","48","Ohio","6/8/20","40","8","39031","20"
"Crawford","1","121","Ohio","6/8/20","115","6","39033","5.22"
"Cuyahoga","57","4910","Ohio","6/8/20","4508","402","39035","8.92"
"Darke","3","193","Ohio","6/8/20","174","19","39037","10.92"
"Defiance","0","37","Ohio","6/8/20","34","3","39039","8.82"
"Delaware","5","369","Ohio","6/8/20","337","32","39041","9.5"
"Erie","2","190","Ohio","6/8/20","175","15","39043","8.57"
"Fairfield","8","333","Ohio","6/8/20","280","53","39045","18.93"
"Fayette","0","43","Ohio","6/8/20","40","3","39047","7.5"
"Franklin","93","6586","Ohio","6/8/20","5933","653","39049","11.01"
"Fulton","1","50","Ohio","6/8/20","44","6","39051","13.64"
"Gallia","0","9","Ohio","6/8/20","8","1","39053","12.5"
"Geauga","4","313","Ohio","6/8/20","286","27","39055","9.44"
"Greene","2","114","Ohio","6/8/20","103","11","39057","10.68"
"Guernsey","1","43","Ohio","6/8/20","36","7","39059","19.44"
"Hamilton","28","2891","Ohio","6/8/20","2698","193","39061","7.15"
"Hancock","1","58","Ohio","6/8/20","50","8","39063","16"
"Hardin","2","76","Ohio","6/8/20","61","15","39065","24.59"
"Harrison","0","10","Ohio","6/8/20","10","0","39067","0"
"Henry","0","19","Ohio","6/8/20","16","3","39069","18.75"
"Highland","1","30","Ohio","6/8/20","25","5","39071","20"
"Hocking","1","74","Ohio","6/8/20","69","5","39073","7.25"
"Holmes","4","69","Ohio","6/8/20","43","26","39075","60.47"
"Huron","0","63","Ohio","6/8/20","60","3","39077","5"
"Jackson","0","15","Ohio","6/8/20","14","1","39079","7.14"
"Jefferson","0","69","Ohio","6/8/20","67","2","39081","2.99"
"Knox","1","29","Ohio","6/8/20","25","4","39083","16"
"Lake","4","334","Ohio","6/8/20","309","25","39085","8.09"
"Lawrence","0","30","Ohio","6/8/20","30","0","39087","0"
"Licking","4","280","Ohio","6/8/20","249","31","39089","12.45"
"Logan","1","46","Ohio","6/8/20","39","7","39091","17.95"
"Lorain","9","755","Ohio","6/8/20","692","63","39093","9.1"
"Lucas","11","2354","Ohio","6/8/20","2277","77","39095","3.38"
"Madison","2","167","Ohio","6/8/20","155","12","39097","7.74"
"Mahoning","11","1516","Ohio","6/8/20","1438","78","39099","5.42"
"Marion","4","2694","Ohio","6/8/20","2668","26","39101","0.97"
"Medina","6","388","Ohio","6/8/20","346","42","39103","12.14"
"Meigs","0","6","Ohio","6/8/20","6","0","39105","0"
"Mercer","3","237","Ohio","6/8/20","216","21","39107","9.72"
"Miami","2","375","Ohio","6/8/20","358","17","39109","4.75"
"Monroe","0","81","Ohio","6/8/20","79","2","39111","2.53"
"Montgomery","19","817","Ohio","6/8/20","684","133","39113","19.44"
"Morgan","0","6","Ohio","6/8/20","5","1","39115","20"
"Morrow","0","108","Ohio","6/8/20","107","1","39117","0.93"
"Muskingum","1","57","Ohio","6/8/20","52","5","39119","9.62"
"Noble","0","6","Ohio","6/8/20","6","0","39121","0"
"Ottawa","1","109","Ohio","6/8/20","103","6","39123","5.83"
"Paulding","0","14","Ohio","6/8/20","14","0","39125","0"
"Perry","0","20","Ohio","6/8/20","18","2","39127","11.11"
"Pickaway","3","2108","Ohio","6/8/20","2086","22","39129","1.05"
"Pike","0","9","Ohio","6/8/20","8","1","39131","12.5"
"Portage","2","341","Ohio","6/8/20","327","14","39133","4.28"
"Preble","0","39","Ohio","6/8/20","39","0","39135","0"
"Putnam","1","97","Ohio","6/8/20","93","4","39137","4.3"
"Richland","4","232","Ohio","6/8/20","201","31","39139","15.42"
"Ross","0","74","Ohio","6/8/20","72","2","39141","2.78"
"Sandusky","2","97","Ohio","6/8/20","81","16","39143","19.75"
"Scioto","0","19","Ohio","6/8/20","18","1","39145","5.56"
"Seneca","1","27","Ohio","6/8/20","20","7","39147","35"
"Shelby","1","49","Ohio","6/8/20","43","6","39149","13.95"
"Stark","12","821","Ohio","6/8/20","736","85","39151","11.55"
"Summit","17","1571","Ohio","6/8/20","1453","118","39153","8.12"
"Trumbull","5","616","Ohio","6/8/20","582","34","39155","5.84"
"Tuscarawas","5","381","Ohio","6/8/20","349","32","39157","9.17"
"Union","1","58","Ohio","6/8/20","52","6","39159","11.54"
"Van Wert","0","8","Ohio","6/8/20","6","2","39161","33.33"
"Vinton","0","21","Ohio","6/8/20","21","0","39163","0"
"Warren","7","427","Ohio","6/8/20","378","49","39165","12.96"
"Washington","0","118","Ohio","6/8/20","118","0","39167","0"
"Wayne","3","300","Ohio","6/8/20","277","23","39169","8.3"
"Williams","0","58","Ohio","6/8/20","55","3","39171","5.45"
"Wood","2","308","Ohio","6/8/20","295","13","39173","4.41"
"Wyandot","1","48","Ohio","6/8/20","42","6","39175","14.29"
"Adair","1","94","Oklahoma","6/8/20","88","6","40001","6.82"
"Alfalfa","0","1","Oklahoma","6/8/20","1","0","40003","0"
"Atoka","0","4","Oklahoma","6/8/20","3","1","40005","33.33"
"Beaver","0","27","Oklahoma","6/8/20","24","3","40007","12.5"
"Beckham","0","7","Oklahoma","6/8/20","10","-3","40009","-30"
"Blaine","0","9","Oklahoma","6/8/20","6","3","40011","50"
"Bryan","1","36","Oklahoma","6/8/20","29","7","40013","24.14"
"Caddo","1","170","Oklahoma","6/8/20","162","8","40015","4.94"
"Canadian","1","142","Oklahoma","6/8/20","133","9","40017","6.77"
"Carter","1","53","Oklahoma","6/8/20","45","8","40019","17.78"
"Cherokee","1","33","Oklahoma","6/8/20","29","4","40021","13.79"
"Choctaw","9","100","Oklahoma","6/8/20","39","61","40023","156.41"
"Cimarron","0","1","Oklahoma","6/8/20","1","0","40025","0"
"Cleveland","3","524","Oklahoma","6/8/20","503","21","40027","4.17"
"Coal","1","5","Oklahoma","6/8/20","1","4","40029","400"
"Comanche","4","310","Oklahoma","6/8/20","283","27","40031","9.54"
"Cotton","0","5","Oklahoma","6/8/20","5","0","40033","0"
"Craig","0","16","Oklahoma","6/8/20","15","1","40035","6.67"
"Creek","1","100","Oklahoma","6/8/20","95","5","40037","5.26"
"Custer","2","34","Oklahoma","6/8/20","20","14","40039","70"
"Delaware","0","102","Oklahoma","6/8/20","100","2","40041","2"
"Dewey","0","2","Oklahoma","6/8/20","2","0","40043","0"
"Garfield","0","30","Oklahoma","6/8/20","28","2","40047","7.14"
"Garvin","0","20","Oklahoma","6/8/20","18","2","40049","11.11"
"Grady","3","115","Oklahoma","6/8/20","97","18","40051","18.56"
"Grant","0","2","Oklahoma","6/8/20","2","0","40053","0"
"Greer","0","66","Oklahoma","6/8/20","66","0","40055","0"
"Harper","0","1","Oklahoma","6/8/20","1","0","40059","0"
"Haskell","0","6","Oklahoma","6/8/20","6","0","40061","0"
"Hughes","0","3","Oklahoma","6/8/20","1","2","40063","200"
"Jackson","0","28","Oklahoma","6/8/20","27","1","40065","3.7"
"Jefferson","0","4","Oklahoma","6/8/20","3","1","40067","33.33"
"Johnston","0","3","Oklahoma","6/8/20","3","0","40069","0"
"Kay","1","59","Oklahoma","6/8/20","54","5","40071","9.26"
"Kingfisher","0","12","Oklahoma","6/8/20","11","1","40073","9.09"
"Kiowa","0","6","Oklahoma","6/8/20","6","0","40075","0"
"Latimer","0","5","Oklahoma","6/8/20","5","0","40077","0"
"Le Flore","0","16","Oklahoma","6/8/20","14","2","40079","14.29"
"Lincoln","0","23","Oklahoma","6/8/20","22","1","40081","4.55"
"Logan","0","21","Oklahoma","6/8/20","19","2","40083","10.53"
"Love","0","17","Oklahoma","6/8/20","15","2","40085","13.33"
"Major","0","6","Oklahoma","6/8/20","6","0","40093","0"
"Marshall","0","11","Oklahoma","6/8/20","8","3","40095","37.5"
"Mayes","1","34","Oklahoma","6/8/20","30","4","40097","13.33"
"McClain","1","110","Oklahoma","6/8/20","105","5","40087","4.76"
"McCurtain","8","97","Oklahoma","6/8/20","41","56","40089","136.59"
"McIntosh","0","14","Oklahoma","6/8/20","11","3","40091","27.27"
"Murray","0","6","Oklahoma","6/8/20","4","2","40099","50"
"Muskogee","2","64","Oklahoma","6/8/20","48","16","40101","33.33"
"Noble","0","7","Oklahoma","6/8/20","7","0","40103","0"
"Nowata","0","24","Oklahoma","6/8/20","23","1","40105","4.35"
"Okfuskee","0","5","Oklahoma","6/8/20","4","1","40107","25"
"Oklahoma","14","1384","Oklahoma","6/8/20","1284","100","40109","7.79"
"Okmulgee","0","27","Oklahoma","6/8/20","26","1","40111","3.85"
"Osage","1","102","Oklahoma","6/8/20","95","7","40113","7.37"
"Ottawa","0","35","Oklahoma","6/8/20","35","0","40115","0"
"Pawnee","0","34","Oklahoma","6/8/20","31","3","40117","9.68"
"Payne","1","51","Oklahoma","6/8/20","45","6","40119","13.33"
"Pittsburg","0","42","Oklahoma","6/8/20","41","1","40121","2.44"
"Pontotoc","1","18","Oklahoma","6/8/20","14","4","40123","28.57"
"Pottawatomie","0","64","Oklahoma","6/8/20","62","2","40125","3.23"
"Pushmataha","0","5","Oklahoma","6/8/20","2","3","40127","150"
"Rogers","1","87","Oklahoma","6/8/20","81","6","40131","7.41"
"Seminole","1","30","Oklahoma","6/8/20","26","4","40133","15.38"
"Sequoyah","0","17","Oklahoma","6/8/20","15","2","40135","13.33"
"Stephens","1","44","Oklahoma","6/8/20","38","6","40137","15.79"
"Texas","3","947","Oklahoma","6/8/20","926","21","40139","2.27"
"Tillman","0","23","Oklahoma","6/8/20","23","0","40141","0"
"Tulsa","25","1196","Oklahoma","6/8/20","1022","174","40143","17.03"
"Wagoner","1","156","Oklahoma","6/8/20","150","6","40145","4"
"Washington","2","340","Oklahoma","6/8/20","325","15","40147","4.62"
"Washita","0","2","Oklahoma","6/8/20","2","0","40149","0"
"Woods","0","4","Oklahoma","6/8/20","3","1","40151","33.33"
"Woodward","0","7","Oklahoma","6/8/20","5","2","40153","40"
"Baker","0","1","Oregon","6/8/20","1","0","41001","0"
"Benton","1","62","Oregon","6/8/20","55","7","41003","12.73"
"Clackamas","9","377","Oregon","6/8/20","317","60","41005","18.93"
"Clatsop","0","45","Oregon","6/8/20","45","0","41007","0"
"Columbia","0","16","Oregon","6/8/20","16","0","41009","0"
"Coos","0","32","Oregon","6/8/20","31","1","41011","3.23"
"Crook","0","6","Oregon","6/8/20","6","0","41013","0"
"Curry","0","7","Oregon","6/8/20","7","0","41015","0"
"Deschutes","1","135","Oregon","6/8/20","127","8","41017","6.3"
"Douglas","0","29","Oregon","6/8/20","27","2","41019","7.41"
"Grant","0","1","Oregon","6/8/20","1","0","41023","0"
"Harney","0","1","Oregon","6/8/20","1","0","41025","0"
"Hood River","6","59","Oregon","6/8/20","18","41","41027","227.78"
"Jackson","1","71","Oregon","6/8/20","67","4","41029","5.97"
"Jefferson","2","58","Oregon","6/8/20","44","14","41031","31.82"
"Josephine","0","23","Oregon","6/8/20","24","-1","41033","-4.17"
"Klamath","0","46","Oregon","6/8/20","44","2","41035","4.55"
"Lake","0","2","Oregon","6/8/20","2","0","41037","0"
"Lane","1","81","Oregon","6/8/20","77","4","41039","5.19"
"Lincoln","20","155","Oregon","6/8/20","15","140","41041","933.33"
"Linn","1","125","Oregon","6/8/20","117","8","41043","6.84"
"Malheur","0","34","Oregon","6/8/20","32","2","41045","6.25"
"Marion","12","1058","Oregon","6/8/20","973","85","41047","8.74"
"Morrow","0","13","Oregon","6/8/20","12","1","41049","8.33"
"Multnomah","19","1302","Oregon","6/8/20","1171","131","41051","11.19"
"Polk","0","103","Oregon","6/8/20","100","3","41053","3"
"Sherman","0","1","Oregon","6/8/20","1","0","41055","0"
"Tillamook","0","6","Oregon","6/8/20","6","0","41057","0"
"Umatilla","3","144","Oregon","6/8/20","120","24","41059","20"
"Union","0","6","Oregon","6/8/20","6","0","41061","0"
"Wallowa","0","3","Oregon","6/8/20","2","1","41063","50"
"Wasco","2","35","Oregon","6/8/20","24","11","41065","45.83"
"Washington","8","800","Oregon","6/8/20","743","57","41067","7.67"
"Yamhill","2","85","Oregon","6/8/20","70","15","41071","21.43"
"Adams","4","275","Pennsylvania","6/8/20","250","25","42001","10"
"Allegheny","13","2008","Pennsylvania","6/8/20","1919","89","42003","4.64"
"Armstrong","0","65","Pennsylvania","6/8/20","62","3","42005","4.84"
"Beaver","2","603","Pennsylvania","6/8/20","590","13","42007","2.2"
"Bedford","1","45","Pennsylvania","6/8/20","40","5","42009","12.5"
"Berks","21","4218","Pennsylvania","6/8/20","4074","144","42011","3.53"
"Blair","0","53","Pennsylvania","6/8/20","50","3","42013","6"
"Bradford","0","46","Pennsylvania","6/8/20","46","0","42015","0"
"Bucks","25","5278","Pennsylvania","6/8/20","5100","178","42017","3.49"
"Butler","2","247","Pennsylvania","6/8/20","230","17","42019","7.39"
"Cambria","0","59","Pennsylvania","6/8/20","58","1","42021","1.72"
"Cameron","0","2","Pennsylvania","6/8/20","2","0","42023","0"
"Carbon","2","249","Pennsylvania","6/8/20","237","12","42025","5.06"
"Centre","0","157","Pennsylvania","6/8/20","154","3","42027","1.95"
"Chester","45","3102","Pennsylvania","6/8/20","2784","318","42029","11.42"
"Clarion","0","27","Pennsylvania","6/8/20","27","0","42031","0"
"Clearfield","1","44","Pennsylvania","6/8/20","40","4","42033","10"
"Clinton","1","61","Pennsylvania","6/8/20","57","4","42035","7.02"
"Columbia","2","364","Pennsylvania","6/8/20","348","16","42037","4.6"
"Crawford","0","30","Pennsylvania","6/8/20","29","1","42039","3.45"
"Cumberland","5","672","Pennsylvania","6/8/20","635","37","42041","5.83"
"Dauphin","28","1499","Pennsylvania","6/8/20","1303","196","42043","15.04"
"Delaware","31","6698","Pennsylvania","6/8/20","6481","217","42045","3.35"
"Elk","0","6","Pennsylvania","6/8/20","6","0","42047","0"
"Erie","12","378","Pennsylvania","6/8/20","295","83","42049","28.14"
"Fayette","0","95","Pennsylvania","6/8/20","95","0","42051","0"
"Forest","0","7","Pennsylvania","6/8/20","7","0","42053","0"
"Franklin","3","798","Pennsylvania","6/8/20","777","21","42055","2.7"
"Fulton","0","16","Pennsylvania","6/8/20","15","1","42057","6.67"
"Greene","0","27","Pennsylvania","6/8/20","27","0","42059","0"
"Huntingdon","1","236","Pennsylvania","6/8/20","231","5","42061","2.16"
"Indiana","0","92","Pennsylvania","6/8/20","91","1","42063","1.1"
"Jefferson","1","16","Pennsylvania","6/8/20","9","7","42065","77.78"
"Juniata","1","99","Pennsylvania","6/8/20","95","4","42067","4.21"
"Lackawanna","5","1584","Pennsylvania","6/8/20","1551","33","42069","2.13"
"Lancaster","45","3503","Pennsylvania","6/8/20","3189","314","42071","9.85"
"Lawrence","1","85","Pennsylvania","6/8/20","80","5","42073","6.25"
"Lebanon","14","1072","Pennsylvania","6/8/20","972","100","42075","10.29"
"Lehigh","14","3871","Pennsylvania","6/8/20","3770","101","42077","2.68"
"Luzerne","8","2793","Pennsylvania","6/8/20","2739","54","42079","1.97"
"Lycoming","1","168","Pennsylvania","6/8/20","164","4","42081","2.44"
"McKean","0","13","Pennsylvania","6/8/20","12","1","42083","8.33"
"Mercer","1","111","Pennsylvania","6/8/20","107","4","42085","3.74"
"Mifflin","0","59","Pennsylvania","6/8/20","59","0","42087","0"
"Monroe","3","1341","Pennsylvania","6/8/20","1320","21","42089","1.59"
"Montgomery","74","7610","Pennsylvania","6/8/20","7093","517","42091","7.29"
"Montour","0","53","Pennsylvania","6/8/20","53","0","42093","0"
"Northampton","12","3168","Pennsylvania","6/8/20","3082","86","42095","2.79"
"Northumberland","2","209","Pennsylvania","6/8/20","194","15","42097","7.73"
"Perry","1","68","Pennsylvania","6/8/20","61","7","42099","11.48"
"Philadelphia","116","23691","Pennsylvania","6/8/20","22881","810","42101","3.54"
"Pike","1","482","Pennsylvania","6/8/20","477","5","42103","1.05"
"Potter","1","11","Pennsylvania","6/8/20","4","7","42105","175"
"Schuylkill","4","657","Pennsylvania","6/8/20","631","26","42107","4.12"
"Snyder","1","55","Pennsylvania","6/8/20","45","10","42109","22.22"
"Somerset","0","39","Pennsylvania","6/8/20","38","1","42111","2.63"
"Sullivan","0","3","Pennsylvania","6/8/20","3","0","42113","0"
"Susquehanna","6","154","Pennsylvania","6/8/20","110","44","42115","40"
"Tioga","0","19","Pennsylvania","6/8/20","17","2","42117","11.76"
"Union","2","73","Pennsylvania","6/8/20","62","11","42119","17.74"
"Venango","1","15","Pennsylvania","6/8/20","9","6","42121","66.67"
"Warren","0","5","Pennsylvania","6/8/20","3","2","42123","66.67"
"Washington","1","149","Pennsylvania","6/8/20","140","9","42125","6.43"
"Wayne","1","124","Pennsylvania","6/8/20","120","4","42127","3.33"
"Westmoreland","2","461","Pennsylvania","6/8/20","449","12","42129","2.67"
"Wyoming","0","35","Pennsylvania","6/8/20","34","1","42131","2.94"
"York","10","1086","Pennsylvania","6/8/20","1013","73","42133","7.21"
"","168","5046","Puerto Rico","6/8/20","3873","1173",,"30.29"
"Bristol","1","231","Rhode Island","6/8/20","224","7","44001","3.12"
"Kent","8","1105","Rhode Island","6/8/20","1052","53","44003","5.04"
"Newport","4","269","Rhode Island","6/8/20","244","25","44005","10.25"
"Providence","130","11959","Rhode Island","6/8/20","11052","907","44007","8.21"
"Washington","2","513","Rhode Island","6/8/20","499","14","44009","2.81"
"Abbeville","2","58","South Carolina","6/8/20","44","14","45001","31.82"
"Aiken","1","212","South Carolina","6/8/20","206","6","45003","2.91"
"Allendale","0","39","South Carolina","6/8/20","38","1","45005","2.63"
"Anderson","6","280","South Carolina","6/8/20","241","39","45007","16.18"
"Bamberg","2","36","South Carolina","6/8/20","22","14","45009","63.64"
"Barnwell","1","54","South Carolina","6/8/20","48","6","45011","12.5"
"Beaufort","8","444","South Carolina","6/8/20","389","55","45013","14.14"
"Berkeley","7","282","South Carolina","6/8/20","235","47","45015","20"
"Calhoun","1","22","South Carolina","6/8/20","16","6","45017","37.5"
"Charleston","25","811","South Carolina","6/8/20","634","177","45019","27.92"
"Cherokee","4","70","South Carolina","6/8/20","43","27","45021","62.79"
"Chester","4","109","South Carolina","6/8/20","83","26","45023","31.33"
"Chesterfield","7","250","South Carolina","6/8/20","200","50","45025","25"
"Clarendon","1","306","South Carolina","6/8/20","301","5","45027","1.66"
"Colleton","5","144","South Carolina","6/8/20","110","34","45029","30.91"
"Darlington","4","330","South Carolina","6/8/20","299","31","45031","10.37"
"Dillon","3","189","South Carolina","6/8/20","166","23","45033","13.86"
"Dorchester","7","216","South Carolina","6/8/20","169","47","45035","27.81"
"Edgefield","1","56","South Carolina","6/8/20","51","5","45037","9.8"
"Fairfield","4","211","South Carolina","6/8/20","181","30","45039","16.57"
"Florence","7","724","South Carolina","6/8/20","675","49","45041","7.26"
"Georgetown","2","94","South Carolina","6/8/20","77","17","45043","22.08"
"Greenville","69","2175","South Carolina","6/8/20","1690","485","45045","28.7"
"Greenwood","5","183","South Carolina","6/8/20","147","36","45047","24.49"
"Hampton","1","45","South Carolina","6/8/20","38","7","45049","18.42"
"Horry","32","676","South Carolina","6/8/20","454","222","45051","48.9"
"Jasper","1","48","South Carolina","6/8/20","42","6","45053","14.29"
"Kershaw","7","384","South Carolina","6/8/20","338","46","45055","13.61"
"Lancaster","9","203","South Carolina","6/8/20","140","63","45057","45"
"Laurens","3","92","South Carolina","6/8/20","68","24","45059","35.29"
"Lee","2","229","South Carolina","6/8/20","218","11","45061","5.05"
"Lexington","32","879","South Carolina","6/8/20","657","222","45063","33.79"
"Marion","2","84","South Carolina","6/8/20","71","13","45067","18.31"
"Marlboro","5","211","South Carolina","6/8/20","173","38","45069","21.97"
"McCormick","0","11","South Carolina","6/8/20","9","2","45065","22.22"
"Newberry","3","82","South Carolina","6/8/20","62","20","45071","32.26"
"Oconee","1","61","South Carolina","6/8/20","54","7","45073","12.96"
"Orangeburg","10","273","South Carolina","6/8/20","201","72","45075","35.82"
"Pickens","6","207","South Carolina","6/8/20","164","43","45077","26.22"
"Richland","38","1794","South Carolina","6/8/20","1530","264","45079","17.25"
"Saluda","1","154","South Carolina","6/8/20","148","6","45081","4.05"
"Spartanburg","25","813","South Carolina","6/8/20","637","176","45083","27.63"
"Sumter","12","472","South Carolina","6/8/20","387","85","45085","21.96"
"Union","1","41","South Carolina","6/8/20","37","4","45087","10.81"
"Williamsburg","3","260","South Carolina","6/8/20","238","22","45089","9.24"
"York","10","486","South Carolina","6/8/20","417","69","45091","16.55"
"Aurora","0","29","South Dakota","6/8/20","26","3","46003","11.54"
"Beadle","16","385","South Dakota","6/8/20","275","110","46005","40"
"Bon Homme","0","8","South Dakota","6/8/20","8","0","46009","0"
"Brookings","1","23","South Dakota","6/8/20","16","7","46011","43.75"
"Brown","3","299","South Dakota","6/8/20","275","24","46013","8.73"
"Brule","0","2","South Dakota","6/8/20","0","2","46015","1"
"Buffalo","1","25","South Dakota","6/8/20","18","7","46017","38.89"
"Charles Mix","0","20","South Dakota","6/8/20","17","3","46023","17.65"
"Clark","0","4","South Dakota","6/8/20","4","0","46025","0"
"Clay","3","35","South Dakota","6/8/20","15","20","46027","133.33"
"Codington","1","43","South Dakota","6/8/20","37","6","46029","16.22"
"Corson","0","4","South Dakota","6/8/20","4","0","46031","0"
"Custer","0","1","South Dakota","6/8/20","0","1","46033","1"
"Davison","2","30","South Dakota","6/8/20","16","14","46035","87.5"
"Day","0","13","South Dakota","6/8/20","13","0","46037","0"
"Deuel","0","1","South Dakota","6/8/20","1","0","46039","0"
"Dewey","0","1","South Dakota","6/8/20","0","1","46041","1"
"Douglas","0","4","South Dakota","6/8/20","3","1","46043","33.33"
"Edmunds","0","4","South Dakota","6/8/20","1","3","46045","300"
"Fall River","0","6","South Dakota","6/8/20","4","2","46047","50"
"Faulk","0","2","South Dakota","6/8/20","1","1","46049","100"
"Grant","0","13","South Dakota","6/8/20","13","0","46051","0"
"Gregory","0","1","South Dakota","6/8/20","1","0","46053","0"
"Hamlin","0","7","South Dakota","6/8/20","4","3","46057","75"
"Hand","0","5","South Dakota","6/8/20","2","3","46059","150"
"Hanson","0","3","South Dakota","6/8/20","0","3","46061","1"
"Hughes","0","20","South Dakota","6/8/20","19","1","46065","5.26"
"Hutchinson","0","6","South Dakota","6/8/20","5","1","46067","20"
"Hyde","0","2","South Dakota","6/8/20","1","1","46069","100"
"Jackson","0","4","South Dakota","6/8/20","4","0","46071","0"
"Jerauld","1","40","South Dakota","6/8/20","35","5","46073","14.29"
"Kingsbury","1","5","South Dakota","6/8/20","1","4","46077","400"
"Lake","1","13","South Dakota","6/8/20","8","5","46079","62.5"
"Lawrence","0","12","South Dakota","6/8/20","11","1","46081","9.09"
"Lincoln","2","254","South Dakota","6/8/20","238","16","46083","6.72"
"Lyman","1","24","South Dakota","6/8/20","14","10","46085","71.43"
"Marshall","0","4","South Dakota","6/8/20","4","0","46091","0"
"McCook","0","6","South Dakota","6/8/20","6","0","46087","0"
"McPherson","0","2","South Dakota","6/8/20","1","1","46089","100"
"Meade","1","26","South Dakota","6/8/20","21","5","46093","23.81"
"Miner","0","3","South Dakota","6/8/20","2","1","46097","50"
"Minnehaha","8","3409","South Dakota","6/8/20","3355","54","46099","1.61"
"Moody","0","19","South Dakota","6/8/20","19","0","46101","0"
"Oglala Lakota","1","39","South Dakota","6/8/20","31","8","46102","25.81"
"Pennington","11","314","South Dakota","6/8/20","235","79","46103","33.62"
"Roberts","0","38","South Dakota","6/8/20","36","2","46109","5.56"
"Sanborn","0","13","South Dakota","6/8/20","13","0","46111","0"
"Spink","0","5","South Dakota","6/8/20","5","0","46115","0"
"Stanley","0","10","South Dakota","6/8/20","10","0","46117","0"
"Sully","0","1","South Dakota","6/8/20","1","0","46119","0"
"Todd","2","38","South Dakota","6/8/20","27","11","46121","40.74"
"Tripp","0","6","South Dakota","6/8/20","6","0","46123","0"
"Turner","0","25","South Dakota","6/8/20","24","1","46125","4.17"
"Union","1","100","South Dakota","6/8/20","91","9","46127","9.89"
"Walworth","0","5","South Dakota","6/8/20","5","0","46129","0"
"Yankton","1","58","South Dakota","6/8/20","51","7","46135","13.73"
"Ziebach","0","2","South Dakota","6/8/20","1","1","46137","100"
"Anderson","1","48","Tennessee","6/8/20","40","8","47001","20"
"Bedford","7","332","Tennessee","6/8/20","283","49","47003","17.31"
"Benton","0","8","Tennessee","6/8/20","7","1","47005","14.29"
"Bledsoe","1","614","Tennessee","6/8/20","607","7","47007","1.15"
"Blount","0","94","Tennessee","6/8/20","91","3","47009","3.3"
"Bradley","14","219","Tennessee","6/8/20","122","97","47011","79.51"
"Campbell","0","18","Tennessee","6/8/20","18","0","47013","0"
"Cannon","2","34","Tennessee","6/8/20","21","13","47015","61.9"
"Carroll","0","28","Tennessee","6/8/20","27","1","47017","3.7"
"Carter","0","19","Tennessee","6/8/20","19","0","47019","0"
"Cheatham","3","144","Tennessee","6/8/20","123","21","47021","17.07"
"Chester","0","12","Tennessee","6/8/20","12","0","47023","0"
"Claiborne","1","14","Tennessee","6/8/20","9","5","47025","55.56"
"Clay","0","9","Tennessee","6/8/20","7","2","47027","28.57"
"Cocke","0","21","Tennessee","6/8/20","20","1","47029","5"
"Coffee","1","82","Tennessee","6/8/20","73","9","47031","12.33"
"Crockett","0","16","Tennessee","6/8/20","16","0","47033","0"
"Cumberland","2","125","Tennessee","6/8/20","112","13","47035","11.61"
"Davidson","130","5947","Tennessee","6/8/20","5040","907","47037","18"
"Decatur","0","8","Tennessee","6/8/20","5","3","47039","60"
"DeKalb","0","40","Tennessee","6/8/20","37","3","47041","8.11"
"Dickson","2","125","Tennessee","6/8/20","109","16","47043","14.68"
"Dyer","2","67","Tennessee","6/8/20","50","17","47045","34"
"Fayette","6","155","Tennessee","6/8/20","115","40","47047","34.78"
"Fentress","0","12","Tennessee","6/8/20","12","0","47049","0"
"Franklin","0","54","Tennessee","6/8/20","53","1","47051","1.89"
"Gibson","0","64","Tennessee","6/8/20","63","1","47053","1.59"
"Giles","1","18","Tennessee","6/8/20","12","6","47055","50"
"Grainger","1","16","Tennessee","6/8/20","8","8","47057","100"
"Greene","0","52","Tennessee","6/8/20","50","2","47059","4"
"Grundy","0","32","Tennessee","6/8/20","31","1","47061","3.23"
"Hamblen","3","58","Tennessee","6/8/20","36","22","47063","61.11"
"Hamilton","35","1042","Tennessee","6/8/20","794","248","47065","31.23"
"Hancock","0","2","Tennessee","6/8/20","1","1","47067","100"
"Hardeman","2","211","Tennessee","6/8/20","196","15","47069","7.65"
"Hardin","2","31","Tennessee","6/8/20","15","16","47071","106.67"
"Hawkins","0","34","Tennessee","6/8/20","33","1","47073","3.03"
"Haywood","1","36","Tennessee","6/8/20","31","5","47075","16.13"
"Henderson","0","15","Tennessee","6/8/20","15","0","47077","0"
"Henry","0","32","Tennessee","6/8/20","30","2","47079","6.67"
"Hickman","1","62","Tennessee","6/8/20","58","4","47081","6.9"
"Houston","0","8","Tennessee","6/8/20","8","0","47083","0"
"Humphreys","1","17","Tennessee","6/8/20","13","4","47085","30.77"
"Jackson","0","19","Tennessee","6/8/20","17","2","47087","11.76"
"Jefferson","0","29","Tennessee","6/8/20","28","1","47089","3.57"
"Johnson","1","22","Tennessee","6/8/20","16","6","47091","37.5"
"Knox","15","481","Tennessee","6/8/20","375","106","47093","28.27"
"Lake","60","835","Tennessee","6/8/20","414","421","47095","101.69"
"Lauderdale","1","60","Tennessee","6/8/20","56","4","47097","7.14"
"Lawrence","1","40","Tennessee","6/8/20","31","9","47099","29.03"
"Lewis","0","4","Tennessee","6/8/20","3","1","47101","33.33"
"Lincoln","1","32","Tennessee","6/8/20","25","7","47103","28"
"Loudon","4","170","Tennessee","6/8/20","143","27","47105","18.88"
"Macon","6","181","Tennessee","6/8/20","136","45","47111","33.09"
"Madison","1","179","Tennessee","6/8/20","175","4","47113","2.29"
"Marion","1","45","Tennessee","6/8/20","40","5","47115","12.5"
"Marshall","1","36","Tennessee","6/8/20","31","5","47117","16.13"
"Maury","4","116","Tennessee","6/8/20","89","27","47119","30.34"
"McMinn","2","153","Tennessee","6/8/20","141","12","47107","8.51"
"McNairy","2","24","Tennessee","6/8/20","12","12","47109","100"
"Meigs","0","27","Tennessee","6/8/20","26","1","47121","3.85"
"Monroe","2","76","Tennessee","6/8/20","62","14","47123","22.58"
"Montgomery","5","301","Tennessee","6/8/20","269","32","47125","11.9"
"Moore","0","5","Tennessee","6/8/20","3","2","47127","66.67"
"Morgan","0","19","Tennessee","6/8/20","17","2","47129","11.76"
"Obion","4","56","Tennessee","6/8/20","30","26","47131","86.67"
"Out of TN","1","426","Tennessee","6/8/20","418","8","80047","1.91"
"Overton","1","35","Tennessee","6/8/20","26","9","47133","34.62"
"Perry","0","24","Tennessee","6/8/20","21","3","47135","14.29"
"Pickett","0","4","Tennessee","6/8/20","3","1","47137","33.33"
"Polk","1","23","Tennessee","6/8/20","16","7","47139","43.75"
"Putnam","10","552","Tennessee","6/8/20","479","73","47141","15.24"
"Rhea","2","221","Tennessee","6/8/20","210","11","47143","5.24"
"Roane","1","21","Tennessee","6/8/20","16","5","47145","31.25"
"Robertson","15","567","Tennessee","6/8/20","465","102","47147","21.94"
"Rutherford","47","1522","Tennessee","6/8/20","1196","326","47149","27.26"
"Scott","0","14","Tennessee","6/8/20","12","2","47151","16.67"
"Sequatchie","1","21","Tennessee","6/8/20","15","6","47153","40"
"Sevier","7","129","Tennessee","6/8/20","81","48","47155","59.26"
"Shelby","152","6005","Tennessee","6/8/20","4943","1062","47157","21.48"
"Smith","0","37","Tennessee","6/8/20","34","3","47159","8.82"
"Stewart","1","15","Tennessee","6/8/20","11","4","47161","36.36"
"Sullivan","0","62","Tennessee","6/8/20","60","2","47163","3.33"
"Sumner","15","987","Tennessee","6/8/20","881","106","47165","12.03"
"Tipton","5","480","Tennessee","6/8/20","442","38","47167","8.6"
"Trousdale","1","1397","Tennessee","6/8/20","1392","5","47169","0.36"
"Unicoi","7","52","Tennessee","6/8/20","4","48","47171","1200"
"Union","0","4","Tennessee","6/8/20","4","0","47173","0"
"Van Buren","0","4","Tennessee","6/8/20","4","0","47175","0"
"Warren","1","31","Tennessee","6/8/20","23","8","47177","34.78"
"Washington","2","86","Tennessee","6/8/20","75","11","47179","14.67"
"Wayne","0","64","Tennessee","6/8/20","64","0","47181","0"
"Weakley","0","26","Tennessee","6/8/20","26","0","47183","0"
"White","1","43","Tennessee","6/8/20","33","10","47185","30.3"
"Williamson","11","630","Tennessee","6/8/20","552","78","47187","14.13"
"Wilson","10","477","Tennessee","6/8/20","407","70","47189","17.2"
"Anderson","2","88","Texas","6/8/20","72","16","48001","22.22"
"Andrews","0","27","Texas","6/8/20","27","0","48003","0"
"Angelina","5","237","Texas","6/8/20","205","32","48005","15.61"
"Aransas","0","5","Texas","6/8/20","5","0","48007","0"
"Archer","0","2","Texas","6/8/20","1","1","48009","100"
"Armstrong","0","3","Texas","6/8/20","3","0","48011","0"
"Atascosa","1","42","Texas","6/8/20","37","5","48013","13.51"
"Austin","0","29","Texas","6/8/20","27","2","48015","7.41"
"Bailey","1","26","Texas","6/8/20","17","9","48017","52.94"
"Bandera","0","6","Texas","6/8/20","6","0","48019","0"
"Bastrop","6","255","Texas","6/8/20","212","43","48021","20.28"
"Baylor","0","1","Texas","6/8/20","0","1","48023","1"
"Bee","2","22","Texas","6/8/20","9","13","48025","144.44"
"Bell","10","446","Texas","6/8/20","378","68","48027","17.99"
"Bexar","69","3311","Texas","6/8/20","2830","481","48029","17"
"Blanco","0","11","Texas","6/8/20","11","0","48031","0"
"Bosque","0","7","Texas","6/8/20","7","0","48035","0"
"Bowie","10","336","Texas","6/8/20","267","69","48037","25.84"
"Brazoria","10","990","Texas","6/8/20","917","73","48039","7.96"
"Brazos","20","626","Texas","6/8/20","483","143","48041","29.61"
"Brewster","0","1","Texas","6/8/20","1","0","48043","0"
"Briscoe","0","1","Texas","6/8/20","1","0","48045","0"
"Brooks","0","1","Texas","6/8/20","1","0","48047","0"
"Brown","0","59","Texas","6/8/20","58","1","48049","1.72"
"Burleson","1","32","Texas","6/8/20","25","7","48051","28"
"Burnet","2","54","Texas","6/8/20","38","16","48053","42.11"
"Caldwell","2","77","Texas","6/8/20","66","11","48055","16.67"
"Calhoun","0","39","Texas","6/8/20","37","2","48057","5.41"
"Callahan","0","10","Texas","6/8/20","9","1","48059","11.11"
"Cameron","18","892","Texas","6/8/20","764","128","48061","16.75"
"Camp","1","92","Texas","6/8/20","84","8","48063","9.52"
"Carson","0","6","Texas","6/8/20","6","0","48065","0"
"Cass","0","31","Texas","6/8/20","29","2","48067","6.9"
"Castro","0","35","Texas","6/8/20","33","2","48069","6.06"
"Chambers","2","79","Texas","6/8/20","68","11","48071","16.18"
"Cherokee","1","52","Texas","6/8/20","44","8","48073","18.18"
"Childress","0","2","Texas","6/8/20","2","0","48075","0"
"Clay","0","5","Texas","6/8/20","3","2","48077","66.67"
"Cochran","0","1","Texas","6/8/20","1","0","48079","0"
"Coke","0","1","Texas","6/8/20","1","0","48081","0"
"Coleman","0","3","Texas","6/8/20","3","0","48083","0"
"Collin","19","1447","Texas","6/8/20","1312","135","48085","10.29"
"Collingsworth","0","5","Texas","6/8/20","5","0","48087","0"
"Colorado","0","24","Texas","6/8/20","22","2","48089","9.09"
"Comal","3","117","Texas","6/8/20","99","18","48091","18.18"
"Comanche","0","12","Texas","6/8/20","12","0","48093","0"
"Concho","0","1","Texas","6/8/20","1","0","48095","0"
"Cooke","1","20","Texas","6/8/20","14","6","48097","42.86"
"Coryell","1","289","Texas","6/8/20","282","7","48099","2.48"
"Cottle","0","4","Texas","6/8/20","4","0","48101","0"
"Crane","1","27","Texas","6/8/20","23","4","48103","17.39"
"Crockett","0","1","Texas","6/8/20","0","1","48105","1"
"Crosby","0","3","Texas","6/8/20","4","-1","48107","-25"
"Dallam","0","27","Texas","6/8/20","25","2","48111","8"
"Dallas","269","12347","Texas","6/8/20","10462","1885","48113","18.02"
"Dawson","0","45","Texas","6/8/20","42","3","48115","7.14"
"Deaf Smith","2","176","Texas","6/8/20","164","12","48117","7.32"
"Delta","0","2","Texas","6/8/20","1","1","48119","100"
"Denton","18","1500","Texas","6/8/20","1373","127","48121","9.25"
"DeWitt","0","18","Texas","6/8/20","17","1","48123","5.88"
"Dickens","0","1","Texas","6/8/20","1","0","48125","0"
"Dimmit","0","1","Texas","6/8/20","1","0","48127","0"
"Donley","0","27","Texas","6/8/20","26","1","48129","3.85"
"Duval","0","5","Texas","6/8/20","5","0","48131","0"
"Eastland","0","7","Texas","6/8/20","6","1","48133","16.67"
"Ector","5","187","Texas","6/8/20","154","33","48135","21.43"
"El Paso","83","3376","Texas","6/8/20","2794","582","48141","20.83"
"Ellis","8","388","Texas","6/8/20","335","53","48139","15.82"
"Erath","1","26","Texas","6/8/20","17","9","48143","52.94"
"Falls","1","11","Texas","6/8/20","7","4","48145","57.14"
"Fannin","0","43","Texas","6/8/20","41","2","48147","4.88"
"Fayette","1","38","Texas","6/8/20","34","4","48149","11.76"
"Fisher","0","2","Texas","6/8/20","2","0","48151","0"
"Floyd","1","16","Texas","6/8/20","11","5","48153","45.45"
"Fort Bend","34","2117","Texas","6/8/20","1881","236","48157","12.55"
"Franklin","0","19","Texas","6/8/20","16","3","48159","18.75"
"Freestone","0","11","Texas","6/8/20","10","1","48161","10"
"Frio","1","46","Texas","6/8/20","37","9","48163","24.32"
"Gaines","0","8","Texas","6/8/20","7","1","48165","14.29"
"Galveston","25","994","Texas","6/8/20","817","177","48167","21.66"
"Garza","0","6","Texas","6/8/20","5","1","48169","20"
"Gillespie","0","5","Texas","6/8/20","5","0","48171","0"
"Glasscock","0","1","Texas","6/8/20","1","0","48173","0"
"Goliad","0","7","Texas","6/8/20","7","0","48175","0"
"Gonzales","3","151","Texas","6/8/20","129","22","48177","17.05"
"Gray","1","104","Texas","6/8/20","98","6","48179","6.12"
"Grayson","6","377","Texas","6/8/20","338","39","48181","11.54"
"Gregg","6","257","Texas","6/8/20","213","44","48183","20.66"
"Grimes","3","241","Texas","6/8/20","217","24","48185","11.06"
"Guadalupe","2","147","Texas","6/8/20","133","14","48187","10.53"
"Hale","0","61","Texas","6/8/20","58","3","48189","5.17"
"Hall","0","2","Texas","6/8/20","2","0","48191","0"
"Hamilton","0","9","Texas","6/8/20","8","1","48193","12.5"
"Hansford","0","20","Texas","6/8/20","19","1","48195","5.26"
"Hardeman","0","3","Texas","6/8/20","1","2","48197","200"
"Hardin","1","142","Texas","6/8/20","138","4","48199","2.9"
"Harris","322","14918","Texas","6/8/20","12664","2254","48201","17.8"
"Harrison","2","256","Texas","6/8/20","245","11","48203","4.49"
"Hartley","0","12","Texas","6/8/20","12","0","48205","0"
"Haskell","0","3","Texas","6/8/20","3","0","48207","0"
"Hays","8","385","Texas","6/8/20","329","56","48209","17.02"
"Hemphill","0","1","Texas","6/8/20","1","0","48211","0"
"Henderson","2","68","Texas","6/8/20","57","11","48213","19.3"
"Hidalgo","23","733","Texas","6/8/20","575","158","48215","27.48"
"Hill","1","29","Texas","6/8/20","24","5","48217","20.83"
"Hockley","0","27","Texas","6/8/20","27","0","48219","0"
"Hood","1","31","Texas","6/8/20","27","4","48221","14.81"
"Hopkins","1","30","Texas","6/8/20","26","4","48223","15.38"
"Houston","5","151","Texas","6/8/20","114","37","48225","32.46"
"Howard","0","9","Texas","6/8/20","8","1","48227","12.5"
"Hudspeth","0","4","Texas","6/8/20","2","2","48229","100"
"Hunt","5","121","Texas","6/8/20","88","33","48231","37.5"
"Hutchinson","1","44","Texas","6/8/20","36","8","48233","22.22"
"Irion","0","1","Texas","6/8/20","0","1","48235","1"
"Jack","0","4","Texas","6/8/20","4","0","48237","0"
"Jackson","0","19","Texas","6/8/20","18","1","48239","5.56"
"Jasper","0","30","Texas","6/8/20","29","1","48241","3.45"
"Jefferson","11","627","Texas","6/8/20","550","77","48245","14"
"Jim Hogg","0","4","Texas","6/8/20","4","0","48247","0"
"Jim Wells","1","13","Texas","6/8/20","9","4","48249","44.44"
"Johnson","4","202","Texas","6/8/20","175","27","48251","15.43"
"Jones","34","637","Texas","6/8/20","401","236","48253","58.85"
"Karnes","0","4","Texas","6/8/20","4","0","48255","0"
"Kaufman","7","269","Texas","6/8/20","223","46","48257","20.63"
"Kendall","1","33","Texas","6/8/20","29","4","48259","13.79"
"Kerr","0","20","Texas","6/8/20","19","1","48265","5.26"
"Kimble","0","1","Texas","6/8/20","1","0","48267","0"
"Kinney","0","1","Texas","6/8/20","1","0","48271","0"
"Kleberg","0","18","Texas","6/8/20","16","2","48273","12.5"
"Knox","0","1","Texas","6/8/20","1","0","48275","0"
"La Salle","0","4","Texas","6/8/20","4","0","48283","0"
"Lamar","1","154","Texas","6/8/20","145","9","48277","6.21"
"Lamb","0","17","Texas","6/8/20","16","1","48279","6.25"
"Lampasas","0","9","Texas","6/8/20","9","0","48281","0"
"Lavaca","1","19","Texas","6/8/20","12","7","48285","58.33"
"Lee","0","26","Texas","6/8/20","24","2","48287","8.33"
"Leon","0","11","Texas","6/8/20","10","1","48289","10"
"Liberty","1","103","Texas","6/8/20","95","8","48291","8.42"
"Limestone","1","32","Texas","6/8/20","24","8","48293","33.33"
"Lipscomb","0","5","Texas","6/8/20","2","3","48295","150"
"Live Oak","0","9","Texas","6/8/20","9","0","48297","0"
"Llano","0","3","Texas","6/8/20","3","0","48299","0"
"Lubbock","8","747","Texas","6/8/20","692","55","48303","7.95"
"Lynn","0","8","Texas","6/8/20","7","1","48305","14.29"
"Madison","0","10","Texas","6/8/20","8","2","48313","25"
"Marion","0","17","Texas","6/8/20","16","1","48315","6.25"
"Martin","0","3","Texas","6/8/20","3","0","48317","0"
"Mason","0","32","Texas","6/8/20","32","0","48319","0"
"Matagorda","1","77","Texas","6/8/20","70","7","48321","10"
"Maverick","2","133","Texas","6/8/20","116","17","48323","14.66"
"McCulloch","0","3","Texas","6/8/20","3","0","48307","0"
"McLennan","2","129","Texas","6/8/20","118","11","48309","9.32"
"Medina","20","216","Texas","6/8/20","73","143","48325","195.89"
"Midland","4","155","Texas","6/8/20","129","26","48329","20.16"
"Milam","1","35","Texas","6/8/20","28","7","48331","25"
"Mills","0","1","Texas","6/8/20","1","0","48333","0"
"Mitchell","0","1","Texas","6/8/20","1","0","48335","0"
"Montague","0","9","Texas","6/8/20","9","0","48337","0"
"Montgomery","18","1090","Texas","6/8/20","966","124","48339","12.84"
"Moore","23","852","Texas","6/8/20","689","163","48341","23.66"
"Morris","0","27","Texas","6/8/20","26","1","48343","3.85"
"Motley","0","1","Texas","6/8/20","1","0","48345","0"
"Nacogdoches","2","304","Texas","6/8/20","288","16","48347","5.56"
"Navarro","1","66","Texas","6/8/20","56","10","48349","17.86"
"Newton","0","6","Texas","6/8/20","5","1","48351","20"
"Nolan","1","9","Texas","6/8/20","4","5","48353","125"
"Nueces","2","289","Texas","6/8/20","275","14","48355","5.09"
"Ochiltree","0","51","Texas","6/8/20","49","2","48357","4.08"
"Oldham","0","4","Texas","6/8/20","3","1","48359","33.33"
"Orange","0","100","Texas","6/8/20","98","2","48361","2.04"
"Palo Pinto","0","13","Texas","6/8/20","13","0","48363","0"
"Panola","2","214","Texas","6/8/20","197","17","48365","8.63"
"Parker","2","92","Texas","6/8/20","76","16","48367","21.05"
"Parmer","4","89","Texas","6/8/20","59","30","48369","50.85"
"Pecos","0","105","Texas","6/8/20","102","3","48371","2.94"
"Polk","1","61","Texas","6/8/20","56","5","48373","8.93"
"Potter","62","2756","Texas","6/8/20","2321","435","48375","18.74"
"Presidio","0","2","Texas","6/8/20","1","1","48377","100"
"Rains","0","4","Texas","6/8/20","3","1","48379","33.33"
"Randall","8","728","Texas","6/8/20","674","54","48381","8.01"
"Reagan","0","2","Texas","6/8/20","2","0","48383","0"
"Real","0","1","Texas","6/8/20","0","1","48385","1"
"Red River","1","79","Texas","6/8/20","70","9","48387","12.86"
"Reeves","0","8","Texas","6/8/20","7","1","48389","14.29"
"Refugio","0","3","Texas","6/8/20","3","0","48391","0"
"Roberts","0","2","Texas","6/8/20","2","0","48393","0"
"Robertson","1","16","Texas","6/8/20","9","7","48395","77.78"
"Rockwall","5","202","Texas","6/8/20","167","35","48397","20.96"
"Runnels","0","3","Texas","6/8/20","3","0","48399","0"
"Rusk","1","64","Texas","6/8/20","55","9","48401","16.36"
"Sabine","0","15","Texas","6/8/20","15","0","48403","0"
"San Augustine","1","45","Texas","6/8/20","38","7","48405","18.42"
"San Jacinto","0","17","Texas","6/8/20","14","3","48407","21.43"
"San Patricio","1","39","Texas","6/8/20","33","6","48409","18.18"
"San Saba","0","1","Texas","6/8/20","1","0","48411","0"
"Scurry","0","26","Texas","6/8/20","24","2","48415","8.33"
"Shackelford","0","1","Texas","6/8/20","1","0","48417","0"
"Shelby","2","213","Texas","6/8/20","201","12","48419","5.97"
"Sherman","1","28","Texas","6/8/20","24","4","48421","16.67"
"Smith","3","223","Texas","6/8/20","204","19","48423","9.31"
"Starr","4","59","Texas","6/8/20","34","25","48427","73.53"
"Stephens","0","4","Texas","6/8/20","4","0","48429","0"
"Swisher","0","18","Texas","6/8/20","17","1","48437","5.88"
"Tarrant","91","6150","Texas","6/8/20","5513","637","48439","11.55"
"Taylor","1","246","Texas","6/8/20","236","10","48441","4.24"
"Terry","0","13","Texas","6/8/20","13","0","48445","0"
"Throckmorton","0","1","Texas","6/8/20","0","1","48447","1"
"Titus","24","629","Texas","6/8/20","458","171","48449","37.34"
"Tom Green","1","111","Texas","6/8/20","106","5","48451","4.72"
"Travis","61","3697","Texas","6/8/20","3272","425","48453","12.99"
"Trinity","1","20","Texas","6/8/20","15","5","48455","33.33"
"Tyler","1","16","Texas","6/8/20","12","4","48457","33.33"
"Upshur","1","31","Texas","6/8/20","26","5","48459","19.23"
"Uvalde","1","18","Texas","6/8/20","12","6","48463","50"
"Val Verde","1","25","Texas","6/8/20","20","5","48465","25"
"Van Zandt","1","39","Texas","6/8/20","31","8","48467","25.81"
"Victoria","1","170","Texas","6/8/20","160","10","48469","6.25"
"Walker","56","1851","Texas","6/8/20","1456","395","48471","27.13"
"Waller","1","72","Texas","6/8/20","62","10","48473","16.13"
"Ward","0","1","Texas","6/8/20","1","0","48475","0"
"Washington","1","207","Texas","6/8/20","202","5","48477","2.48"
"Webb","7","594","Texas","6/8/20","548","46","48479","8.39"
"Wharton","3","76","Texas","6/8/20","58","18","48481","31.03"
"Wheeler","0","15","Texas","6/8/20","15","0","48483","0"
"Wichita","0","87","Texas","6/8/20","84","3","48485","3.57"
"Wilbarger","0","7","Texas","6/8/20","7","0","48487","0"
"Willacy","3","37","Texas","6/8/20","18","19","48489","105.56"
"Williamson","10","698","Texas","6/8/20","630","68","48491","10.79"
"Wilson","1","45","Texas","6/8/20","38","7","48493","18.42"
"Winkler","0","3","Texas","6/8/20","3","0","48495","0"
"Wise","1","52","Texas","6/8/20","46","6","48497","13.04"
"Wood","3","49","Texas","6/8/20","29","20","48499","68.97"
"Yoakum","0","3","Texas","6/8/20","3","0","48501","0"
"Young","0","6","Texas","6/8/20","4","2","48503","50"
"Zapata","0","12","Texas","6/8/20","9","3","48505","33.33"
"Zavala","0","12","Texas","6/8/20","11","1","48507","9.09"
"Bear River","74","767","Utah","6/8/20","246","521","00000","211.79"
"Central Utah","2","51","Utah","6/8/20","38","13","00000","34.21"
"Davis","13","564","Utah","6/8/20","472","92","49011","19.49"
"Salt Lake","137","6296","Utah","6/8/20","5340","956","49035","17.9"
"San Juan","5","333","Utah","6/8/20","299","34","49037","11.37"
"Southeast Utah","0","26","Utah","6/8/20","24","2","00000","8.33"
"Southwest Utah","26","637","Utah","6/8/20","454","183","00000","40.31"
"Summit","3","437","Utah","6/8/20","416","21","49043","5.05"
"Tooele","3","150","Utah","6/8/20","129","21","49045","16.28"
"TriCounty","0","22","Utah","6/8/20","21","1","00000","4.76"
"Utah","49","2310","Utah","6/8/20","1965","345","49049","17.56"
"Wasatch","6","332","Utah","6/8/20","292","40","49051","13.7"
"Weber-Morgan","13","397","Utah","6/8/20","303","94","00000","31.02"
"Addison","0","65","Vermont","6/8/20","64","1","50001","1.56"
"Bennington","0","66","Vermont","6/8/20","63","3","50003","4.76"
"Caledonia","0","16","Vermont","6/8/20","15","1","50005","6.67"
"Chittenden","11","528","Vermont","6/8/20","453","75","50007","16.56"
"Essex","0","3","Vermont","6/8/20","3","0","50009","0"
"Franklin","0","100","Vermont","6/8/20","99","1","50011","1.01"
"Grand Isle","0","7","Vermont","6/8/20","7","0","50013","0"
"Lamoille","0","29","Vermont","6/8/20","29","0","50015","0"
"Orange","0","9","Vermont","6/8/20","9","0","50017","0"
"Orleans","0","13","Vermont","6/8/20","10","3","50019","30"
"Rutland","0","57","Vermont","6/8/20","55","2","50021","3.64"
"Washington","0","39","Vermont","6/8/20","39","0","50023","0"
"Windham","0","83","Vermont","6/8/20","81","2","50025","2.47"
"Windsor","1","55","Vermont","6/8/20","51","4","50027","7.84"
"","0","71","Virgin Islands","6/8/20","70","1",,"1.43"
"Accomack","9","983","Virginia","6/8/20","917","66","51001","7.2"
"Albemarle","8","255","Virginia","6/8/20","199","56","51003","28.14"
"Alexandria","17","2102","Virginia","6/8/20","1981","121","51510","6.11"
"Alleghany","0","26","Virginia","6/8/20","23","3","51005","13.04"
"Amelia","1","32","Virginia","6/8/20","25","7","51007","28"
"Amherst","0","27","Virginia","6/8/20","27","0","51009","0"
"Appomattox","0","33","Virginia","6/8/20","31","2","51011","6.45"
"Arlington","19","2256","Virginia","6/8/20","2123","133","51013","6.26"
"Augusta","3","136","Virginia","6/8/20","112","24","51015","21.43"
"Bedford","3","79","Virginia","6/8/20","60","19","51019","31.67"
"Botetourt","1","40","Virginia","6/8/20","32","8","51023","25"
"Bristol","0","4","Virginia","6/8/20","4","0","51520","0"
"Brunswick","2","41","Virginia","6/8/20","27","14","51025","51.85"
"Buchanan","0","18","Virginia","6/8/20","18","0","51027","0"
"Buckingham","3","481","Virginia","6/8/20","461","20","51029","4.34"
"Buena Vista","0","13","Virginia","6/8/20","13","0","51530","0"
"Campbell","0","20","Virginia","6/8/20","18","2","51031","11.11"
"Caroline","3","93","Virginia","6/8/20","69","24","51033","34.78"
"Carroll","6","141","Virginia","6/8/20","97","44","51035","45.36"
"Charles City","0","28","Virginia","6/8/20","27","1","51036","3.7"
"Charlotte","1","28","Virginia","6/8/20","24","4","51037","16.67"
"Charlottesville","2","139","Virginia","6/8/20","125","14","51540","11.2"
"Chesapeake","9","596","Virginia","6/8/20","535","61","51550","11.4"
"Chesterfield","43","1866","Virginia","6/8/20","1568","298","51041","19.01"
"Clarke","1","35","Virginia","6/8/20","28","7","51043","25"
"Colonial Heights","1","101","Virginia","6/8/20","96","5","51570","5.21"
"Covington","0","4","Virginia","6/8/20","4","0","51580","0"
"Craig","0","6","Virginia","6/8/20","5","1","51045","20"
"Culpeper","8","767","Virginia","6/8/20","713","54","51047","7.57"
"Cumberland","1","45","Virginia","6/8/20","38","7","51049","18.42"
"Danville","1","60","Virginia","6/8/20","56","4","51590","7.14"
"Dinwiddie","2","98","Virginia","6/8/20","83","15","51053","18.07"
"Emporia","1","89","Virginia","6/8/20","82","7","51595","8.54"
"Essex","1","53","Virginia","6/8/20","48","5","51057","10.42"
"Fairfax","198","12603","Virginia","6/8/20","11219","1384","51059","12.34"
"Fairfax City","0","69","Virginia","6/8/20","67","2","51600","2.99"
"Falls Church","0","56","Virginia","6/8/20","55","1","51610","1.82"
"Fauquier","6","363","Virginia","6/8/20","323","40","51061","12.38"
"Floyd","0","8","Virginia","6/8/20","6","2","51063","33.33"
"Fluvanna","0","95","Virginia","6/8/20","92","3","51065","3.26"
"Franklin","1","40","Virginia","6/8/20","36","4","51067","11.11"
"Franklin City","0","42","Virginia","6/8/20","42","0","51620","0"
"Frederick","7","409","Virginia","6/8/20","359","50","51069","13.93"
"Fredericksburg","4","196","Virginia","6/8/20","166","30","51630","18.07"
"Galax","3","147","Virginia","6/8/20","124","23","51640","18.55"
"Giles","0","5","Virginia","6/8/20","5","0","51071","0"
"Gloucester","0","33","Virginia","6/8/20","31","2","51073","6.45"
"Goochland","1","107","Virginia","6/8/20","99","8","51075","8.08"
"Grayson","2","54","Virginia","6/8/20","38","16","51077","42.11"
"Greene","1","44","Virginia","6/8/20","34","10","51079","29.41"
"Greensville","26","255","Virginia","6/8/20","74","181","51081","244.59"
"Halifax","0","32","Virginia","6/8/20","30","2","51083","6.67"
"Hampton","2","227","Virginia","6/8/20","210","17","51650","8.1"
"Hanover","3","347","Virginia","6/8/20","327","20","51085","6.12"
"Harrisonburg","5","833","Virginia","6/8/20","797","36","51660","4.52"
"Henrico","39","2128","Virginia","6/8/20","1858","270","51087","14.53"
"Henry","8","169","Virginia","6/8/20","114","55","51089","48.25"
"Highland","0","3","Virginia","6/8/20","3","0","51091","0"
"Hopewell","4","118","Virginia","6/8/20","92","26","51670","28.26"
"Isle of Wight","2","145","Virginia","6/8/20","128","17","51093","13.28"
"James City","2","217","Virginia","6/8/20","206","11","51095","5.34"
"King and Queen","2","24","Virginia","6/8/20","13","11","51097","84.62"
"King George","1","78","Virginia","6/8/20","69","9","51099","13.04"
"King William","0","32","Virginia","6/8/20","31","1","51101","3.23"
"Lancaster","0","10","Virginia","6/8/20","10","0","51103","0"
"Lee","0","10","Virginia","6/8/20","9","1","51105","11.11"
"Lexington","0","8","Virginia","6/8/20","7","1","51678","14.29"
"Loudoun","77","3147","Virginia","6/8/20","2611","536","51107","20.53"
"Louisa","2","94","Virginia","6/8/20","79","15","51109","18.99"
"Lunenburg","1","17","Virginia","6/8/20","13","4","51111","30.77"
"Lynchburg","1","88","Virginia","6/8/20","80","8","51680","10"
"Madison","0","41","Virginia","6/8/20","41","0","51113","0"
"Manassas","20","1248","Virginia","6/8/20","1105","143","51683","12.94"
"Manassas Park","6","359","Virginia","6/8/20","317","42","51685","13.25"
"Martinsville","3","50","Virginia","6/8/20","32","18","51690","56.25"
"Mathews","0","5","Virginia","6/8/20","5","0","51115","0"
"Mecklenburg","1","224","Virginia","6/8/20","218","6","51117","2.75"
"Middlesex","0","14","Virginia","6/8/20","15","-1","51119","-6.67"
"Montgomery","2","94","Virginia","6/8/20","78","16","51121","20.51"
"Nelson","0","17","Virginia","6/8/20","17","0","51125","0"
"New Kent","1","44","Virginia","6/8/20","36","8","51127","22.22"
"Newport News","6","322","Virginia","6/8/20","282","40","51700","14.18"
"Norfolk","10","589","Virginia","6/8/20","521","68","51710","13.05"
"Northampton","2","255","Virginia","6/8/20","241","14","51131","5.81"
"Northumberland","0","25","Virginia","6/8/20","25","0","51133","0"
"Norton","0","2","Virginia","6/8/20","2","0","51720","0"
"Nottoway","2","50","Virginia","6/8/20","33","17","51135","51.52"
"Orange","2","117","Virginia","6/8/20","106","11","51137","10.38"
"Page","3","245","Virginia","6/8/20","225","20","51139","8.89"
"Patrick","1","28","Virginia","6/8/20","19","9","51141","47.37"
"Petersburg","4","167","Virginia","6/8/20","138","29","51730","21.01"
"Pittsylvania","1","50","Virginia","6/8/20","44","6","51143","13.64"
"Poquoson","0","9","Virginia","6/8/20","8","1","51735","12.5"
"Portsmouth","4","343","Virginia","6/8/20","313","30","51740","9.58"
"Powhatan","2","47","Virginia","6/8/20","35","12","51145","34.29"
"Prince Edward","2","151","Virginia","6/8/20","137","14","51147","10.22"
"Prince George","3","150","Virginia","6/8/20","129","21","51149","16.28"
"Prince William","88","6278","Virginia","6/8/20","5663","615","51153","10.86"
"Pulaski","1","28","Virginia","6/8/20","19","9","51155","47.37"
"Radford","0","7","Virginia","6/8/20","6","1","51750","16.67"
"Rappahannock","0","15","Virginia","6/8/20","13","2","51157","15.38"
"Richmond","1","293","Virginia","6/8/20","287","6","51159","2.09"
"Richmond City","36","1651","Virginia","6/8/20","1397","254","51760","18.18"
"Roanoke","2","122","Virginia","6/8/20","106","16","51161","15.09"
"Roanoke City","5","199","Virginia","6/8/20","167","32","51770","19.16"
"Rockbridge","0","20","Virginia","6/8/20","18","2","51163","11.11"
"Rockingham","7","589","Virginia","6/8/20","541","48","51165","8.87"
"Russell","0","8","Virginia","6/8/20","8","0","51167","0"
"Salem","1","40","Virginia","6/8/20","34","6","51775","17.65"
"Scott","0","7","Virginia","6/8/20","7","0","51169","0"
"Shenandoah","4","484","Virginia","6/8/20","458","26","51171","5.68"
"Smyth","0","15","Virginia","6/8/20","15","0","51173","0"
"Southampton","1","153","Virginia","6/8/20","147","6","51175","4.08"
"Spotsylvania","19","707","Virginia","6/8/20","571","136","51177","23.82"
"Stafford","13","815","Virginia","6/8/20","722","93","51179","12.88"
"Staunton","2","58","Virginia","6/8/20","47","11","51790","23.4"
"Suffolk","1","325","Virginia","6/8/20","316","9","51800","2.85"
"Surry","0","10","Virginia","6/8/20","10","0","51181","0"
"Sussex","2","175","Virginia","6/8/20","161","14","51183","8.7"
"Tazewell","0","10","Virginia","6/8/20","9","1","51185","11.11"
"Virginia Beach","9","810","Virginia","6/8/20","745","65","51810","8.72"
"Warren","9","220","Virginia","6/8/20","157","63","51187","40.13"
"Washington","1","57","Virginia","6/8/20","51","6","51191","11.76"
"Waynesboro","0","49","Virginia","6/8/20","47","2","51820","4.26"
"Westmoreland","2","82","Virginia","6/8/20","68","14","51193","20.59"
"Williamsburg","0","46","Virginia","6/8/20","44","2","51830","4.55"
"Winchester","6","235","Virginia","6/8/20","191","44","51840","23.04"
"Wise","0","27","Virginia","6/8/20","25","2","51195","8"
"Wythe","2","36","Virginia","6/8/20","23","13","51197","56.52"
"York","1","86","Virginia","6/8/20","77","9","51199","11.69"
"Adams","2","79","Washington","6/8/20","63","16","53001","25.4"
"Asotin","0","19","Washington","6/8/20","19","0","53003","0"
"Benton","21","959","Washington","6/8/20","810","149","53005","18.4"
"Chelan","2","262","Washington","6/8/20","250","12","53007","4.8"
"Clallam","0","27","Washington","6/8/20","25","2","53009","8"
"Clark","7","566","Washington","6/8/20","516","50","53011","9.69"
"Columbia","0","1","Washington","6/8/20","1","0","53013","0"
"Cowlitz","2","86","Washington","6/8/20","73","13","53015","17.81"
"Douglas","1","178","Washington","6/8/20","172","6","53017","3.49"
"Ferry","0","1","Washington","6/8/20","1","0","53019","0"
"Franklin","21","746","Washington","6/8/20","598","148","53021","24.75"
"Grant","1","218","Washington","6/8/20","208","10","53025","4.81"
"Grays Harbor","0","19","Washington","6/8/20","17","2","53027","11.76"
"Island","1","182","Washington","6/8/20","178","4","53029","2.25"
"Jefferson","0","31","Washington","6/8/20","31","0","53031","0"
"King","53","8496","Washington","6/8/20","8123","373","53033","4.59"
"Kitsap","0","165","Washington","6/8/20","162","3","53035","1.85"
"Kittitas","0","90","Washington","6/8/20","88","2","53037","2.27"
"Klickitat","1","35","Washington","6/8/20","25","10","53039","40"
"Lewis","0","37","Washington","6/8/20","37","0","53041","0"
"Lincoln","0","2","Washington","6/8/20","2","0","53043","0"
"Mason","0","38","Washington","6/8/20","36","2","53045","5.56"
"Okanogan","1","56","Washington","6/8/20","49","7","53047","14.29"
"Pacific","0","9","Washington","6/8/20","9","0","53049","0"
"Pend Oreille","0","3","Washington","6/8/20","3","0","53051","0"
"Pierce","14","2040","Washington","6/8/20","1940","100","53053","5.15"
"San Juan","0","15","Washington","6/8/20","15","0","53055","0"
"Skagit","2","450","Washington","6/8/20","435","15","53057","3.45"
"Skamania","0","3","Washington","6/8/20","3","0","53059","0"
"Snohomish","9","3039","Washington","6/8/20","2976","63","53061","2.12"
"Spokane","22","753","Washington","6/8/20","600","153","53063","25.5"
"Stevens","0","13","Washington","6/8/20","11","2","53065","18.18"
"Thurston","3","170","Washington","6/8/20","151","19","53067","12.58"
"Wahkiakum","0","4","Washington","6/8/20","4","0","53069","0"
"Walla Walla","1","116","Washington","6/8/20","108","8","53071","7.41"
"Whatcom","3","419","Washington","6/8/20","398","21","53073","5.28"
"Whitman","1","20","Washington","6/8/20","16","4","53075","25"
"Yakima","131","4665","Washington","6/8/20","3749","916","53077","24.43"
"Barbour","0","8","West Virginia","6/8/20","9","-1","54001","-11.11"
"Berkeley","5","347","West Virginia","6/8/20","314","33","54003","10.51"
"Boone","1","15","West Virginia","6/8/20","9","6","54005","66.67"
"Braxton","0","2","West Virginia","6/8/20","2","0","54007","0"
"Brooke","0","5","West Virginia","6/8/20","5","0","54009","0"
"Cabell","1","70","West Virginia","6/8/20","66","4","54011","6.06"
"Calhoun","0","2","West Virginia","6/8/20","2","0","54013","0"
"Clay","0","7","West Virginia","6/8/20","5","2","54015","40"
"Fayette","1","54","West Virginia","6/8/20","50","4","54019","8"
"Gilmer","0","10","West Virginia","6/8/20","10","0","54021","0"
"Grant","0","14","West Virginia","6/8/20","12","2","54023","16.67"
"Greenbrier","0","9","West Virginia","6/8/20","9","0","54025","0"
"Hampshire","0","33","West Virginia","6/8/20","31","2","54027","6.45"
"Hancock","0","20","West Virginia","6/8/20","19","1","54029","5.26"
"Hardy","0","40","West Virginia","6/8/20","39","1","54031","2.56"
"Harrison","0","40","West Virginia","6/8/20","40","0","54033","0"
"Jackson","0","140","West Virginia","6/8/20","137","3","54035","2.19"
"Jefferson","3","204","West Virginia","6/8/20","184","20","54037","10.87"
"Kanawha","2","242","West Virginia","6/8/20","229","13","54039","5.68"
"Lewis","0","8","West Virginia","6/8/20","9","-1","54041","-11.11"
"Lincoln","0","5","West Virginia","6/8/20","6","-1","54043","-16.67"
"Logan","0","20","West Virginia","6/8/20","17","3","54045","17.65"
"Marion","0","53","West Virginia","6/8/20","51","2","54049","3.92"
"Marshall","0","32","West Virginia","6/8/20","30","2","54051","6.67"
"Mason","0","15","West Virginia","6/8/20","15","0","54053","0"
"McDowell","0","6","West Virginia","6/8/20","6","0","54047","0"
"Mercer","0","13","West Virginia","6/8/20","13","0","54055","0"
"Mineral","0","50","West Virginia","6/8/20","47","3","54057","6.38"
"Mingo","0","9","West Virginia","6/8/20","7","2","54059","28.57"
"Monongalia","1","141","West Virginia","6/8/20","133","8","54061","6.02"
"Monroe","0","8","West Virginia","6/8/20","7","1","54063","14.29"
"Morgan","0","19","West Virginia","6/8/20","18","1","54065","5.56"
"Nicholas","0","7","West Virginia","6/8/20","8","-1","54067","-12.5"
"Ohio","1","50","West Virginia","6/8/20","42","8","54069","19.05"
"Pendleton","0","13","West Virginia","6/8/20","13","0","54071","0"
"Pleasants","0","4","West Virginia","6/8/20","4","0","54073","0"
"Pocahontas","0","21","West Virginia","6/8/20","21","0","54075","0"
"Preston","0","24","West Virginia","6/8/20","25","-1","54077","-4"
"Putnam","1","40","West Virginia","6/8/20","34","6","54079","17.65"
"Raleigh","0","18","West Virginia","6/8/20","16","2","54081","12.5"
"Randolph","0","134","West Virginia","6/8/20","131","3","54083","2.29"
"Ritchie","0","1","West Virginia","6/8/20","1","0","54085","0"
"Roane","0","10","West Virginia","6/8/20","9","1","54087","11.11"
"Summers","0","1","West Virginia","6/8/20","1","0","54089","0"
"Taylor","0","9","West Virginia","6/8/20","9","0","54091","0"
"Tucker","0","6","West Virginia","6/8/20","4","2","54093","50"
"Tyler","0","3","West Virginia","6/8/20","3","0","54095","0"
"Upshur","0","7","West Virginia","6/8/20","7","0","54097","0"
"Wayne","0","103","West Virginia","6/8/20","100","3","54099","3"
"Wetzel","0","9","West Virginia","6/8/20","9","0","54103","0"
"Wirt","0","4","West Virginia","6/8/20","4","0","54105","0"
"Wood","0","53","West Virginia","6/8/20","53","0","54107","0"
"Wyoming","0","3","West Virginia","6/8/20","3","0","54109","0"
"Adams","0","5","Wisconsin","6/8/20","4","1","55001","25"
"Ashland","0","3","Wisconsin","6/8/20","2","1","55003","50"
"Barron","0","20","Wisconsin","6/8/20","20","0","55005","0"
"Bayfield","0","3","Wisconsin","6/8/20","3","0","55007","0"
"Brown","8","2377","Wisconsin","6/8/20","2320","57","55009","2.46"
"Buffalo","0","6","Wisconsin","6/8/20","6","0","55011","0"
"Burnett","0","1","Wisconsin","6/8/20","1","0","55013","0"
"Calumet","1","81","Wisconsin","6/8/20","77","4","55015","5.19"
"Chippewa","0","59","Wisconsin","6/8/20","56","3","55017","5.36"
"Clark","1","42","Wisconsin","6/8/20","33","9","55019","27.27"
"Columbia","0","46","Wisconsin","6/8/20","44","2","55021","4.55"
"Crawford","0","26","Wisconsin","6/8/20","26","0","55023","0"
"Dane","17","856","Wisconsin","6/8/20","735","121","55025","16.46"
"Dodge","25","400","Wisconsin","6/8/20","228","172","55027","75.44"
"Door","0","39","Wisconsin","6/8/20","38","1","55029","2.63"
"Douglas","0","20","Wisconsin","6/8/20","19","1","55031","5.26"
"Dunn","1","29","Wisconsin","6/8/20","24","5","55033","20.83"
"Eau Claire","2","124","Wisconsin","6/8/20","113","11","55035","9.73"
"Florence","0","2","Wisconsin","6/8/20","2","0","55037","0"
"Fond du Lac","4","239","Wisconsin","6/8/20","214","25","55039","11.68"
"Forest","1","33","Wisconsin","6/8/20","29","4","55041","13.79"
"Grant","0","98","Wisconsin","6/8/20","96","2","55043","2.08"
"Green","1","71","Wisconsin","6/8/20","66","5","55045","7.58"
"Green Lake","0","23","Wisconsin","6/8/20","20","3","55047","15"
"Iowa","0","17","Wisconsin","6/8/20","16","1","55049","6.25"
"Iron","0","2","Wisconsin","6/8/20","2","0","55051","0"
"Jackson","0","20","Wisconsin","6/8/20","17","3","55053","17.65"
"Jefferson","3","130","Wisconsin","6/8/20","107","23","55055","21.5"
"Juneau","0","23","Wisconsin","6/8/20","23","0","55057","0"
"Kenosha","15","1286","Wisconsin","6/8/20","1178","108","55059","9.17"
"Kewaunee","0","36","Wisconsin","6/8/20","35","1","55061","2.86"
"La Crosse","2","70","Wisconsin","6/8/20","53","17","55063","32.08"
"Lafayette","1","33","Wisconsin","6/8/20","27","6","55065","22.22"
"Langlade","1","8","Wisconsin","6/8/20","3","5","55067","166.67"
"Lincoln","0","7","Wisconsin","6/8/20","7","0","55069","0"
"Manitowoc","1","40","Wisconsin","6/8/20","36","4","55071","11.11"
"Marathon","2","64","Wisconsin","6/8/20","50","14","55073","28"
"Marinette","0","36","Wisconsin","6/8/20","33","3","55075","9.09"
"Marquette","0","5","Wisconsin","6/8/20","4","1","55077","25"
"Menominee","0","3","Wisconsin","6/8/20","3","0","55078","0"
"Milwaukee","157","8900","Wisconsin","6/8/20","7799","1101","55079","14.12"
"Monroe","0","19","Wisconsin","6/8/20","17","2","55081","11.76"
"Oconto","1","42","Wisconsin","6/8/20","37","5","55083","13.51"
"Oneida","1","13","Wisconsin","6/8/20","9","4","55085","44.44"
"Outagamie","7","277","Wisconsin","6/8/20","230","47","55087","20.43"
"Ozaukee","3","184","Wisconsin","6/8/20","165","19","55089","11.52"
"Pepin","0","1","Wisconsin","6/8/20","1","0","55091","0"
"Pierce","1","50","Wisconsin","6/8/20","45","5","55093","11.11"
"Polk","2","33","Wisconsin","6/8/20","19","14","55095","73.68"
"Portage","3","35","Wisconsin","6/8/20","12","23","55097","191.67"
"Price","0","2","Wisconsin","6/8/20","2","0","55099","0"
"Racine","25","1911","Wisconsin","6/8/20","1733","178","55101","10.27"
"Richland","0","14","Wisconsin","6/8/20","14","0","55103","0"
"Rock","10","707","Wisconsin","6/8/20","639","68","55105","10.64"
"Rusk","0","5","Wisconsin","6/8/20","5","0","55107","0"
"Sauk","1","83","Wisconsin","6/8/20","78","5","55111","6.41"
"Sawyer","0","8","Wisconsin","6/8/20","8","0","55113","0"
"Shawano","1","57","Wisconsin","6/8/20","48","9","55115","18.75"
"Sheboygan","3","114","Wisconsin","6/8/20","90","24","55117","26.67"
"St. Croix","2","106","Wisconsin","6/8/20","92","14","55109","15.22"
"Taylor","0","2","Wisconsin","6/8/20","2","0","55119","0"
"Trempealeau","2","42","Wisconsin","6/8/20","25","17","55121","68"
"Vernon","0","21","Wisconsin","6/8/20","21","0","55123","0"
"Vilas","0","8","Wisconsin","6/8/20","8","0","55125","0"
"Walworth","6","440","Wisconsin","6/8/20","397","43","55127","10.83"
"Washburn","0","3","Wisconsin","6/8/20","2","1","55129","50"
"Washington","3","279","Wisconsin","6/8/20","257","22","55131","8.56"
"Waukesha","16","823","Wisconsin","6/8/20","709","114","55133","16.08"
"Waupaca","2","58","Wisconsin","6/8/20","42","16","55135","38.1"
"Waushara","0","10","Wisconsin","6/8/20","8","2","55137","25"
"Winnebago","21","397","Wisconsin","6/8/20","249","148","55139","59.44"
"Wood","0","11","Wisconsin","6/8/20","10","1","55141","10"
"Albany","0","26","Wyoming","6/8/20","25","1","56001","4"
"Big Horn","0","8","Wyoming","6/8/20","6","2","56003","33.33"
"Campbell","1","35","Wyoming","6/8/20","31","4","56005","12.9"
"Carbon","0","16","Wyoming","6/8/20","16","0","56007","0"
"Converse","0","24","Wyoming","6/8/20","24","0","56009","0"
"Crook","0","5","Wyoming","6/8/20","5","0","56011","0"
"Fremont","2","297","Wyoming","6/8/20","282","15","56013","5.32"
"Goshen","0","5","Wyoming","6/8/20","5","0","56015","0"
"Hot Springs","0","12","Wyoming","6/8/20","12","0","56017","0"
"Johnson","0","18","Wyoming","6/8/20","18","0","56019","0"
"Laramie","0","188","Wyoming","6/8/20","188","0","56021","0"
"Lincoln","0","15","Wyoming","6/8/20","15","0","56023","0"
"Natrona","1","87","Wyoming","6/8/20","79","8","56025","10.13"
"Niobrara","0","2","Wyoming","6/8/20","2","0","56027","0"
"Park","0","2","Wyoming","6/8/20","2","0","56029","0"
"Platte","0","1","Wyoming","6/8/20","1","0","56031","0"
"Sheridan","0","18","Wyoming","6/8/20","16","2","56033","12.5"
"Sublette","0","3","Wyoming","6/8/20","3","0","56035","0"
"Sweetwater","0","33","Wyoming","6/8/20","30","3","56037","10"
"Teton","0","100","Wyoming","6/8/20","100","0","56039","0"
"Uinta","2","25","Wyoming","6/8/20","12","13","56041","108.33"
"Washakie","0","39","Wyoming","6/8/20","37","2","56043","5.41"
"Weston","0","1","Wyoming","6/8/20","1","0","56045","0"
