"Locality","DailyAvgNewCasesPast7Days","TotalCases","State","Date","TotalCases7DaysAgo","NewCasesPast7Days","FIPS-Code","PercentIncreaseTotalCasesPast7Days"
"Autauga","6","282","Alabama","6/9/20","239","43","01001","17.99"
"Baldwin","5","325","Alabama","6/9/20","292","33","01003","11.3"
"Barbour","3","199","Alabama","6/9/20","175","24","01005","13.71"
"Bibb","1","85","Alabama","6/9/20","76","9","01007","11.84"
"Blount","2","75","Alabama","6/9/20","63","12","01009","19.05"
"Bullock","4","243","Alabama","6/9/20","213","30","01011","14.08"
"Butler","7","464","Alabama","6/9/20","416","48","01013","11.54"
"Calhoun","2","180","Alabama","6/9/20","165","15","01015","9.09"
"Chambers","5","391","Alabama","6/9/20","358","33","01017","9.22"
"Cherokee","1","42","Alabama","6/9/20","38","4","01019","10.53"
"Chilton","2","117","Alabama","6/9/20","104","13","01021","12.5"
"Choctaw","1","157","Alabama","6/9/20","153","4","01023","2.61"
"Clarke","2","161","Alabama","6/9/20","148","13","01025","8.78"
"Clay","0","30","Alabama","6/9/20","28","2","01027","7.14"
"Cleburne","1","19","Alabama","6/9/20","15","4","01029","26.67"
"Coffee","2","249","Alabama","6/9/20","238","11","01031","4.62"
"Colbert","4","216","Alabama","6/9/20","187","29","01033","15.51"
"Conecuh","2","55","Alabama","6/9/20","41","14","01035","34.15"
"Coosa","0","40","Alabama","6/9/20","40","0","01037","0"
"Covington","1","89","Alabama","6/9/20","81","8","01039","9.88"
"Crenshaw","2","89","Alabama","6/9/20","78","11","01041","14.1"
"Cullman","8","203","Alabama","6/9/20","150","53","01043","35.33"
"Dale","2","138","Alabama","6/9/20","123","15","01045","12.2"
"Dallas","10","353","Alabama","6/9/20","282","71","01047","25.18"
"DeKalb","3","276","Alabama","6/9/20","256","20","01049","7.81"
"Elmore","9","437","Alabama","6/9/20","373","64","01051","17.16"
"Escambia","2","88","Alabama","6/9/20","74","14","01053","18.92"
"Etowah","2","277","Alabama","6/9/20","261","16","01055","6.13"
"Fayette","1","21","Alabama","6/9/20","16","5","01057","31.25"
"Franklin","8","631","Alabama","6/9/20","576","55","01059","9.55"
"Geneva","0","46","Alabama","6/9/20","43","3","01061","6.98"
"Greene","1","102","Alabama","6/9/20","95","7","01063","7.37"
"Hale","4","209","Alabama","6/9/20","178","31","01065","17.42"
"Henry","1","89","Alabama","6/9/20","81","8","01067","9.88"
"Houston","4","253","Alabama","6/9/20","223","30","01069","13.45"
"Jackson","2","97","Alabama","6/9/20","83","14","01071","16.87"
"Jefferson","36","2131","Alabama","6/9/20","1882","249","01073","13.23"
"Lamar","0","29","Alabama","6/9/20","26","3","01075","11.54"
"Lauderdale","4","192","Alabama","6/9/20","167","25","01077","14.97"
"Lawrence","1","56","Alabama","6/9/20","51","5","01079","9.8"
"Lee","7","599","Alabama","6/9/20","552","47","01081","8.51"
"Limestone","5","144","Alabama","6/9/20","108","36","01083","33.33"
"Lowndes","6","298","Alabama","6/9/20","255","43","01085","16.86"
"Macon","3","104","Alabama","6/9/20","86","18","01087","20.93"
"Madison","8","397","Alabama","6/9/20","344","53","01089","15.41"
"Marengo","2","187","Alabama","6/9/20","174","13","01091","7.47"
"Marion","0","126","Alabama","6/9/20","124","2","01093","1.61"
"Marshall","7","752","Alabama","6/9/20","705","47","01095","6.67"
"Mobile","29","2487","Alabama","6/9/20","2283","204","01097","8.94"
"Monroe","3","68","Alabama","6/9/20","44","24","01099","54.55"
"Montgomery","60","2221","Alabama","6/9/20","1802","419","01101","23.25"
"Morgan","19","429","Alabama","6/9/20","297","132","01103","44.44"
"Perry","1","52","Alabama","6/9/20","42","10","01105","23.81"
"Pickens","1","126","Alabama","6/9/20","121","5","01107","4.13"
"Pike","7","259","Alabama","6/9/20","208","51","01109","24.52"
"Randolph","1","132","Alabama","6/9/20","128","4","01111","3.12"
"Russell","6","221","Alabama","6/9/20","177","44","01113","24.86"
"Shelby","5","560","Alabama","6/9/20","522","38","01117","7.28"
"St. Clair","1","141","Alabama","6/9/20","131","10","01115","7.63"
"Sumter","3","248","Alabama","6/9/20","226","22","01119","9.73"
"Talladega","3","136","Alabama","6/9/20","117","19","01121","16.24"
"Tallapoosa","2","448","Alabama","6/9/20","431","17","01123","3.94"
"Tuscaloosa","23","976","Alabama","6/9/20","816","160","01125","19.61"
"Walker","13","467","Alabama","6/9/20","378","89","01127","23.54"
"Washington","1","82","Alabama","6/9/20","72","10","01129","13.89"
"Wilcox","4","179","Alabama","6/9/20","152","27","01131","17.76"
"Winston","1","96","Alabama","6/9/20","91","5","01133","5.49"
"Anchorage","6","288","Alaska","6/9/20","247","41","02020","16.6"
"Bethel","0","3","Alaska","6/9/20","3","0","02050","0"
"Fairbanks North Star","0","85","Alaska","6/9/20","85","0","02090","0"
"Haines","0","1","Alaska","6/9/20","0","1","02100","1"
"Juneau","0","35","Alaska","6/9/20","33","2","02110","6.06"
"Kenai Peninsula","4","85","Alaska","6/9/20","54","31","02122","57.41"
"Ketchikan Gateway","0","16","Alaska","6/9/20","16","0","02130","0"
"Kodiak Island","0","1","Alaska","6/9/20","1","0","02150","0"
"Matanuska-Susitna","1","37","Alaska","6/9/20","29","8","02170","27.59"
"Nome","0","4","Alaska","6/9/20","3","1","02180","33.33"
"North Slope","0","1","Alaska","6/9/20","1","0","02185","0"
"Northwest Arctic","0","3","Alaska","6/9/20","2","1","02188","50"
"Petersburg","0","4","Alaska","6/9/20","4","0","02195","0"
"Prince of Wales-Hyder","0","2","Alaska","6/9/20","2","0","02198","0"
"Sitka","0","2","Alaska","6/9/20","2","0","02220","0"
"Southeast Fairbanks","0","3","Alaska","6/9/20","3","0","02240","0"
"Wrangell","0","1","Alaska","6/9/20","0","1","02275","1"
"Yukon-Koyukuk","0","1","Alaska","6/9/20","1","0","02290","0"
"Apache","25","1747","Arizona","6/9/20","1569","178","04001","11.34"
"Cochise","10","156","Arizona","6/9/20","89","67","04003","75.28"
"Coconino","17","1289","Arizona","6/9/20","1173","116","04005","9.89"
"Gila","2","47","Arizona","6/9/20","35","12","04007","34.29"
"Graham","1","42","Arizona","6/9/20","37","5","04009","13.51"
"Greenlee","0","10","Arizona","6/9/20","8","2","04011","25"
"La Paz","14","189","Arizona","6/9/20","92","97","04012","105.43"
"Maricopa","548","14374","Arizona","6/9/20","10536","3838","04013","36.43"
"Mohave","15","513","Arizona","6/9/20","409","104","04015","25.43"
"Navajo","42","2253","Arizona","6/9/20","1957","296","04017","15.13"
"Pima","95","3161","Arizona","6/9/20","2496","665","04019","26.64"
"Pinal","36","1164","Arizona","6/9/20","909","255","04021","28.05"
"Santa Cruz","38","633","Arizona","6/9/20","365","268","04023","73.42"
"Yavapai","6","340","Arizona","6/9/20","300","40","04025","13.33"
"Yuma","156","2378","Arizona","6/9/20","1289","1089","04027","84.48"
"Arkansas","0","7","Arkansas","6/9/20","7","0","05001","0"
"Ashley","2","34","Arkansas","6/9/20","20","14","05003","70"
"Baxter","0","13","Arkansas","6/9/20","12","1","05005","8.33"
"Benton","59","1090","Arkansas","6/9/20","676","414","05007","61.24"
"Boone","0","7","Arkansas","6/9/20","6","1","05009","16.67"
"Bradley","1","32","Arkansas","6/9/20","22","10","05011","45.45"
"Carroll","2","40","Arkansas","6/9/20","29","11","05015","37.93"
"Chicot","1","26","Arkansas","6/9/20","16","10","05017","62.5"
"Clark","0","41","Arkansas","6/9/20","39","2","05019","5.13"
"Clay","0","7","Arkansas","6/9/20","5","2","05021","40"
"Cleburne","0","75","Arkansas","6/9/20","74","1","05023","1.35"
"Cleveland","0","19","Arkansas","6/9/20","19","0","05025","0"
"Columbia","1","26","Arkansas","6/9/20","22","4","05027","18.18"
"Conway","0","16","Arkansas","6/9/20","14","2","05029","14.29"
"Craighead","10","318","Arkansas","6/9/20","249","69","05031","27.71"
"Crawford","2","43","Arkansas","6/9/20","31","12","05033","38.71"
"Crittenden","11","473","Arkansas","6/9/20","395","78","05035","19.75"
"Cross","1","65","Arkansas","6/9/20","56","9","05037","16.07"
"Dallas","0","3","Arkansas","6/9/20","3","0","05039","0"
"Desha","0","20","Arkansas","6/9/20","19","1","05041","5.26"
"Drew","0","21","Arkansas","6/9/20","20","1","05043","5"
"Faulkner","2","119","Arkansas","6/9/20","103","16","05045","15.53"
"Franklin","0","5","Arkansas","6/9/20","4","1","05047","25"
"Fulton","0","7","Arkansas","6/9/20","7","0","05049","0"
"Garland","2","150","Arkansas","6/9/20","136","14","05051","10.29"
"Grant","1","22","Arkansas","6/9/20","18","4","05053","22.22"
"Greene","0","67","Arkansas","6/9/20","65","2","05055","3.08"
"Hempstead","2","33","Arkansas","6/9/20","21","12","05057","57.14"
"Hot Spring","0","34","Arkansas","6/9/20","32","2","05059","6.25"
"Howard","2","36","Arkansas","6/9/20","25","11","05061","44"
"Independence","0","36","Arkansas","6/9/20","34","2","05063","5.88"
"Izard","0","17","Arkansas","6/9/20","17","0","05065","0"
"Jackson","0","7","Arkansas","6/9/20","4","3","05067","75"
"Jefferson","4","559","Arkansas","6/9/20","529","30","05069","5.67"
"Johnson","3","69","Arkansas","6/9/20","49","20","05071","40.82"
"Lafayette","0","10","Arkansas","6/9/20","9","1","05073","11.11"
"Lawrence","1","89","Arkansas","6/9/20","85","4","05075","4.71"
"Lee","11","97","Arkansas","6/9/20","23","74","05077","321.74"
"Lincoln","0","985","Arkansas","6/9/20","983","2","05079","0.2"
"Little River","3","28","Arkansas","6/9/20","8","20","05081","250"
"Logan","1","14","Arkansas","6/9/20","8","6","05083","75"
"Lonoke","1","63","Arkansas","6/9/20","54","9","05085","16.67"
"Madison","4","57","Arkansas","6/9/20","29","28","05087","96.55"
"Marion","0","2","Arkansas","6/9/20","2","0","05089","0"
"Miller","2","59","Arkansas","6/9/20","47","12","05091","25.53"
"Mississippi","1","85","Arkansas","6/9/20","78","7","05093","8.97"
"Monroe","0","5","Arkansas","6/9/20","5","0","05095","0"
"Montgomery","0","3","Arkansas","6/9/20","2","1","05097","50"
"Nevada","9","68","Arkansas","6/9/20","7","61","05099","871.43"
"Newton","0","3","Arkansas","6/9/20","3","0","05101","0"
"Ouachita","0","13","Arkansas","6/9/20","10","3","05103","30"
"Perry","0","15","Arkansas","6/9/20","14","1","05105","7.14"
"Phillips","1","30","Arkansas","6/9/20","24","6","05107","25"
"Pike","0","6","Arkansas","6/9/20","5","1","05109","20"
"Poinsett","1","44","Arkansas","6/9/20","37","7","05111","18.92"
"Polk","3","45","Arkansas","6/9/20","26","19","05113","73.08"
"Pope","7","218","Arkansas","6/9/20","166","52","05115","31.33"
"Prairie","0","5","Arkansas","6/9/20","3","2","05117","66.67"
"Pulaski","23","1131","Arkansas","6/9/20","969","162","05119","16.72"
"Randolph","0","26","Arkansas","6/9/20","26","0","05121","0"
"Saline","5","150","Arkansas","6/9/20","116","34","05125","29.31"
"Scott","0","2","Arkansas","6/9/20","1","1","05127","100"
"Searcy","0","7","Arkansas","6/9/20","7","0","05129","0"
"Sebastian","7","98","Arkansas","6/9/20","47","51","05131","108.51"
"Sevier","15","366","Arkansas","6/9/20","258","108","05133","41.86"
"Sharp","0","49","Arkansas","6/9/20","46","3","05135","6.52"
"St. Francis","11","761","Arkansas","6/9/20","682","79","05123","11.58"
"Stone","0","11","Arkansas","6/9/20","9","2","05137","22.22"
"Union","2","190","Arkansas","6/9/20","173","17","05139","9.83"
"Van Buren","0","30","Arkansas","6/9/20","29","1","05141","3.45"
"Washington","81","1185","Arkansas","6/9/20","620","565","05143","91.13"
"White","1","50","Arkansas","6/9/20","46","4","05145","8.7"
"Woodruff","0","1","Arkansas","6/9/20","1","0","05147","0"
"Yell","10","248","Arkansas","6/9/20","179","69","05149","38.55"
"Alameda","67","3985","California","6/9/20","3515","470","06001","13.37"
"Alpine","0","2","California","6/9/20","2","0","06003","0"
"Amador","0","10","California","6/9/20","10","0","06005","0"
"Butte","3","71","California","6/9/20","51","20","06007","39.22"
"Calaveras","1","19","California","6/9/20","15","4","06009","26.67"
"Colusa","0","7","California","6/9/20","7","0","06011","0"
"Contra Costa","38","1774","California","6/9/20","1506","268","06013","17.8"
"Del Norte","0","47","California","6/9/20","46","1","06015","2.17"
"El Dorado","2","111","California","6/9/20","96","15","06017","15.62"
"Fresno","48","2216","California","6/9/20","1882","334","06019","17.75"
"Glenn","0","19","California","6/9/20","17","2","06021","11.76"
"Humboldt","0","105","California","6/9/20","102","3","06023","2.94"
"Imperial","191","3133","California","6/9/20","1798","1335","06025","74.25"
"Inyo","0","22","California","6/9/20","20","2","06027","10"
"Kern","71","2870","California","6/9/20","2376","494","06029","20.79"
"Kings","63","1576","California","6/9/20","1137","439","06031","38.61"
"Lake","1","30","California","6/9/20","26","4","06033","15.38"
"Lassen","0","8","California","6/9/20","5","3","06035","60"
"Los Angeles","1247","65945","California","6/9/20","57219","8726","06037","15.25"
"Madera","8","172","California","6/9/20","114","58","06039","50.88"
"Marin","19","635","California","6/9/20","501","134","06041","26.75"
"Mariposa","0","16","California","6/9/20","16","0","06043","0"
"Mendocino","1","36","California","6/9/20","30","6","06045","20"
"Merced","9","367","California","6/9/20","301","66","06047","21.93"
"Mono","0","38","California","6/9/20","37","1","06051","2.7"
"Monterey","27","763","California","6/9/20","571","192","06053","33.63"
"Napa","6","157","California","6/9/20","113","44","06055","38.94"
"Nevada","1","50","California","6/9/20","42","8","06057","19.05"
"Orange","149","7614","California","6/9/20","6574","1040","06059","15.82"
"Placer","11","304","California","6/9/20","228","76","06061","33.33"
"Plumas","0","4","California","6/9/20","4","0","06063","0"
"Riverside","205","9590","California","6/9/20","8155","1435","06065","17.6"
"Sacramento","26","1624","California","6/9/20","1439","185","06067","12.86"
"San Benito","3","109","California","6/9/20","88","21","06069","23.86"
"San Bernardino","131","6417","California","6/9/20","5501","916","06071","16.65"
"San Diego","152","8619","California","6/9/20","7554","1065","06073","14.1"
"San Francisco","29","2793","California","6/9/20","2587","206","06075","7.96"
"San Joaquin","40","1259","California","6/9/20","982","277","06077","28.21"
"San Luis Obispo","3","302","California","6/9/20","278","24","06079","8.63"
"San Mateo","36","2437","California","6/9/20","2188","249","06081","11.38"
"Santa Barbara","21","1817","California","6/9/20","1669","148","06083","8.87"
"Santa Clara","28","3017","California","6/9/20","2819","198","06085","7.02"
"Santa Cruz","3","235","California","6/9/20","217","18","06087","8.29"
"Shasta","1","46","California","6/9/20","39","7","06089","17.95"
"Sierra","0","1","California","6/9/20","1","0","06091","0"
"Siskiyou","1","13","California","6/9/20","8","5","06093","62.5"
"Solano","6","590","California","6/9/20","546","44","06095","8.06"
"Sonoma","14","664","California","6/9/20","566","98","06097","17.31"
"Stanislaus","27","937","California","6/9/20","750","187","06099","24.93"
"Sutter","3","65","California","6/9/20","46","19","06101","41.3"
"Tehama","1","11","California","6/9/20","5","6","06103","120"
"Trinity","0","2","California","6/9/20","1","1","06105","100"
"Tulare","54","2381","California","6/9/20","2004","377","06107","18.81"
"Tuolumne","0","7","California","6/9/20","4","3","06109","75"
"Ventura","25","1341","California","6/9/20","1164","177","06111","15.21"
"Yolo","2","226","California","6/9/20","213","13","06113","6.1"
"Yuba","0","32","California","6/9/20","30","2","06115","6.67"
"Adams","41","3627","Colorado","6/9/20","3338","289","08001","8.66"
"Alamosa","3","101","Colorado","6/9/20","82","19","08003","23.17"
"Arapahoe","33","4687","Colorado","6/9/20","4453","234","08005","5.25"
"Archuleta","0","8","Colorado","6/9/20","8","0","08007","0"
"Baca","0","12","Colorado","6/9/20","12","0","08009","0"
"Bent","0","3","Colorado","6/9/20","2","1","08011","50"
"Boulder","6","1027","Colorado","6/9/20","986","41","08013","4.16"
"Broomfield","2","258","Colorado","6/9/20","244","14","08014","5.74"
"Chaffee","0","78","Colorado","6/9/20","77","1","08015","1.3"
"Cheyenne","0","5","Colorado","6/9/20","5","0","08017","0"
"Clear Creek","0","17","Colorado","6/9/20","17","0","08019","0"
"Conejos","0","5","Colorado","6/9/20","2","3","08021","150"
"Costilla","0","8","Colorado","6/9/20","6","2","08023","33.33"
"Crowley","0","66","Colorado","6/9/20","64","2","08025","3.12"
"Custer","0","2","Colorado","6/9/20","2","0","08027","0"
"Delta","1","76","Colorado","6/9/20","71","5","08029","7.04"
"Denver","46","6176","Colorado","6/9/20","5854","322","08031","5.5"
"Douglas","5","764","Colorado","6/9/20","726","38","08035","5.23"
"Eagle","3","612","Colorado","6/9/20","590","22","08037","3.73"
"El Paso","17","1880","Colorado","6/9/20","1761","119","08041","6.76"
"Elbert","1","57","Colorado","6/9/20","53","4","08039","7.55"
"Fremont","0","26","Colorado","6/9/20","27","-1","08043","-3.7"
"Garfield","3","166","Colorado","6/9/20","148","18","08045","12.16"
"Gilpin","0","5","Colorado","6/9/20","3","2","08047","66.67"
"Grand","0","15","Colorado","6/9/20","15","0","08049","0"
"Gunnison","0","181","Colorado","6/9/20","178","3","08051","1.69"
"Hinsdale","0","3","Colorado","6/9/20","3","0","08053","0"
"Huerfano","0","3","Colorado","6/9/20","3","0","08055","0"
"Jefferson","19","2398","Colorado","6/9/20","2266","132","08059","5.83"
"Kit Carson","1","30","Colorado","6/9/20","26","4","08063","15.38"
"La Plata","0","84","Colorado","6/9/20","82","2","08067","2.44"
"Lake","1","38","Colorado","6/9/20","31","7","08065","22.58"
"Larimer","6","632","Colorado","6/9/20","589","43","08069","7.3"
"Las Animas","0","6","Colorado","6/9/20","5","1","08071","20"
"Lincoln","0","3","Colorado","6/9/20","3","0","08073","0"
"Logan","2","631","Colorado","6/9/20","620","11","08075","1.77"
"Mesa","1","64","Colorado","6/9/20","55","9","08077","16.36"
"Mineral","0","2","Colorado","6/9/20","2","0","08079","0"
"Moffat","0","8","Colorado","6/9/20","8","0","08081","0"
"Montezuma","2","58","Colorado","6/9/20","46","12","08083","26.09"
"Montrose","1","190","Colorado","6/9/20","181","9","08085","4.97"
"Morgan","2","644","Colorado","6/9/20","631","13","08087","2.06"
"Otero","0","22","Colorado","6/9/20","19","3","08089","15.79"
"Ouray","0","8","Colorado","6/9/20","8","0","08091","0"
"Park","0","23","Colorado","6/9/20","23","0","08093","0"
"Phillips","0","15","Colorado","6/9/20","14","1","08095","7.14"
"Pitkin","1","62","Colorado","6/9/20","58","4","08097","6.9"
"Prowers","0","16","Colorado","6/9/20","15","1","08099","6.67"
"Pueblo","4","323","Colorado","6/9/20","297","26","08101","8.75"
"Rio Blanco","0","1","Colorado","6/9/20","1","0","08103","0"
"Rio Grande","1","47","Colorado","6/9/20","37","10","08105","27.03"
"Routt","0","62","Colorado","6/9/20","62","0","08107","0"
"Saguache","1","94","Colorado","6/9/20","89","5","08109","5.62"
"San Juan","0","1","Colorado","6/9/20","1","0","08111","0"
"San Miguel","0","23","Colorado","6/9/20","23","0","08113","0"
"Summit","2","248","Colorado","6/9/20","233","15","08117","6.44"
"Teller","1","37","Colorado","6/9/20","33","4","08119","12.12"
"Washington","0","43","Colorado","6/9/20","41","2","08121","4.88"
"Weld","14","2604","Colorado","6/9/20","2505","99","08123","3.95"
"Yuma","1","48","Colorado","6/9/20","40","8","08125","20"
"Fairfield","47","16108","Connecticut","6/9/20","15776","332","09001","2.1"
"Hartford","46","10859","Connecticut","6/9/20","10536","323","09003","3.07"
"Litchfield","4","1432","Connecticut","6/9/20","1402","30","09005","2.14"
"Middlesex","6","1194","Connecticut","6/9/20","1154","40","09007","3.47"
"New Haven","50","11875","Connecticut","6/9/20","11525","350","09009","3.04"
"New London","4","1122","Connecticut","6/9/20","1094","28","09011","2.56"
"Tolland","4","873","Connecticut","6/9/20","848","25","09013","2.95"
"Windham","5","430","Connecticut","6/9/20","393","37","09015","9.41"
"Kent","10","1522","Delaware","6/9/20","1450","72","10001","4.97"
"New Castle","35","4125","Delaware","6/9/20","3883","242","10003","6.23"
"Sussex","9","4361","Delaware","6/9/20","4299","62","10005","1.44"
"","0","49","Diamond Princess","6/9/20","49","0",,"0"
"District of Columbia","84","9474","District of Columbia","6/9/20","8886","588","11001","6.62"
"Alachua","3","404","Florida","6/9/20","382","22","12001","5.76"
"Baker","0","29","Florida","6/9/20","29","0","12003","0"
"Bay","5","133","Florida","6/9/20","99","34","12005","34.34"
"Bradford","0","52","Florida","6/9/20","51","1","12007","1.96"
"Brevard","6","471","Florida","6/9/20","427","44","12009","10.3"
"Broward","112","8035","Florida","6/9/20","7248","787","12011","10.86"
"Calhoun","0","64","Florida","6/9/20","62","2","12013","3.23"
"Charlotte","5","501","Florida","6/9/20","463","38","12015","8.21"
"Citrus","1","128","Florida","6/9/20","122","6","12017","4.92"
"Clay","3","411","Florida","6/9/20","387","24","12019","6.2"
"Collier","75","2128","Florida","6/9/20","1605","523","12021","32.59"
"Columbia","4","174","Florida","6/9/20","147","27","12023","18.37"
"DeSoto","14","296","Florida","6/9/20","197","99","12027","50.25"
"Dixie","1","60","Florida","6/9/20","54","6","12029","11.11"
"Duval","23","1824","Florida","6/9/20","1660","164","12031","9.88"
"Escambia","9","907","Florida","6/9/20","844","63","12033","7.46"
"Flagler","1","195","Florida","6/9/20","190","5","12035","2.63"
"Franklin","0","2","Florida","6/9/20","2","0","12037","0"
"Gadsden","3","296","Florida","6/9/20","278","18","12039","6.47"
"Gilchrist","1","19","Florida","6/9/20","15","4","12041","26.67"
"Glades","4","86","Florida","6/9/20","61","25","12043","40.98"
"Gulf","1","7","Florida","6/9/20","2","5","12045","250"
"Hamilton","3","263","Florida","6/9/20","239","24","12047","10.04"
"Hardee","7","153","Florida","6/9/20","105","48","12049","45.71"
"Hendry","18","572","Florida","6/9/20","446","126","12051","28.25"
"Hernando","1","127","Florida","6/9/20","118","9","12053","7.63"
"Highlands","3","150","Florida","6/9/20","132","18","12055","13.64"
"Hillsborough","91","2923","Florida","6/9/20","2285","638","12057","27.92"
"Holmes","1","30","Florida","6/9/20","23","7","12059","30.43"
"Indian River","4","167","Florida","6/9/20","138","29","12061","21.01"
"Jackson","6","310","Florida","6/9/20","266","44","12063","16.54"
"Jefferson","0","31","Florida","6/9/20","29","2","12065","6.9"
"Lafayette","1","13","Florida","6/9/20","8","5","12067","62.5"
"Lake","5","339","Florida","6/9/20","306","33","12069","10.78"
"Lee","60","2388","Florida","6/9/20","1967","421","12071","21.4"
"Leon","5","448","Florida","6/9/20","411","37","12073","9"
"Levy","8","90","Florida","6/9/20","35","55","12075","157.14"
"Liberty","1","218","Florida","6/9/20","213","5","12077","2.35"
"Madison","0","71","Florida","6/9/20","69","2","12079","2.9"
"Manatee","22","1229","Florida","6/9/20","1074","155","12081","14.43"
"Marion","4","284","Florida","6/9/20","255","29","12083","11.37"
"Martin","36","934","Florida","6/9/20","680","254","12085","37.35"
"Miami-Dade","251","19980","Florida","6/9/20","18224","1756","12086","9.64"
"Monroe","1","114","Florida","6/9/20","109","5","12087","4.59"
"Nassau","0","83","Florida","6/9/20","80","3","12089","3.75"
"Okaloosa","6","274","Florida","6/9/20","235","39","12091","16.6"
"Okeechobee","8","143","Florida","6/9/20","85","58","12093","68.24"
"Orange","57","2449","Florida","6/9/20","2048","401","12095","19.58"
"Osceola","8","762","Florida","6/9/20","709","53","12097","7.48"
"Palm Beach","186","7518","Florida","6/9/20","6219","1299","12099","20.89"
"Pasco","7","442","Florida","6/9/20","394","48","12101","12.18"
"Pinellas","49","1679","Florida","6/9/20","1335","344","12103","25.77"
"Polk","27","1243","Florida","6/9/20","1053","190","12105","18.04"
"Putnam","3","175","Florida","6/9/20","154","21","12107","13.64"
"Santa Rosa","2","261","Florida","6/9/20","248","13","12113","5.24"
"Sarasota","7","694","Florida","6/9/20","647","47","12115","7.26"
"Seminole","9","556","Florida","6/9/20","493","63","12117","12.78"
"St. Johns","4","287","Florida","6/9/20","262","25","12109","9.54"
"St. Lucie","25","669","Florida","6/9/20","492","177","12111","35.98"
"Sumter","1","264","Florida","6/9/20","255","9","12119","3.53"
"Suwannee","1","176","Florida","6/9/20","168","8","12121","4.76"
"Taylor","4","48","Florida","6/9/20","22","26","12123","118.18"
"Union","1","38","Florida","6/9/20","33","5","12125","15.15"
"Volusia","12","837","Florida","6/9/20","752","85","12127","11.3"
"Wakulla","0","35","Florida","6/9/20","35","0","12129","0"
"Walton","2","133","Florida","6/9/20","118","15","12131","12.71"
"Washington","3","85","Florida","6/9/20","66","19","12133","28.79"
"Appling","5","197","Georgia","6/9/20","161","36","13001","22.36"
"Atkinson","2","62","Georgia","6/9/20","51","11","13003","21.57"
"Bacon","3","152","Georgia","6/9/20","131","21","13005","16.03"
"Baker","0","37","Georgia","6/9/20","34","3","13007","8.82"
"Baldwin","6","393","Georgia","6/9/20","350","43","13009","12.29"
"Banks","1","99","Georgia","6/9/20","93","6","13011","6.45"
"Barrow","4","356","Georgia","6/9/20","328","28","13013","8.54"
"Bartow","6","527","Georgia","6/9/20","485","42","13015","8.66"
"Ben Hill","2","93","Georgia","6/9/20","77","16","13017","20.78"
"Berrien","1","59","Georgia","6/9/20","49","10","13019","20.41"
"Bibb","6","511","Georgia","6/9/20","472","39","13021","8.26"
"Bleckley","1","53","Georgia","6/9/20","48","5","13023","10.42"
"Brantley","1","63","Georgia","6/9/20","58","5","13025","8.62"
"Brooks","2","84","Georgia","6/9/20","70","14","13027","20"
"Bryan","1","80","Georgia","6/9/20","75","5","13029","6.67"
"Bulloch","2","84","Georgia","6/9/20","67","17","13031","25.37"
"Burke","0","125","Georgia","6/9/20","122","3","13033","2.46"
"Butts","3","253","Georgia","6/9/20","234","19","13035","8.12"
"Calhoun","1","140","Georgia","6/9/20","134","6","13037","4.48"
"Camden","1","70","Georgia","6/9/20","64","6","13039","9.38"
"Candler","0","15","Georgia","6/9/20","14","1","13043","7.14"
"Carroll","9","587","Georgia","6/9/20","524","63","13045","12.02"
"Catoosa","3","164","Georgia","6/9/20","142","22","13047","15.49"
"Charlton","0","36","Georgia","6/9/20","33","3","13049","9.09"
"Chatham","5","556","Georgia","6/9/20","518","38","13051","7.34"
"Chattahoochee","4","180","Georgia","6/9/20","154","26","13053","16.88"
"Chattooga","0","27","Georgia","6/9/20","25","2","13055","8"
"Cherokee","10","978","Georgia","6/9/20","911","67","13057","7.35"
"Clarke","5","328","Georgia","6/9/20","295","33","13059","11.19"
"Clay","1","49","Georgia","6/9/20","39","10","13061","25.64"
"Clayton","18","1362","Georgia","6/9/20","1238","124","13063","10.02"
"Clinch","2","72","Georgia","6/9/20","59","13","13065","22.03"
"Cobb","40","3337","Georgia","6/9/20","3056","281","13067","9.2"
"Coffee","4","307","Georgia","6/9/20","277","30","13069","10.83"
"Colquitt","15","589","Georgia","6/9/20","484","105","13071","21.69"
"Columbia","5","288","Georgia","6/9/20","251","37","13073","14.74"
"Cook","1","57","Georgia","6/9/20","47","10","13075","21.28"
"Coweta","7","474","Georgia","6/9/20","422","52","13077","12.32"
"Crawford","0","31","Georgia","6/9/20","28","3","13079","10.71"
"Crisp","0","239","Georgia","6/9/20","237","2","13081","0.84"
"Dade","1","41","Georgia","6/9/20","37","4","13083","10.81"
"Dawson","1","114","Georgia","6/9/20","109","5","13085","4.59"
"Decatur","2","218","Georgia","6/9/20","204","14","13087","6.86"
"DeKalb","45","4120","Georgia","6/9/20","3803","317","13089","8.34"
"Dodge","0","53","Georgia","6/9/20","52","1","13091","1.92"
"Dooly","1","193","Georgia","6/9/20","183","10","13093","5.46"
"Dougherty","5","1818","Georgia","6/9/20","1784","34","13095","1.91"
"Douglas","9","612","Georgia","6/9/20","549","63","13097","11.48"
"Early","1","252","Georgia","6/9/20","244","8","13099","3.28"
"Echols","4","146","Georgia","6/9/20","121","25","13101","20.66"
"Effingham","1","81","Georgia","6/9/20","75","6","13103","8"
"Elbert","1","82","Georgia","6/9/20","75","7","13105","9.33"
"Emanuel","1","33","Georgia","6/9/20","27","6","13107","22.22"
"Evans","0","6","Georgia","6/9/20","5","1","13109","20"
"Fannin","1","57","Georgia","6/9/20","47","10","13111","21.28"
"Fayette","2","254","Georgia","6/9/20","237","17","13113","7.17"
"Floyd","9","335","Georgia","6/9/20","274","61","13115","22.26"
"Forsyth","6","575","Georgia","6/9/20","532","43","13117","8.08"
"Franklin","4","134","Georgia","6/9/20","104","30","13119","28.85"
"Fulton","41","4925","Georgia","6/9/20","4638","287","13121","6.19"
"Gilmer","1","161","Georgia","6/9/20","156","5","13123","3.21"
"Glascock","0","1","Georgia","6/9/20","1","0","13125","0"
"Glynn","4","164","Georgia","6/9/20","133","31","13127","23.31"
"Gordon","6","209","Georgia","6/9/20","166","43","13129","25.9"
"Grady","2","127","Georgia","6/9/20","114","13","13131","11.4"
"Greene","2","83","Georgia","6/9/20","68","15","13133","22.06"
"Gwinnett","114","4692","Georgia","6/9/20","3891","801","13135","20.59"
"Habersham","5","568","Georgia","6/9/20","530","38","13137","7.17"
"Hall","22","2664","Georgia","6/9/20","2508","156","13139","6.22"
"Hancock","0","200","Georgia","6/9/20","197","3","13141","1.52"
"Haralson","1","54","Georgia","6/9/20","47","7","13143","14.89"
"Harris","6","143","Georgia","6/9/20","102","41","13145","40.2"
"Hart","1","39","Georgia","6/9/20","33","6","13147","18.18"
"Heard","0","37","Georgia","6/9/20","35","2","13149","5.71"
"Henry","12","779","Georgia","6/9/20","695","84","13151","12.09"
"Houston","4","406","Georgia","6/9/20","376","30","13153","7.98"
"Irwin","1","34","Georgia","6/9/20","30","4","13155","13.33"
"Jackson","6","237","Georgia","6/9/20","198","39","13157","19.7"
"Jasper","2","51","Georgia","6/9/20","39","12","13159","30.77"
"Jeff Davis","2","48","Georgia","6/9/20","37","11","13161","29.73"
"Jefferson","1","52","Georgia","6/9/20","44","8","13163","18.18"
"Jenkins","2","33","Georgia","6/9/20","21","12","13165","57.14"
"Johnson","0","83","Georgia","6/9/20","83","0","13167","0"
"Jones","1","49","Georgia","6/9/20","40","9","13169","22.5"
"Lamar","1","76","Georgia","6/9/20","71","5","13171","7.04"
"Lanier","1","34","Georgia","6/9/20","25","9","13173","36"
"Laurens","1","116","Georgia","6/9/20","108","8","13175","7.41"
"Lee","1","368","Georgia","6/9/20","361","7","13177","1.94"
"Liberty","1","86","Georgia","6/9/20","82","4","13179","4.88"
"Lincoln","0","16","Georgia","6/9/20","16","0","13181","0"
"Long","0","17","Georgia","6/9/20","16","1","13183","6.25"
"Lowndes","22","474","Georgia","6/9/20","319","155","13185","48.59"
"Lumpkin","1","103","Georgia","6/9/20","99","4","13187","4.04"
"Macon","1","106","Georgia","6/9/20","102","4","13193","3.92"
"Madison","1","66","Georgia","6/9/20","56","10","13195","17.86"
"Marion","0","59","Georgia","6/9/20","59","0","13197","0"
"McDuffie","1","73","Georgia","6/9/20","67","6","13189","8.96"
"McIntosh","0","15","Georgia","6/9/20","16","-1","13191","-6.25"
"Meriwether","3","110","Georgia","6/9/20","87","23","13199","26.44"
"Miller","0","43","Georgia","6/9/20","42","1","13201","2.38"
"Mitchell","2","425","Georgia","6/9/20","413","12","13205","2.91"
"Monroe","0","124","Georgia","6/9/20","121","3","13207","2.48"
"Montgomery","0","14","Georgia","6/9/20","11","3","13209","27.27"
"Morgan","0","40","Georgia","6/9/20","38","2","13211","5.26"
"Murray","3","114","Georgia","6/9/20","96","18","13213","18.75"
"Muscogee","33","868","Georgia","6/9/20","637","231","13215","36.26"
"Newton","4","396","Georgia","6/9/20","370","26","13217","7.03"
"Oconee","2","127","Georgia","6/9/20","116","11","13219","9.48"
"Oglethorpe","1","70","Georgia","6/9/20","62","8","13221","12.9"
"Out of GA","48","2480","Georgia","6/9/20","2144","336","80013","15.67"
"Paulding","6","371","Georgia","6/9/20","330","41","13223","12.42"
"Peach","1","80","Georgia","6/9/20","74","6","13225","8.11"
"Pickens","1","53","Georgia","6/9/20","48","5","13227","10.42"
"Pierce","3","121","Georgia","6/9/20","100","21","13229","21"
"Pike","1","64","Georgia","6/9/20","54","10","13231","18.52"
"Polk","4","152","Georgia","6/9/20","126","26","13233","20.63"
"Pulaski","1","46","Georgia","6/9/20","42","4","13235","9.52"
"Putnam","1","103","Georgia","6/9/20","93","10","13237","10.75"
"Quitman","0","14","Georgia","6/9/20","12","2","13239","16.67"
"Rabun","1","27","Georgia","6/9/20","23","4","13241","17.39"
"Randolph","1","187","Georgia","6/9/20","179","8","13243","4.47"
"Richmond","8","652","Georgia","6/9/20","598","54","13245","9.03"
"Rockdale","4","320","Georgia","6/9/20","289","31","13247","10.73"
"Schley","0","18","Georgia","6/9/20","16","2","13249","12.5"
"Screven","1","59","Georgia","6/9/20","55","4","13251","7.27"
"Seminole","0","47","Georgia","6/9/20","45","2","13253","4.44"
"Spalding","3","301","Georgia","6/9/20","277","24","13255","8.66"
"Stephens","0","147","Georgia","6/9/20","147","0","13257","0"
"Stewart","1","58","Georgia","6/9/20","52","6","13259","11.54"
"Sumter","1","498","Georgia","6/9/20","489","9","13261","1.84"
"Talbot","1","43","Georgia","6/9/20","39","4","13263","10.26"
"Taliaferro","0","1","Georgia","6/9/20","1","0","13265","0"
"Tattnall","1","34","Georgia","6/9/20","27","7","13267","25.93"
"Taylor","0","23","Georgia","6/9/20","22","1","13269","4.55"
"Telfair","0","39","Georgia","6/9/20","37","2","13271","5.41"
"Terrell","1","217","Georgia","6/9/20","213","4","13273","1.88"
"Thomas","4","357","Georgia","6/9/20","332","25","13275","7.53"
"Tift","8","327","Georgia","6/9/20","270","57","13277","21.11"
"Toombs","3","77","Georgia","6/9/20","56","21","13279","37.5"
"Towns","1","30","Georgia","6/9/20","24","6","13281","25"
"Treutlen","0","14","Georgia","6/9/20","12","2","13283","16.67"
"Troup","22","476","Georgia","6/9/20","320","156","13285","48.75"
"Turner","2","141","Georgia","6/9/20","128","13","13287","10.16"
"Twiggs","0","19","Georgia","6/9/20","17","2","13289","11.76"
"Union","1","50","Georgia","6/9/20","46","4","13291","8.7"
"Upson","1","290","Georgia","6/9/20","284","6","13293","2.11"
"Walker","6","203","Georgia","6/9/20","162","41","13295","25.31"
"Walton","5","307","Georgia","6/9/20","269","38","13297","14.13"
"Ware","3","252","Georgia","6/9/20","228","24","13299","10.53"
"Warren","0","18","Georgia","6/9/20","18","0","13301","0"
"Washington","0","75","Georgia","6/9/20","74","1","13303","1.35"
"Wayne","1","30","Georgia","6/9/20","20","10","13305","50"
"Webster","0","14","Georgia","6/9/20","13","1","13307","7.69"
"Wheeler","0","14","Georgia","6/9/20","13","1","13309","7.69"
"White","2","117","Georgia","6/9/20","103","14","13311","13.59"
"Whitfield","17","509","Georgia","6/9/20","391","118","13313","30.18"
"Wilcox","0","117","Georgia","6/9/20","117","0","13315","0"
"Wilkes","0","34","Georgia","6/9/20","33","1","13317","3.03"
"Wilkinson","0","72","Georgia","6/9/20","70","2","13319","2.86"
"Worth","3","243","Georgia","6/9/20","223","20","13321","8.97"
"","0","103","Grand Princess","6/9/20","103","0",,"0"
"","1","180","Guam","6/9/20","175","5",,"2.86"
"Hawaii","0","81","Hawaii","6/9/20","81","0","15001","0"
"Honolulu","4","448","Hawaii","6/9/20","422","26","15003","6.16"
"Kauai","0","21","Hawaii","6/9/20","20","1","15007","5"
"Maui","0","120","Hawaii","6/9/20","120","0","15009","0"
"Out of HI","0","12","Hawaii","6/9/20","10","2","80015","20"
"Ada","4","848","Idaho","6/9/20","818","30","16001","3.67"
"Adams","0","3","Idaho","6/9/20","3","0","16003","0"
"Bannock","2","49","Idaho","6/9/20","34","15","16005","44.12"
"Benewah","1","18","Idaho","6/9/20","12","6","16009","50"
"Bingham","2","23","Idaho","6/9/20","8","15","16011","187.5"
"Blaine","0","514","Idaho","6/9/20","512","2","16013","0.39"
"Bonner","0","7","Idaho","6/9/20","6","1","16017","16.67"
"Bonneville","2","68","Idaho","6/9/20","51","17","16019","33.33"
"Camas","0","1","Idaho","6/9/20","1","0","16025","0"
"Canyon","5","345","Idaho","6/9/20","310","35","16027","11.29"
"Caribou","0","3","Idaho","6/9/20","1","2","16029","200"
"Cassia","5","118","Idaho","6/9/20","85","33","16031","38.82"
"Custer","0","2","Idaho","6/9/20","2","0","16037","0"
"Elmore","0","33","Idaho","6/9/20","31","2","16039","6.45"
"Franklin","0","9","Idaho","6/9/20","9","0","16041","0"
"Fremont","0","4","Idaho","6/9/20","3","1","16043","33.33"
"Gem","0","17","Idaho","6/9/20","17","0","16045","0"
"Gooding","1","57","Idaho","6/9/20","49","8","16047","16.33"
"Idaho","0","3","Idaho","6/9/20","3","0","16049","0"
"Jefferson","0","9","Idaho","6/9/20","7","2","16051","28.57"
"Jerome","4","201","Idaho","6/9/20","175","26","16053","14.86"
"Kootenai","3","91","Idaho","6/9/20","73","18","16055","24.66"
"Latah","0","7","Idaho","6/9/20","7","0","16057","0"
"Lemhi","0","1","Idaho","6/9/20","1","0","16059","0"
"Lincoln","0","34","Idaho","6/9/20","33","1","16063","3.03"
"Madison","1","27","Idaho","6/9/20","21","6","16065","28.57"
"Minidoka","3","80","Idaho","6/9/20","58","22","16067","37.93"
"Nez Perce","0","83","Idaho","6/9/20","82","1","16069","1.22"
"Owyhee","0","8","Idaho","6/9/20","8","0","16073","0"
"Payette","0","26","Idaho","6/9/20","23","3","16075","13.04"
"Power","0","9","Idaho","6/9/20","6","3","16077","50"
"Teton","0","11","Idaho","6/9/20","11","0","16081","0"
"Twin Falls","5","463","Idaho","6/9/20","428","35","16083","8.18"
"Valley","0","3","Idaho","6/9/20","2","1","16085","50"
"Washington","0","46","Idaho","6/9/20","43","3","16087","6.98"
"Adams","0","45","Illinois","6/9/20","44","1","17001","2.27"
"Alexander","1","15","Illinois","6/9/20","8","7","17003","87.5"
"Bond","0","12","Illinois","6/9/20","12","0","17005","0"
"Boone","4","507","Illinois","6/9/20","476","31","17007","6.51"
"Brown","0","10","Illinois","6/9/20","10","0","17009","0"
"Bureau","1","21","Illinois","6/9/20","15","6","17011","40"
"Calhoun","0","1","Illinois","6/9/20","1","0","17013","0"
"Carroll","1","19","Illinois","6/9/20","15","4","17015","26.67"
"Cass","0","74","Illinois","6/9/20","74","0","17017","0"
"Champaign","6","695","Illinois","6/9/20","652","43","17019","6.6"
"Christian","0","35","Illinois","6/9/20","35","0","17021","0"
"Clark","0","12","Illinois","6/9/20","11","1","17023","9.09"
"Clay","0","2","Illinois","6/9/20","2","0","17025","0"
"Clinton","1","196","Illinois","6/9/20","188","8","17027","4.26"
"Coles","2","140","Illinois","6/9/20","127","13","17029","10.24"
"Cook","514","83271","Illinois","6/9/20","79673","3598","17031","4.52"
"Crawford","0","11","Illinois","6/9/20","12","-1","17033","-8.33"
"Cumberland","0","10","Illinois","6/9/20","10","0","17035","0"
"De Witt","0","4","Illinois","6/9/20","4","0","17039","0"
"DeKalb","5","457","Illinois","6/9/20","422","35","17037","8.29"
"Douglas","0","29","Illinois","6/9/20","28","1","17041","3.57"
"DuPage","57","8215","Illinois","6/9/20","7818","397","17043","5.08"
"Edgar","0","1","Illinois","6/9/20","1","0","17045","0"
"Edwards","0","2","Illinois","6/9/20","2","0","17047","0"
"Effingham","0","8","Illinois","6/9/20","7","1","17049","14.29"
"Fayette","0","21","Illinois","6/9/20","21","0","17051","0"
"Ford","0","21","Illinois","6/9/20","20","1","17053","5"
"Franklin","0","12","Illinois","6/9/20","12","0","17055","0"
"Fulton","0","12","Illinois","6/9/20","12","0","17057","0"
"Gallatin","0","2","Illinois","6/9/20","2","0","17059","0"
"Greene","0","7","Illinois","6/9/20","5","2","17061","40"
"Grundy","3","124","Illinois","6/9/20","101","23","17063","22.77"
"Hamilton","0","2","Illinois","6/9/20","2","0","17065","0"
"Hancock","0","18","Illinois","6/9/20","17","1","17067","5.88"
"Hardin","0","1","Illinois","6/9/20","1","0","17069","0"
"Henderson","0","8","Illinois","6/9/20","8","0","17071","0"
"Henry","0","71","Illinois","6/9/20","69","2","17073","2.9"
"Iroquois","1","137","Illinois","6/9/20","132","5","17075","3.79"
"Jackson","2","304","Illinois","6/9/20","289","15","17077","5.19"
"Jasper","0","46","Illinois","6/9/20","46","0","17079","0"
"Jefferson","0","101","Illinois","6/9/20","101","0","17081","0"
"Jersey","0","26","Illinois","6/9/20","24","2","17083","8.33"
"Jo Daviess","0","33","Illinois","6/9/20","32","1","17085","3.12"
"Johnson","1","13","Illinois","6/9/20","9","4","17087","44.44"
"Kane","61","6897","Illinois","6/9/20","6467","430","17089","6.65"
"Kankakee","13","1019","Illinois","6/9/20","930","89","17091","9.57"
"Kendall","5","853","Illinois","6/9/20","819","34","17093","4.15"
"Knox","1","105","Illinois","6/9/20","101","4","17095","3.96"
"Lake","59","8861","Illinois","6/9/20","8450","411","17097","4.86"
"LaSalle","2","168","Illinois","6/9/20","154","14","17099","9.09"
"Lawrence","0","4","Illinois","6/9/20","4","0","17101","0"
"Lee","1","89","Illinois","6/9/20","82","7","17103","8.54"
"Livingston","0","36","Illinois","6/9/20","34","2","17105","5.88"
"Logan","0","10","Illinois","6/9/20","11","-1","17107","-9.09"
"Macon","1","203","Illinois","6/9/20","194","9","17115","4.64"
"Macoupin","0","46","Illinois","6/9/20","46","0","17117","0"
"Madison","7","647","Illinois","6/9/20","595","52","17119","8.74"
"Marion","1","55","Illinois","6/9/20","50","5","17121","10"
"Marshall","0","5","Illinois","6/9/20","5","0","17123","0"
"Mason","0","18","Illinois","6/9/20","18","0","17125","0"
"Massac","0","7","Illinois","6/9/20","7","0","17127","0"
"McDonough","0","92","Illinois","6/9/20","91","1","17109","1.1"
"McHenry","21","1752","Illinois","6/9/20","1606","146","17111","9.09"
"McLean","1","230","Illinois","6/9/20","221","9","17113","4.07"
"Menard","0","22","Illinois","6/9/20","20","2","17129","10"
"Mercer","0","18","Illinois","6/9/20","17","1","17131","5.88"
"Monroe","1","105","Illinois","6/9/20","96","9","17133","9.38"
"Montgomery","0","41","Illinois","6/9/20","40","1","17135","2.5"
"Morgan","2","55","Illinois","6/9/20","38","17","17137","44.74"
"Moultrie","0","13","Illinois","6/9/20","11","2","17139","18.18"
"Ogle","1","224","Illinois","6/9/20","214","10","17141","4.67"
"Out of IL","0","118","Illinois","6/9/20","115","3","80017","2.61"
"Peoria","9","328","Illinois","6/9/20","262","66","17143","25.19"
"Perry","0","42","Illinois","6/9/20","41","1","17145","2.44"
"Piatt","0","11","Illinois","6/9/20","11","0","17147","0"
"Pike","0","1","Illinois","6/9/20","1","0","17149","0"
"Pope","0","1","Illinois","6/9/20","1","0","17151","0"
"Pulaski","1","60","Illinois","6/9/20","55","5","17153","9.09"
"Putnam","0","1","Illinois","6/9/20","1","0","17155","0"
"Randolph","1","276","Illinois","6/9/20","270","6","17157","2.22"
"Richland","0","4","Illinois","6/9/20","3","1","17159","33.33"
"Rock Island","5","717","Illinois","6/9/20","683","34","17161","4.98"
"Saline","0","7","Illinois","6/9/20","7","0","17165","0"
"Sangamon","2","366","Illinois","6/9/20","350","16","17167","4.57"
"Schuyler","0","13","Illinois","6/9/20","13","0","17169","0"
"Shelby","0","16","Illinois","6/9/20","16","0","17173","0"
"St. Clair","24","1340","Illinois","6/9/20","1172","168","17163","14.33"
"Stark","0","3","Illinois","6/9/20","3","0","17175","0"
"Stephenson","1","220","Illinois","6/9/20","211","9","17177","4.27"
"Tazewell","1","82","Illinois","6/9/20","74","8","17179","10.81"
"Union","2","170","Illinois","6/9/20","157","13","17181","8.28"
"Vermilion","0","43","Illinois","6/9/20","40","3","17183","7.5"
"Wabash","1","12","Illinois","6/9/20","5","7","17185","140"
"Warren","1","127","Illinois","6/9/20","117","10","17187","8.55"
"Washington","0","19","Illinois","6/9/20","18","1","17189","5.56"
"Wayne","0","9","Illinois","6/9/20","9","0","17191","0"
"White","0","2","Illinois","6/9/20","2","0","17193","0"
"Whiteside","2","156","Illinois","6/9/20","142","14","17195","9.86"
"Will","45","5961","Illinois","6/9/20","5649","312","17197","5.52"
"Williamson","2","81","Illinois","6/9/20","68","13","17199","19.12"
"Winnebago","41","2602","Illinois","6/9/20","2313","289","17201","12.49"
"Woodford","0","22","Illinois","6/9/20","21","1","17203","4.76"
"Adams","0","23","Indiana","6/9/20","20","3","18001","15"
"Allen","35","1956","Indiana","6/9/20","1711","245","18003","14.32"
"Bartholomew","3","539","Indiana","6/9/20","521","18","18005","3.45"
"Benton","0","33","Indiana","6/9/20","32","1","18007","3.12"
"Blackford","0","29","Indiana","6/9/20","27","2","18009","7.41"
"Boone","3","337","Indiana","6/9/20","316","21","18011","6.65"
"Brown","0","35","Indiana","6/9/20","33","2","18013","6.06"
"Carroll","0","95","Indiana","6/9/20","93","2","18015","2.15"
"Cass","0","1593","Indiana","6/9/20","1592","1","18017","0.06"
"Clark","4","547","Indiana","6/9/20","519","28","18019","5.39"
"Clay","1","55","Indiana","6/9/20","51","4","18021","7.84"
"Clinton","2","250","Indiana","6/9/20","238","12","18023","5.04"
"Crawford","0","27","Indiana","6/9/20","24","3","18025","12.5"
"Daviess","2","111","Indiana","6/9/20","94","17","18027","18.09"
"Dearborn","1","175","Indiana","6/9/20","169","6","18029","3.55"
"Decatur","1","235","Indiana","6/9/20","225","10","18031","4.44"
"DeKalb","6","79","Indiana","6/9/20","37","42","18033","113.51"
"Delaware","2","401","Indiana","6/9/20","385","16","18035","4.16"
"Dubois","4","231","Indiana","6/9/20","202","29","18037","14.36"
"Elkhart","59","1800","Indiana","6/9/20","1384","416","18039","30.06"
"Fayette","0","80","Indiana","6/9/20","78","2","18041","2.56"
"Floyd","1","327","Indiana","6/9/20","319","8","18043","2.51"
"Fountain","0","23","Indiana","6/9/20","22","1","18045","4.55"
"Franklin","1","118","Indiana","6/9/20","110","8","18047","7.27"
"Fulton","0","51","Indiana","6/9/20","49","2","18049","4.08"
"Gibson","1","21","Indiana","6/9/20","17","4","18051","23.53"
"Grant","4","244","Indiana","6/9/20","219","25","18053","11.42"
"Greene","1","175","Indiana","6/9/20","169","6","18055","3.55"
"Hamilton","7","1221","Indiana","6/9/20","1170","51","18057","4.36"
"Hancock","3","367","Indiana","6/9/20","345","22","18059","6.38"
"Harrison","0","198","Indiana","6/9/20","196","2","18061","1.02"
"Hendricks","7","1223","Indiana","6/9/20","1177","46","18063","3.91"
"Henry","1","190","Indiana","6/9/20","184","6","18065","3.26"
"Howard","3","449","Indiana","6/9/20","429","20","18067","4.66"
"Huntington","3","46","Indiana","6/9/20","28","18","18069","64.29"
"Jackson","2","406","Indiana","6/9/20","394","12","18071","3.05"
"Jasper","2","80","Indiana","6/9/20","68","12","18073","17.65"
"Jay","1","59","Indiana","6/9/20","53","6","18075","11.32"
"Jefferson","1","52","Indiana","6/9/20","46","6","18077","13.04"
"Jennings","0","133","Indiana","6/9/20","131","2","18079","1.53"
"Johnson","4","1143","Indiana","6/9/20","1117","26","18081","2.33"
"Knox","1","33","Indiana","6/9/20","29","4","18083","13.79"
"Kosciusko","12","242","Indiana","6/9/20","156","86","18085","55.13"
"LaGrange","13","181","Indiana","6/9/20","93","88","18087","94.62"
"Lake","45","4005","Indiana","6/9/20","3689","316","18089","8.57"
"LaPorte","4","462","Indiana","6/9/20","434","28","18091","6.45"
"Lawrence","1","172","Indiana","6/9/20","165","7","18093","4.24"
"Madison","2","605","Indiana","6/9/20","594","11","18095","1.85"
"Marion","67","10444","Indiana","6/9/20","9978","466","18097","4.67"
"Marshall","15","230","Indiana","6/9/20","128","102","18099","79.69"
"Martin","0","15","Indiana","6/9/20","12","3","18101","25"
"Miami","2","152","Indiana","6/9/20","141","11","18103","7.8"
"Monroe","1","179","Indiana","6/9/20","169","10","18105","5.92"
"Montgomery","2","259","Indiana","6/9/20","244","15","18107","6.15"
"Morgan","2","294","Indiana","6/9/20","281","13","18109","4.63"
"Newton","0","81","Indiana","6/9/20","78","3","18111","3.85"
"Noble","10","305","Indiana","6/9/20","238","67","18113","28.15"
"Ohio","0","13","Indiana","6/9/20","13","0","18115","0"
"Orange","0","132","Indiana","6/9/20","130","2","18117","1.54"
"Owen","0","36","Indiana","6/9/20","34","2","18119","5.88"
"Parke","0","19","Indiana","6/9/20","17","2","18121","11.76"
"Perry","2","47","Indiana","6/9/20","33","14","18123","42.42"
"Pike","0","6","Indiana","6/9/20","6","0","18125","0"
"Porter","4","575","Indiana","6/9/20","547","28","18127","5.12"
"Posey","0","17","Indiana","6/9/20","16","1","18129","6.25"
"Pulaski","1","52","Indiana","6/9/20","47","5","18131","10.64"
"Putnam","1","147","Indiana","6/9/20","137","10","18133","7.3"
"Randolph","1","57","Indiana","6/9/20","48","9","18135","18.75"
"Ripley","0","110","Indiana","6/9/20","108","2","18137","1.85"
"Rush","0","50","Indiana","6/9/20","48","2","18139","4.17"
"Scott","1","131","Indiana","6/9/20","121","10","18143","8.26"
"Shelby","4","402","Indiana","6/9/20","375","27","18145","7.2"
"Spencer","0","22","Indiana","6/9/20","21","1","18147","4.76"
"St. Joseph","18","1437","Indiana","6/9/20","1309","128","18141","9.78"
"Starke","1","46","Indiana","6/9/20","39","7","18149","17.95"
"Steuben","1","95","Indiana","6/9/20","85","10","18151","11.76"
"Sullivan","0","39","Indiana","6/9/20","36","3","18153","8.33"
"Switzerland","0","21","Indiana","6/9/20","21","0","18155","0"
"Tippecanoe","6","460","Indiana","6/9/20","418","42","18157","10.05"
"Tipton","0","27","Indiana","6/9/20","25","2","18159","8"
"Union","0","12","Indiana","6/9/20","9","3","18161","33.33"
"Vanderburgh","3","308","Indiana","6/9/20","284","24","18163","8.45"
"Vermillion","0","10","Indiana","6/9/20","10","0","18165","0"
"Vigo","4","197","Indiana","6/9/20","171","26","18167","15.2"
"Wabash","1","86","Indiana","6/9/20","79","7","18169","8.86"
"Warren","0","13","Indiana","6/9/20","12","1","18171","8.33"
"Warrick","0","168","Indiana","6/9/20","166","2","18173","1.2"
"Washington","0","52","Indiana","6/9/20","51","1","18175","1.96"
"Wayne","1","90","Indiana","6/9/20","85","5","18177","5.88"
"Wells","2","43","Indiana","6/9/20","32","11","18179","34.38"
"White","1","242","Indiana","6/9/20","238","4","18181","1.68"
"Whitley","2","55","Indiana","6/9/20","43","12","18183","27.91"
"Adair","0","9","Iowa","6/9/20","9","0","19001","0"
"Adams","0","7","Iowa","6/9/20","7","0","19003","0"
"Allamakee","0","120","Iowa","6/9/20","120","0","19005","0"
"Appanoose","0","16","Iowa","6/9/20","14","2","19007","14.29"
"Audubon","0","13","Iowa","6/9/20","13","0","19009","0"
"Benton","0","46","Iowa","6/9/20","43","3","19011","6.98"
"Black Hawk","6","1802","Iowa","6/9/20","1759","43","19013","2.44"
"Boone","2","78","Iowa","6/9/20","67","11","19015","16.42"
"Bremer","1","74","Iowa","6/9/20","69","5","19017","7.25"
"Buchanan","0","34","Iowa","6/9/20","33","1","19019","3.03"
"Buena Vista","58","1257","Iowa","6/9/20","852","405","19021","47.54"
"Butler","0","16","Iowa","6/9/20","17","-1","19023","-5.88"
"Calhoun","2","14","Iowa","6/9/20","3","11","19025","366.67"
"Carroll","1","17","Iowa","6/9/20","12","5","19027","41.67"
"Cass","0","13","Iowa","6/9/20","12","1","19029","8.33"
"Cedar","0","52","Iowa","6/9/20","49","3","19031","6.12"
"Cerro Gordo","0","32","Iowa","6/9/20","29","3","19033","10.34"
"Cherokee","2","48","Iowa","6/9/20","32","16","19035","50"
"Chickasaw","0","15","Iowa","6/9/20","12","3","19037","25"
"Clarke","2","78","Iowa","6/9/20","62","16","19039","25.81"
"Clay","3","36","Iowa","6/9/20","18","18","19041","100"
"Clayton","0","34","Iowa","6/9/20","34","0","19043","0"
"Clinton","0","67","Iowa","6/9/20","64","3","19045","4.69"
"Crawford","7","582","Iowa","6/9/20","530","52","19047","9.81"
"Dallas","6","969","Iowa","6/9/20","924","45","19049","4.87"
"Davis","1","29","Iowa","6/9/20","25","4","19051","16"
"Decatur","0","3","Iowa","6/9/20","1","2","19053","200"
"Delaware","0","20","Iowa","6/9/20","17","3","19055","17.65"
"Des Moines","0","68","Iowa","6/9/20","66","2","19057","3.03"
"Dickinson","5","63","Iowa","6/9/20","25","38","19059","152"
"Dubuque","3","373","Iowa","6/9/20","350","23","19061","6.57"
"Emmet","2","34","Iowa","6/9/20","18","16","19063","88.89"
"Fayette","0","28","Iowa","6/9/20","27","1","19065","3.7"
"Floyd","0","19","Iowa","6/9/20","19","0","19067","0"
"Franklin","3","35","Iowa","6/9/20","13","22","19069","169.23"
"Fremont","0","4","Iowa","6/9/20","4","0","19071","0"
"Greene","0","14","Iowa","6/9/20","13","1","19073","7.69"
"Grundy","0","20","Iowa","6/9/20","20","0","19075","0"
"Guthrie","0","55","Iowa","6/9/20","53","2","19077","3.77"
"Hamilton","7","96","Iowa","6/9/20","44","52","19079","118.18"
"Hancock","1","22","Iowa","6/9/20","16","6","19081","37.5"
"Hardin","2","32","Iowa","6/9/20","17","15","19083","88.24"
"Harrison","0","27","Iowa","6/9/20","25","2","19085","8"
"Henry","0","73","Iowa","6/9/20","72","1","19087","1.39"
"Howard","0","12","Iowa","6/9/20","12","0","19089","0"
"Humboldt","1","24","Iowa","6/9/20","19","5","19091","26.32"
"Ida","0","15","Iowa","6/9/20","14","1","19093","7.14"
"Iowa","0","33","Iowa","6/9/20","34","-1","19095","-2.94"
"Jackson","0","14","Iowa","6/9/20","12","2","19097","16.67"
"Jasper","2","274","Iowa","6/9/20","261","13","19099","4.98"
"Jefferson","1","40","Iowa","6/9/20","34","6","19101","17.65"
"Johnson","2","630","Iowa","6/9/20","616","14","19103","2.27"
"Jones","0","38","Iowa","6/9/20","37","1","19105","2.7"
"Keokuk","0","15","Iowa","6/9/20","14","1","19107","7.14"
"Kossuth","0","16","Iowa","6/9/20","13","3","19109","23.08"
"Lee","1","34","Iowa","6/9/20","27","7","19111","25.93"
"Linn","6","1001","Iowa","6/9/20","958","43","19113","4.49"
"Louisa","1","351","Iowa","6/9/20","346","5","19115","1.45"
"Lucas","0","22","Iowa","6/9/20","19","3","19117","15.79"
"Lyon","0","26","Iowa","6/9/20","24","2","19119","8.33"
"Madison","0","29","Iowa","6/9/20","30","-1","19121","-3.33"
"Mahaska","1","103","Iowa","6/9/20","97","6","19123","6.19"
"Marion","0","37","Iowa","6/9/20","34","3","19125","8.82"
"Marshall","5","931","Iowa","6/9/20","898","33","19127","3.67"
"Mills","0","21","Iowa","6/9/20","19","2","19129","10.53"
"Mitchell","0","5","Iowa","6/9/20","4","1","19131","25"
"Monona","0","27","Iowa","6/9/20","25","2","19133","8"
"Monroe","1","45","Iowa","6/9/20","38","7","19135","18.42"
"Montgomery","0","9","Iowa","6/9/20","8","1","19137","12.5"
"Muscatine","1","568","Iowa","6/9/20","558","10","19139","1.79"
"O'Brien","3","55","Iowa","6/9/20","33","22","19141","66.67"
"Osceola","1","41","Iowa","6/9/20","34","7","19143","20.59"
"Page","0","16","Iowa","6/9/20","14","2","19145","14.29"
"Palo Alto","0","9","Iowa","6/9/20","7","2","19147","28.57"
"Plymouth","5","172","Iowa","6/9/20","135","37","19149","27.41"
"Pocahontas","1","21","Iowa","6/9/20","13","8","19151","61.54"
"Polk","74","4863","Iowa","6/9/20","4342","521","19153","12"
"Pottawattamie","16","385","Iowa","6/9/20","273","112","19155","41.03"
"Poweshiek","1","94","Iowa","6/9/20","90","4","19157","4.44"
"Ringgold","0","6","Iowa","6/9/20","4","2","19159","50"
"Sac","2","34","Iowa","6/9/20","21","13","19161","61.9"
"Scott","4","393","Iowa","6/9/20","365","28","19163","7.67"
"Shelby","0","40","Iowa","6/9/20","37","3","19165","8.11"
"Sioux","5","323","Iowa","6/9/20","287","36","19167","12.54"
"Story","5","157","Iowa","6/9/20","119","38","19169","31.93"
"Tama","2","417","Iowa","6/9/20","405","12","19171","2.96"
"Taylor","1","68","Iowa","6/9/20","58","10","19173","17.24"
"Union","0","11","Iowa","6/9/20","10","1","19175","10"
"Van Buren","0","10","Iowa","6/9/20","9","1","19177","11.11"
"Wapello","7","657","Iowa","6/9/20","610","47","19179","7.7"
"Warren","5","176","Iowa","6/9/20","144","32","19181","22.22"
"Washington","2","202","Iowa","6/9/20","190","12","19183","6.32"
"Wayne","0","3","Iowa","6/9/20","1","2","19185","200"
"Webster","6","87","Iowa","6/9/20","43","44","19187","102.33"
"Winnebago","0","12","Iowa","6/9/20","11","1","19189","9.09"
"Winneshiek","0","24","Iowa","6/9/20","24","0","19191","0"
"Woodbury","23","2945","Iowa","6/9/20","2786","159","19193","5.71"
"Worth","0","3","Iowa","6/9/20","3","0","19195","0"
"Wright","8","245","Iowa","6/9/20","188","57","19197","30.32"
"Allen","0","1","Kansas","6/9/20","1","0","20001","0"
"Anderson","0","1","Kansas","6/9/20","1","0","20003","0"
"Atchison","0","25","Kansas","6/9/20","23","2","20005","8.7"
"Barber","0","1","Kansas","6/9/20","1","0","20007","0"
"Barton","0","46","Kansas","6/9/20","44","2","20009","4.55"
"Bourbon","0","8","Kansas","6/9/20","7","1","20011","14.29"
"Brown","0","9","Kansas","6/9/20","6","3","20013","50"
"Butler","0","37","Kansas","6/9/20","34","3","20015","8.82"
"Chase","0","3","Kansas","6/9/20","4","-1","20017","-25"
"Chautauqua","0","4","Kansas","6/9/20","4","0","20019","0"
"Cherokee","0","11","Kansas","6/9/20","10","1","20021","10"
"Cheyenne","0","2","Kansas","6/9/20","2","0","20023","0"
"Clark","0","33","Kansas","6/9/20","33","0","20025","0"
"Clay","0","5","Kansas","6/9/20","5","0","20027","0"
"Cloud","0","5","Kansas","6/9/20","5","0","20029","0"
"Coffey","0","52","Kansas","6/9/20","50","2","20031","4"
"Comanche","0","2","Kansas","6/9/20","2","0","20033","0"
"Cowley","3","28","Kansas","6/9/20","10","18","20035","180"
"Crawford","0","10","Kansas","6/9/20","8","2","20037","25"
"Dickinson","0","5","Kansas","6/9/20","4","1","20041","25"
"Doniphan","0","20","Kansas","6/9/20","18","2","20043","11.11"
"Douglas","1","74","Kansas","6/9/20","67","7","20045","10.45"
"Edwards","0","5","Kansas","6/9/20","5","0","20047","0"
"Ellis","0","10","Kansas","6/9/20","8","2","20051","25"
"Ellsworth","0","2","Kansas","6/9/20","2","0","20053","0"
"Finney","5","1536","Kansas","6/9/20","1504","32","20055","2.13"
"Ford","7","1840","Kansas","6/9/20","1789","51","20057","2.85"
"Franklin","0","38","Kansas","6/9/20","35","3","20059","8.57"
"Geary","1","26","Kansas","6/9/20","20","6","20061","30"
"Gove","0","1","Kansas","6/9/20","1","0","20063","0"
"Grant","0","18","Kansas","6/9/20","18","0","20067","0"
"Gray","0","23","Kansas","6/9/20","23","0","20069","0"
"Greenwood","0","9","Kansas","6/9/20","9","0","20073","0"
"Hamilton","1","23","Kansas","6/9/20","18","5","20075","27.78"
"Harper","0","2","Kansas","6/9/20","2","0","20077","0"
"Harvey","0","11","Kansas","6/9/20","11","0","20079","0"
"Haskell","0","22","Kansas","6/9/20","21","1","20081","4.76"
"Hodgeman","0","6","Kansas","6/9/20","5","1","20083","20"
"Jackson","0","102","Kansas","6/9/20","100","2","20085","2"
"Jefferson","0","23","Kansas","6/9/20","22","1","20087","4.55"
"Jewell","0","4","Kansas","6/9/20","4","0","20089","0"
"Johnson","15","959","Kansas","6/9/20","857","102","20091","11.9"
"Kearny","0","46","Kansas","6/9/20","45","1","20093","2.22"
"Kiowa","0","3","Kansas","6/9/20","2","1","20097","50"
"Labette","1","26","Kansas","6/9/20","22","4","20099","18.18"
"Lane","0","4","Kansas","6/9/20","3","1","20101","33.33"
"Leavenworth","1","1103","Kansas","6/9/20","1093","10","20103","0.91"
"Linn","0","11","Kansas","6/9/20","11","0","20107","0"
"Lyon","4","400","Kansas","6/9/20","372","28","20111","7.53"
"Marion","0","5","Kansas","6/9/20","5","0","20115","0"
"McPherson","1","38","Kansas","6/9/20","28","10","20113","35.71"
"Meade","0","30","Kansas","6/9/20","31","-1","20119","-3.23"
"Miami","0","7","Kansas","6/9/20","7","0","20121","0"
"Mitchell","0","4","Kansas","6/9/20","4","0","20123","0"
"Montgomery","0","20","Kansas","6/9/20","20","0","20125","0"
"Morris","0","5","Kansas","6/9/20","5","0","20127","0"
"Morton","0","6","Kansas","6/9/20","6","0","20129","0"
"Nemaha","0","19","Kansas","6/9/20","19","0","20131","0"
"Neosho","0","3","Kansas","6/9/20","2","1","20133","50"
"Ness","0","4","Kansas","6/9/20","3","1","20135","33.33"
"Norton","0","2","Kansas","6/9/20","2","0","20137","0"
"Osage","0","9","Kansas","6/9/20","7","2","20139","28.57"
"Osborne","0","2","Kansas","6/9/20","2","0","20141","0"
"Ottawa","0","4","Kansas","6/9/20","4","0","20143","0"
"Pawnee","1","4","Kansas","6/9/20","0","4","20145","1"
"Phillips","0","2","Kansas","6/9/20","2","0","20147","0"
"Pottawatomie","0","27","Kansas","6/9/20","25","2","20149","8"
"Pratt","0","2","Kansas","6/9/20","2","0","20151","0"
"Reno","0","46","Kansas","6/9/20","43","3","20155","6.98"
"Republic","0","4","Kansas","6/9/20","4","0","20157","0"
"Rice","0","4","Kansas","6/9/20","4","0","20159","0"
"Riley","1","71","Kansas","6/9/20","66","5","20161","7.58"
"Rooks","0","6","Kansas","6/9/20","6","0","20163","0"
"Saline","0","26","Kansas","6/9/20","26","0","20169","0"
"Scott","0","15","Kansas","6/9/20","14","1","20171","7.14"
"Sedgwick","12","689","Kansas","6/9/20","604","85","20173","14.07"
"Seward","3","904","Kansas","6/9/20","883","21","20175","2.38"
"Shawnee","10","394","Kansas","6/9/20","326","68","20177","20.86"
"Sheridan","0","2","Kansas","6/9/20","2","0","20179","0"
"Sherman","0","7","Kansas","6/9/20","7","0","20181","0"
"Smith","0","2","Kansas","6/9/20","2","0","20183","0"
"Stafford","0","1","Kansas","6/9/20","1","0","20185","0"
"Stanton","0","9","Kansas","6/9/20","10","-1","20187","-10"
"Stevens","0","30","Kansas","6/9/20","30","0","20189","0"
"Sumner","0","9","Kansas","6/9/20","8","1","20191","12.5"
"Trego","0","1","Kansas","6/9/20","1","0","20195","0"
"Wabaunsee","0","31","Kansas","6/9/20","31","0","20197","0"
"Washington","0","1","Kansas","6/9/20","0","1","20201","1"
"Wilson","0","1","Kansas","6/9/20","1","0","20205","0"
"Woodson","0","6","Kansas","6/9/20","6","0","20207","0"
"Wyandotte","21","1522","Kansas","6/9/20","1375","147","20209","10.69"
"Adair","0","100","Kentucky","6/9/20","97","3","21001","3.09"
"Allen","3","116","Kentucky","6/9/20","92","24","21003","26.09"
"Anderson","0","25","Kentucky","6/9/20","22","3","21005","13.64"
"Ballard","0","13","Kentucky","6/9/20","12","1","21007","8.33"
"Barren","1","56","Kentucky","6/9/20","49","7","21009","14.29"
"Bath","0","9","Kentucky","6/9/20","9","0","21011","0"
"Bell","0","3","Kentucky","6/9/20","1","2","21013","200"
"Boone","9","527","Kentucky","6/9/20","467","60","21015","12.85"
"Bourbon","1","19","Kentucky","6/9/20","11","8","21017","72.73"
"Boyd","0","43","Kentucky","6/9/20","40","3","21019","7.5"
"Boyle","0","28","Kentucky","6/9/20","26","2","21021","7.69"
"Bracken","0","14","Kentucky","6/9/20","13","1","21023","7.69"
"Breathitt","0","3","Kentucky","6/9/20","3","0","21025","0"
"Breckinridge","0","19","Kentucky","6/9/20","17","2","21027","11.76"
"Bullitt","1","124","Kentucky","6/9/20","119","5","21029","4.2"
"Butler","1","239","Kentucky","6/9/20","232","7","21031","3.02"
"Caldwell","0","12","Kentucky","6/9/20","12","0","21033","0"
"Calloway","1","56","Kentucky","6/9/20","52","4","21035","7.69"
"Campbell","2","197","Kentucky","6/9/20","185","12","21037","6.49"
"Carlisle","0","5","Kentucky","6/9/20","5","0","21039","0"
"Carroll","0","16","Kentucky","6/9/20","14","2","21041","14.29"
"Carter","1","17","Kentucky","6/9/20","12","5","21043","41.67"
"Casey","1","8","Kentucky","6/9/20","3","5","21045","166.67"
"Christian","3","131","Kentucky","6/9/20","111","20","21047","18.02"
"Clark","3","60","Kentucky","6/9/20","42","18","21049","42.86"
"Clay","0","10","Kentucky","6/9/20","7","3","21051","42.86"
"Clinton","0","5","Kentucky","6/9/20","4","1","21053","25"
"Crittenden","0","7","Kentucky","6/9/20","7","0","21055","0"
"Cumberland","0","5","Kentucky","6/9/20","5","0","21057","0"
"Daviess","3","341","Kentucky","6/9/20","323","18","21059","5.57"
"Edmonson","1","62","Kentucky","6/9/20","56","6","21061","10.71"
"Elliott","0","1","Kentucky","6/9/20","1","0","21063","0"
"Estill","0","1","Kentucky","6/9/20","1","0","21065","0"
"Fayette","21","920","Kentucky","6/9/20","770","150","21067","19.48"
"Fleming","0","2","Kentucky","6/9/20","3","-1","21069","-33.33"
"Floyd","0","17","Kentucky","6/9/20","17","0","21071","0"
"Franklin","4","84","Kentucky","6/9/20","55","29","21073","52.73"
"Fulton","1","12","Kentucky","6/9/20","7","5","21075","71.43"
"Gallatin","1","49","Kentucky","6/9/20","43","6","21077","13.95"
"Garrard","0","6","Kentucky","6/9/20","5","1","21079","20"
"Grant","1","51","Kentucky","6/9/20","42","9","21081","21.43"
"Graves","0","167","Kentucky","6/9/20","167","0","21083","0"
"Grayson","1","135","Kentucky","6/9/20","126","9","21085","7.14"
"Green","0","2","Kentucky","6/9/20","1","1","21087","100"
"Greenup","0","14","Kentucky","6/9/20","14","0","21089","0"
"Hancock","0","7","Kentucky","6/9/20","7","0","21091","0"
"Hardin","2","122","Kentucky","6/9/20","106","16","21093","15.09"
"Harlan","1","8","Kentucky","6/9/20","4","4","21095","100"
"Harrison","1","28","Kentucky","6/9/20","23","5","21097","21.74"
"Hart","1","27","Kentucky","6/9/20","23","4","21099","17.39"
"Henderson","1","119","Kentucky","6/9/20","112","7","21101","6.25"
"Henry","0","24","Kentucky","6/9/20","22","2","21103","9.09"
"Hickman","0","5","Kentucky","6/9/20","5","0","21105","0"
"Hopkins","0","224","Kentucky","6/9/20","222","2","21107","0.9"
"Jackson","0","61","Kentucky","6/9/20","61","0","21109","0"
"Jefferson","89","3186","Kentucky","6/9/20","2562","624","21111","24.36"
"Jessamine","1","74","Kentucky","6/9/20","68","6","21113","8.82"
"Johnson","0","5","Kentucky","6/9/20","5","0","21115","0"
"Kenton","9","680","Kentucky","6/9/20","614","66","21117","10.75"
"Knott","0","4","Kentucky","6/9/20","4","0","21119","0"
"Knox","0","10","Kentucky","6/9/20","10","0","21121","0"
"Larue","0","11","Kentucky","6/9/20","8","3","21123","37.5"
"Laurel","0","22","Kentucky","6/9/20","21","1","21125","4.76"
"Lawrence","0","5","Kentucky","6/9/20","4","1","21127","25"
"Lee","0","1","Kentucky","6/9/20","1","0","21129","0"
"Leslie","0","6","Kentucky","6/9/20","6","0","21131","0"
"Letcher","0","3","Kentucky","6/9/20","4","-1","21133","-25"
"Lewis","0","7","Kentucky","6/9/20","7","0","21135","0"
"Lincoln","1","14","Kentucky","6/9/20","8","6","21137","75"
"Livingston","0","9","Kentucky","6/9/20","9","0","21139","0"
"Logan","3","173","Kentucky","6/9/20","152","21","21141","13.82"
"Lyon","0","17","Kentucky","6/9/20","15","2","21143","13.33"
"Madison","2","70","Kentucky","6/9/20","55","15","21151","27.27"
"Magoffin","0","2","Kentucky","6/9/20","2","0","21153","0"
"Marion","2","36","Kentucky","6/9/20","24","12","21155","50"
"Marshall","0","37","Kentucky","6/9/20","38","-1","21157","-2.63"
"Martin","0","3","Kentucky","6/9/20","3","0","21159","0"
"Mason","1","13","Kentucky","6/9/20","9","4","21161","44.44"
"McCracken","2","113","Kentucky","6/9/20","97","16","21145","16.49"
"McCreary","0","13","Kentucky","6/9/20","13","0","21147","0"
"McLean","0","22","Kentucky","6/9/20","22","0","21149","0"
"Meade","0","23","Kentucky","6/9/20","22","1","21163","4.55"
"Menifee","0","10","Kentucky","6/9/20","10","0","21165","0"
"Mercer","0","15","Kentucky","6/9/20","14","1","21167","7.14"
"Metcalfe","0","7","Kentucky","6/9/20","6","1","21169","16.67"
"Monroe","1","27","Kentucky","6/9/20","21","6","21171","28.57"
"Montgomery","1","30","Kentucky","6/9/20","25","5","21173","20"
"Morgan","0","4","Kentucky","6/9/20","1","3","21175","300"
"Muhlenberg","0","486","Kentucky","6/9/20","484","2","21177","0.41"
"Nelson","0","45","Kentucky","6/9/20","42","3","21179","7.14"
"Nicholas","0","4","Kentucky","6/9/20","3","1","21181","33.33"
"Ohio","1","154","Kentucky","6/9/20","148","6","21183","4.05"
"Oldham","2","112","Kentucky","6/9/20","100","12","21185","12"
"Owen","0","4","Kentucky","6/9/20","3","1","21187","33.33"
"Owsley","0","2","Kentucky","6/9/20","2","0","21189","0"
"Pendleton","0","14","Kentucky","6/9/20","11","3","21191","27.27"
"Perry","0","22","Kentucky","6/9/20","21","1","21193","4.76"
"Pike","1","38","Kentucky","6/9/20","30","8","21195","26.67"
"Powell","0","2","Kentucky","6/9/20","1","1","21197","100"
"Pulaski","1","65","Kentucky","6/9/20","61","4","21199","6.56"
"Rockcastle","0","13","Kentucky","6/9/20","13","0","21203","0"
"Rowan","1","11","Kentucky","6/9/20","7","4","21205","57.14"
"Russell","1","32","Kentucky","6/9/20","24","8","21207","33.33"
"Scott","0","38","Kentucky","6/9/20","35","3","21209","8.57"
"Shelby","8","233","Kentucky","6/9/20","178","55","21211","30.9"
"Simpson","0","56","Kentucky","6/9/20","54","2","21213","3.7"
"Spencer","0","25","Kentucky","6/9/20","22","3","21215","13.64"
"Taylor","0","15","Kentucky","6/9/20","12","3","21217","25"
"Todd","1","23","Kentucky","6/9/20","17","6","21219","35.29"
"Trigg","0","12","Kentucky","6/9/20","10","2","21221","20"
"Trimble","0","6","Kentucky","6/9/20","6","0","21223","0"
"Union","0","15","Kentucky","6/9/20","15","0","21225","0"
"Warren","16","1157","Kentucky","6/9/20","1045","112","21227","10.72"
"Washington","0","8","Kentucky","6/9/20","6","2","21229","33.33"
"Wayne","0","9","Kentucky","6/9/20","8","1","21231","12.5"
"Webster","0","34","Kentucky","6/9/20","32","2","21233","6.25"
"Whitley","0","14","Kentucky","6/9/20","13","1","21235","7.69"
"Wolfe","0","1","Kentucky","6/9/20","1","0","21237","0"
"Woodford","2","42","Kentucky","6/9/20","29","13","21239","44.83"
"Acadia","13","517","Louisiana","6/9/20","428","89","22001","20.79"
"Allen","1","189","Louisiana","6/9/20","184","5","22003","2.72"
"Ascension","8","900","Louisiana","6/9/20","841","59","22005","7.02"
"Assumption","1","258","Louisiana","6/9/20","252","6","22007","2.38"
"Avoyelles","6","175","Louisiana","6/9/20","136","39","22009","28.68"
"Beauregard","6","114","Louisiana","6/9/20","69","45","22011","65.22"
"Bienville","1","157","Louisiana","6/9/20","147","10","22013","6.8"
"Bossier","7","473","Louisiana","6/9/20","421","52","22015","12.35"
"Caddo","21","2755","Louisiana","6/9/20","2609","146","22017","5.6"
"Calcasieu","7","661","Louisiana","6/9/20","611","50","22019","8.18"
"Caldwell","2","74","Louisiana","6/9/20","60","14","22021","23.33"
"Cameron","1","10","Louisiana","6/9/20","6","4","22023","66.67"
"Catahoula","1","121","Louisiana","6/9/20","114","7","22025","6.14"
"Claiborne","1","70","Louisiana","6/9/20","66","4","22027","6.06"
"Concordia","1","97","Louisiana","6/9/20","88","9","22029","10.23"
"De Soto","2","263","Louisiana","6/9/20","249","14","22031","5.62"
"East Baton Rouge","42","4023","Louisiana","6/9/20","3730","293","22033","7.86"
"East Carroll","6","205","Louisiana","6/9/20","164","41","22035","25"
"East Feliciana","1","207","Louisiana","6/9/20","198","9","22037","4.55"
"Evangeline","1","85","Louisiana","6/9/20","80","5","22039","6.25"
"Franklin","2","390","Louisiana","6/9/20","377","13","22041","3.45"
"Grant","3","48","Louisiana","6/9/20","30","18","22043","60"
"Iberia","2","428","Louisiana","6/9/20","411","17","22045","4.14"
"Iberville","4","603","Louisiana","6/9/20","578","25","22047","4.33"
"Jackson","4","139","Louisiana","6/9/20","109","30","22049","27.52"
"Jefferson","33","7940","Louisiana","6/9/20","7711","229","22051","2.97"
"Jefferson Davis","3","96","Louisiana","6/9/20","78","18","22053","23.08"
"Lafayette","15","908","Louisiana","6/9/20","803","105","22055","13.08"
"Lafourche","8","922","Louisiana","6/9/20","867","55","22057","6.34"
"LaSalle","2","66","Louisiana","6/9/20","53","13","22059","24.53"
"Lincoln","3","184","Louisiana","6/9/20","160","24","22061","15"
"Livingston","6","481","Louisiana","6/9/20","440","41","22063","9.32"
"Madison","16","219","Louisiana","6/9/20","105","114","22065","108.57"
"Morehouse","2","135","Louisiana","6/9/20","122","13","22067","10.66"
"Natchitoches","1","179","Louisiana","6/9/20","172","7","22069","4.07"
"Orleans","13","7247","Louisiana","6/9/20","7156","91","22071","1.27"
"Ouachita","36","1543","Louisiana","6/9/20","1289","254","22073","19.71"
"Plaquemines","1","219","Louisiana","6/9/20","215","4","22075","1.86"
"Pointe Coupee","1","215","Louisiana","6/9/20","205","10","22077","4.88"
"Rapides","26","992","Louisiana","6/9/20","810","182","22079","22.47"
"Red River","0","52","Louisiana","6/9/20","50","2","22081","4"
"Richland","3","157","Louisiana","6/9/20","139","18","22083","12.95"
"Sabine","1","52","Louisiana","6/9/20","47","5","22085","10.64"
"St. Bernard","2","555","Louisiana","6/9/20","544","11","22087","2.02"
"St. Charles","1","652","Louisiana","6/9/20","645","7","22089","1.09"
"St. Helena","1","55","Louisiana","6/9/20","51","4","22091","7.84"
"St. James","2","305","Louisiana","6/9/20","294","11","22093","3.74"
"St. John the Baptist","2","881","Louisiana","6/9/20","864","17","22095","1.97"
"St. Landry","7","316","Louisiana","6/9/20","266","50","22097","18.8"
"St. Martin","-1","291","Louisiana","6/9/20","300","-9","22099","-3"
"St. Mary","3","342","Louisiana","6/9/20","323","19","22101","5.88"
"St. Tammany","12","1863","Louisiana","6/9/20","1776","87","22103","4.9"
"Tangipahoa","12","965","Louisiana","6/9/20","883","82","22105","9.29"
"Tensas","1","21","Louisiana","6/9/20","12","9","22107","75"
"Terrebonne","9","756","Louisiana","6/9/20","692","64","22109","9.25"
"Union","6","366","Louisiana","6/9/20","324","42","22111","12.96"
"Vermilion","1","61","Louisiana","6/9/20","57","4","22113","7.02"
"Vernon","2","39","Louisiana","6/9/20","28","11","22115","39.29"
"Washington","7","489","Louisiana","6/9/20","437","52","22117","11.9"
"Webster","5","195","Louisiana","6/9/20","157","38","22119","24.2"
"West Baton Rouge","2","192","Louisiana","6/9/20","176","16","22121","9.09"
"West Carroll","3","90","Louisiana","6/9/20","66","24","22123","36.36"
"West Feliciana","2","224","Louisiana","6/9/20","212","12","22125","5.66"
"Winn","2","190","Louisiana","6/9/20","174","16","22127","9.2"
"Androscoggin","10","381","Maine","6/9/20","314","67","23001","21.34"
"Aroostook","0","10","Maine","6/9/20","10","0","23003","0"
"Cumberland","17","1324","Maine","6/9/20","1203","121","23005","10.06"
"Franklin","0","36","Maine","6/9/20","36","0","23007","0"
"Hancock","0","12","Maine","6/9/20","11","1","23009","9.09"
"Kennebec","1","131","Maine","6/9/20","127","4","23011","3.15"
"Knox","0","21","Maine","6/9/20","20","1","23013","5"
"Lincoln","0","20","Maine","6/9/20","20","0","23015","0"
"Oxford","0","31","Maine","6/9/20","33","-2","23017","-6.06"
"Penobscot","0","101","Maine","6/9/20","100","1","23019","1"
"Piscataquis","0","1","Maine","6/9/20","1","0","23021","0"
"Sagadahoc","0","30","Maine","6/9/20","31","-1","23023","-3.23"
"Somerset","0","24","Maine","6/9/20","22","2","23025","9.09"
"Waldo","0","53","Maine","6/9/20","51","2","23027","3.92"
"Washington","0","1","Maine","6/9/20","1","0","23029","0"
"York","5","428","Maine","6/9/20","396","32","23031","8.08"
"Allegany","1","186","Maryland","6/9/20","181","5","24001","2.76"
"Anne Arundel","55","4309","Maryland","6/9/20","3924","385","24003","9.81"
"Baltimore","67","6852","Maryland","6/9/20","6385","467","24005","7.31"
"Baltimore City","95","6355","Maryland","6/9/20","5688","667","24510","11.73"
"Calvert","2","363","Maryland","6/9/20","352","11","24009","3.12"
"Caroline","1","273","Maryland","6/9/20","263","10","24011","3.8"
"Carroll","5","963","Maryland","6/9/20","927","36","24013","3.88"
"Cecil","6","417","Maryland","6/9/20","377","40","24015","10.61"
"Charles","12","1216","Maryland","6/9/20","1133","83","24017","7.33"
"Dorchester","2","157","Maryland","6/9/20","144","13","24019","9.03"
"Frederick","27","2152","Maryland","6/9/20","1961","191","24021","9.74"
"Garrett","0","10","Maryland","6/9/20","10","0","24023","0"
"Harford","11","969","Maryland","6/9/20","891","78","24025","8.75"
"Howard","31","2191","Maryland","6/9/20","1975","216","24027","10.94"
"Kent","2","188","Maryland","6/9/20","174","14","24029","8.05"
"Montgomery","177","12968","Maryland","6/9/20","11731","1237","24031","10.54"
"Prince George's","155","16636","Maryland","6/9/20","15553","1083","24033","6.96"
"Queen Anne's","2","177","Maryland","6/9/20","161","16","24035","9.94"
"Somerset","0","77","Maryland","6/9/20","74","3","24039","4.05"
"St. Mary's","6","561","Maryland","6/9/20","518","43","24037","8.3"
"Talbot","1","108","Maryland","6/9/20","101","7","24041","6.93"
"Washington","9","545","Maryland","6/9/20","480","65","24043","13.54"
"Wicomico","5","990","Maryland","6/9/20","955","35","24045","3.66"
"Worcester","3","241","Maryland","6/9/20","217","24","24047","11.06"
"Barnstable","5","1462","Massachusetts","6/9/20","1430","32","25001","2.24"
"Berkshire","1","575","Massachusetts","6/9/20","568","7","25003","1.23"
"Bristol","50","7728","Massachusetts","6/9/20","7380","348","25005","4.72"
"Dukes and Nantucket","0","56","Massachusetts","6/9/20","54","2","00000","3.7"
"Essex","68","15271","Massachusetts","6/9/20","14795","476","25009","3.22"
"Franklin","1","341","Massachusetts","6/9/20","335","6","25011","1.79"
"Hampden","26","6380","Massachusetts","6/9/20","6201","179","25013","2.89"
"Hampshire","3","905","Massachusetts","6/9/20","883","22","25015","2.49"
"Middlesex","78","22845","Massachusetts","6/9/20","22296","549","25017","2.46"
"Norfolk","22","8753","Massachusetts","6/9/20","8600","153","25021","1.78"
"Plymouth","25","8404","Massachusetts","6/9/20","8228","176","25023","2.14"
"Suffolk","62","19067","Massachusetts","6/9/20","18636","431","25025","2.31"
"Worcester","52","11803","Massachusetts","6/9/20","11438","365","25027","3.19"
"Alcona","0","20","Michigan","6/9/20","20","0","26001","0"
"Alger","0","1","Michigan","6/9/20","0","1","26003","1"
"Allegan","2","274","Michigan","6/9/20","258","16","26005","6.2"
"Alpena","1","112","Michigan","6/9/20","102","10","26007","9.8"
"Antrim","0","14","Michigan","6/9/20","13","1","26009","7.69"
"Arenac","0","38","Michigan","6/9/20","38","0","26011","0"
"Baraga","0","1","Michigan","6/9/20","1","0","26013","0"
"Barry","1","89","Michigan","6/9/20","82","7","26015","8.54"
"Bay","3","372","Michigan","6/9/20","354","18","26017","5.08"
"Benzie","0","5","Michigan","6/9/20","4","1","26019","25"
"Berrien","5","808","Michigan","6/9/20","776","32","26021","4.12"
"Branch","3","155","Michigan","6/9/20","136","19","26023","13.97"
"Calhoun","6","474","Michigan","6/9/20","433","41","26025","9.47"
"Cass","2","110","Michigan","6/9/20","96","14","26027","14.58"
"Charlevoix","0","19","Michigan","6/9/20","18","1","26029","5.56"
"Cheboygan","0","26","Michigan","6/9/20","26","0","26031","0"
"Chippewa","0","3","Michigan","6/9/20","3","0","26033","0"
"Clare","1","24","Michigan","6/9/20","20","4","26035","20"
"Clinton","2","187","Michigan","6/9/20","176","11","26037","6.25"
"Crawford","0","63","Michigan","6/9/20","62","1","26039","1.61"
"Delta","0","20","Michigan","6/9/20","20","0","26041","0"
"Dickinson","0","6","Michigan","6/9/20","5","1","26043","20"
"Eaton","2","255","Michigan","6/9/20","244","11","26045","4.51"
"Emmet","0","26","Michigan","6/9/20","26","0","26047","0"
"Federal Correctional Institution (FCI)","2","159","Michigan","6/9/20","147","12","00000","8.16"
"Genesee","10","2558","Michigan","6/9/20","2486","72","26049","2.9"
"Gladwin","0","20","Michigan","6/9/20","18","2","26051","11.11"
"Gogebic","0","5","Michigan","6/9/20","5","0","26053","0"
"Grand Traverse","1","35","Michigan","6/9/20","28","7","26055","25"
"Gratiot","0","88","Michigan","6/9/20","85","3","26057","3.53"
"Hillsdale","0","179","Michigan","6/9/20","176","3","26059","1.7"
"Houghton","0","8","Michigan","6/9/20","6","2","26061","33.33"
"Huron","1","60","Michigan","6/9/20","56","4","26063","7.14"
"Ingham","4","810","Michigan","6/9/20","782","28","26065","3.58"
"Ionia","1","176","Michigan","6/9/20","170","6","26067","3.53"
"Iosco","0","110","Michigan","6/9/20","111","-1","26069","-0.9"
"Iron","0","2","Michigan","6/9/20","1","1","26071","100"
"Isabella","0","95","Michigan","6/9/20","94","1","26073","1.06"
"Jackson","1","484","Michigan","6/9/20","478","6","26075","1.26"
"Kalamazoo","6","940","Michigan","6/9/20","899","41","26077","4.56"
"Kalkaska","0","30","Michigan","6/9/20","30","0","26079","0"
"Kent","34","4256","Michigan","6/9/20","4021","235","26081","5.84"
"Keweenaw","0","1","Michigan","6/9/20","0","1","26083","1"
"Lake","0","7","Michigan","6/9/20","7","0","26085","0"
"Lapeer","1","225","Michigan","6/9/20","220","5","26087","2.27"
"Leelanau","0","12","Michigan","6/9/20","11","1","26089","9.09"
"Lenawee","1","191","Michigan","6/9/20","187","4","26091","2.14"
"Livingston","3","519","Michigan","6/9/20","497","22","26093","4.43"
"Luce","0","3","Michigan","6/9/20","3","0","26095","0"
"Mackinac","0","8","Michigan","6/9/20","8","0","26097","0"
"Macomb","19","7000","Michigan","6/9/20","6870","130","26099","1.89"
"Manistee","0","12","Michigan","6/9/20","12","0","26101","0"
"Marquette","0","59","Michigan","6/9/20","56","3","26103","5.36"
"Mason","0","38","Michigan","6/9/20","38","0","26105","0"
"Mecosta","0","24","Michigan","6/9/20","24","0","26107","0"
"Menominee","0","9","Michigan","6/9/20","8","1","26109","12.5"
"Michigan Department of Corrections (MDOC)","9","4129","Michigan","6/9/20","4069","60","00000","1.47"
"Midland","2","138","Michigan","6/9/20","121","17","26111","14.05"
"Missaukee","0","23","Michigan","6/9/20","22","1","26113","4.55"
"Monroe","4","560","Michigan","6/9/20","533","27","26115","5.07"
"Montcalm","1","81","Michigan","6/9/20","72","9","26117","12.5"
"Montmorency","0","5","Michigan","6/9/20","5","0","26119","0"
"Muskegon","9","725","Michigan","6/9/20","659","66","26121","10.02"
"Newaygo","2","125","Michigan","6/9/20","113","12","26123","10.62"
"Oakland","49","11262","Michigan","6/9/20","10921","341","26125","3.12"
"Oceana","1","103","Michigan","6/9/20","97","6","26127","6.19"
"Ogemaw","0","31","Michigan","6/9/20","30","1","26129","3.33"
"Osceola","0","18","Michigan","6/9/20","15","3","26133","20"
"Oscoda","0","8","Michigan","6/9/20","8","0","26135","0"
"Otsego","0","120","Michigan","6/9/20","120","0","26137","0"
"Ottawa","7","900","Michigan","6/9/20","852","48","26139","5.63"
"Out of MI","-3","23","Michigan","6/9/20","42","-19","80026","-45.24"
"Presque Isle","0","11","Michigan","6/9/20","11","0","26141","0"
"Roscommon","0","24","Michigan","6/9/20","24","0","26143","0"
"Saginaw","9","1138","Michigan","6/9/20","1076","62","26145","5.76"
"Sanilac","0","42","Michigan","6/9/20","42","0","26151","0"
"Schoolcraft","0","4","Michigan","6/9/20","4","0","26153","0"
"Shiawassee","0","262","Michigan","6/9/20","262","0","26155","0"
"St. Clair","1","514","Michigan","6/9/20","509","5","26147","0.98"
"St. Joseph","4","160","Michigan","6/9/20","133","27","26149","20.3"
"Tuscola","2","206","Michigan","6/9/20","192","14","26157","7.29"
"Van Buren","4","195","Michigan","6/9/20","168","27","26159","16.07"
"Washtenaw","4","1551","Michigan","6/9/20","1524","27","26161","1.77"
"Wayne","60","21562","Michigan","6/9/20","21143","419","26163","1.98"
"Wexford","0","14","Michigan","6/9/20","14","0","26165","0"
"Aitkin","0","13","Minnesota","6/9/20","11","2","27001","18.18"
"Anoka","27","1627","Minnesota","6/9/20","1441","186","27003","12.91"
"Becker","1","45","Minnesota","6/9/20","41","4","27005","9.76"
"Beltrami","1","21","Minnesota","6/9/20","16","5","27007","31.25"
"Benton","2","190","Minnesota","6/9/20","178","12","27009","6.74"
"Big Stone","1","12","Minnesota","6/9/20","8","4","27011","50"
"Blue Earth","1","153","Minnesota","6/9/20","145","8","27013","5.52"
"Brown","0","17","Minnesota","6/9/20","16","1","27015","6.25"
"Carlton","0","78","Minnesota","6/9/20","75","3","27017","4"
"Carver","5","257","Minnesota","6/9/20","222","35","27019","15.77"
"Cass","0","12","Minnesota","6/9/20","13","-1","27021","-7.69"
"Chippewa","0","53","Minnesota","6/9/20","51","2","27023","3.92"
"Chisago","1","70","Minnesota","6/9/20","62","8","27025","12.9"
"Clay","7","481","Minnesota","6/9/20","430","51","27027","11.86"
"Clearwater","0","3","Minnesota","6/9/20","3","0","27029","0"
"Cottonwood","3","94","Minnesota","6/9/20","76","18","27033","23.68"
"Crow Wing","2","86","Minnesota","6/9/20","72","14","27035","19.44"
"Dakota","27","1554","Minnesota","6/9/20","1368","186","27037","13.6"
"Dodge","0","55","Minnesota","6/9/20","53","2","27039","3.77"
"Douglas","1","48","Minnesota","6/9/20","44","4","27041","9.09"
"Faribault","1","25","Minnesota","6/9/20","20","5","27043","25"
"Fillmore","0","20","Minnesota","6/9/20","17","3","27045","17.65"
"Freeborn","8","188","Minnesota","6/9/20","130","58","27047","44.62"
"Goodhue","2","83","Minnesota","6/9/20","69","14","27049","20.29"
"Grant","0","5","Minnesota","6/9/20","4","1","27051","25"
"Hennepin","139","9567","Minnesota","6/9/20","8591","976","27053","11.36"
"Houston","0","5","Minnesota","6/9/20","2","3","27055","150"
"Hubbard","0","5","Minnesota","6/9/20","3","2","27057","66.67"
"Isanti","1","43","Minnesota","6/9/20","35","8","27059","22.86"
"Itasca","0","57","Minnesota","6/9/20","55","2","27061","3.64"
"Jackson","0","42","Minnesota","6/9/20","40","2","27063","5"
"Kanabec","0","12","Minnesota","6/9/20","12","0","27065","0"
"Kandiyohi","3","526","Minnesota","6/9/20","504","22","27067","4.37"
"Kittson","0","1","Minnesota","6/9/20","1","0","27069","0"
"Koochiching","0","9","Minnesota","6/9/20","9","0","27071","0"
"Lac qui Parle","0","3","Minnesota","6/9/20","3","0","27073","0"
"Lake","0","1","Minnesota","6/9/20","1","0","27075","0"
"Le Sueur","1","50","Minnesota","6/9/20","44","6","27079","13.64"
"Lincoln","0","6","Minnesota","6/9/20","6","0","27081","0"
"Lyon","11","145","Minnesota","6/9/20","65","80","27083","123.08"
"Mahnomen","0","6","Minnesota","6/9/20","6","0","27087","0"
"Marshall","0","12","Minnesota","6/9/20","12","0","27089","0"
"Martin","1","142","Minnesota","6/9/20","132","10","27091","7.58"
"McLeod","1","45","Minnesota","6/9/20","37","8","27085","21.62"
"Meeker","0","47","Minnesota","6/9/20","45","2","27093","4.44"
"Mille Lacs","1","24","Minnesota","6/9/20","20","4","27095","20"
"Morrison","0","51","Minnesota","6/9/20","48","3","27097","6.25"
"Mower","26","537","Minnesota","6/9/20","354","183","27099","51.69"
"Murray","0","41","Minnesota","6/9/20","39","2","27101","5.13"
"Nicollet","0","91","Minnesota","6/9/20","88","3","27103","3.41"
"Nobles","6","1597","Minnesota","6/9/20","1552","45","27105","2.9"
"Norman","0","16","Minnesota","6/9/20","13","3","27107","23.08"
"Olmsted","11","727","Minnesota","6/9/20","650","77","27109","11.85"
"Otter Tail","1","78","Minnesota","6/9/20","70","8","27111","11.43"
"Pennington","3","37","Minnesota","6/9/20","19","18","27113","94.74"
"Pine","1","94","Minnesota","6/9/20","89","5","27115","5.62"
"Pipestone","0","14","Minnesota","6/9/20","12","2","27117","16.67"
"Polk","1","67","Minnesota","6/9/20","61","6","27119","9.84"
"Pope","0","10","Minnesota","6/9/20","9","1","27121","11.11"
"Ramsey","71","3626","Minnesota","6/9/20","3128","498","27123","15.92"
"Red Lake","0","4","Minnesota","6/9/20","4","0","27125","0"
"Redwood","0","8","Minnesota","6/9/20","6","2","27127","33.33"
"Renville","0","8","Minnesota","6/9/20","5","3","27129","60"
"Rice","18","593","Minnesota","6/9/20","467","126","27131","26.98"
"Rock","0","23","Minnesota","6/9/20","22","1","27133","4.55"
"Roseau","0","5","Minnesota","6/9/20","2","3","27135","150"
"Scott","8","496","Minnesota","6/9/20","442","54","27139","12.22"
"Sherburne","1","261","Minnesota","6/9/20","253","8","27141","3.16"
"Sibley","0","19","Minnesota","6/9/20","16","3","27143","18.75"
"St. Louis","0","119","Minnesota","6/9/20","118","1","27137","0.85"
"Stearns","5","2076","Minnesota","6/9/20","2042","34","27145","1.67"
"Steele","1","173","Minnesota","6/9/20","164","9","27147","5.49"
"Stevens","0","1","Minnesota","6/9/20","1","0","27149","0"
"Swift","0","19","Minnesota","6/9/20","19","0","27151","0"
"Todd","5","361","Minnesota","6/9/20","327","34","27153","10.4"
"Traverse","0","5","Minnesota","6/9/20","4","1","27155","25"
"Wabasha","0","20","Minnesota","6/9/20","18","2","27157","11.11"
"Wadena","0","10","Minnesota","6/9/20","10","0","27159","0"
"Waseca","1","32","Minnesota","6/9/20","26","6","27161","23.08"
"Washington","11","732","Minnesota","6/9/20","658","74","27163","11.25"
"Watonwan","1","84","Minnesota","6/9/20","77","7","27165","9.09"
"Wilkin","0","11","Minnesota","6/9/20","11","0","27167","0"
"Winona","1","85","Minnesota","6/9/20","80","5","27169","6.25"
"Wright","5","361","Minnesota","6/9/20","327","34","27171","10.4"
"Yellow Medicine","0","7","Minnesota","6/9/20","6","1","27173","16.67"
"Adams","3","222","Mississippi","6/9/20","200","22","28001","11"
"Alcorn","1","23","Mississippi","6/9/20","18","5","28003","27.78"
"Amite","0","66","Mississippi","6/9/20","64","2","28005","3.12"
"Attala","2","319","Mississippi","6/9/20","303","16","28007","5.28"
"Benton","0","16","Mississippi","6/9/20","14","2","28009","14.29"
"Bolivar","2","179","Mississippi","6/9/20","165","14","28011","8.48"
"Calhoun","1","74","Mississippi","6/9/20","67","7","28013","10.45"
"Carroll","1","121","Mississippi","6/9/20","117","4","28015","3.42"
"Chickasaw","2","154","Mississippi","6/9/20","137","17","28017","12.41"
"Choctaw","2","62","Mississippi","6/9/20","48","14","28019","29.17"
"Claiborne","2","129","Mississippi","6/9/20","112","17","28021","15.18"
"Clarke","1","163","Mississippi","6/9/20","154","9","28023","5.84"
"Clay","3","137","Mississippi","6/9/20","115","22","28025","19.13"
"Coahoma","2","141","Mississippi","6/9/20","127","14","28027","11.02"
"Copiah","6","360","Mississippi","6/9/20","315","45","28029","14.29"
"Covington","2","190","Mississippi","6/9/20","173","17","28031","9.83"
"DeSoto","13","642","Mississippi","6/9/20","553","89","28033","16.09"
"Forrest","8","649","Mississippi","6/9/20","594","55","28035","9.26"
"Franklin","0","29","Mississippi","6/9/20","29","0","28037","0"
"George","1","32","Mississippi","6/9/20","26","6","28039","23.08"
"Greene","4","47","Mississippi","6/9/20","22","25","28041","113.64"
"Grenada","5","133","Mississippi","6/9/20","99","34","28043","34.34"
"Hancock","0","93","Mississippi","6/9/20","91","2","28045","2.2"
"Harrison","5","299","Mississippi","6/9/20","263","36","28047","13.69"
"Hinds","22","1186","Mississippi","6/9/20","1035","151","28049","14.59"
"Holmes","3","461","Mississippi","6/9/20","439","22","28051","5.01"
"Humphreys","2","75","Mississippi","6/9/20","59","16","28053","27.12"
"Itawamba","1","93","Mississippi","6/9/20","89","4","28057","4.49"
"Jackson","4","338","Mississippi","6/9/20","308","30","28059","9.74"
"Jasper","3","185","Mississippi","6/9/20","165","20","28061","12.12"
"Jefferson","1","50","Mississippi","6/9/20","43","7","28063","16.28"
"Jefferson Davis","1","85","Mississippi","6/9/20","80","5","28065","6.25"
"Jones","18","792","Mississippi","6/9/20","663","129","28067","19.46"
"Kemper","3","166","Mississippi","6/9/20","147","19","28069","12.93"
"Lafayette","2","157","Mississippi","6/9/20","141","16","28071","11.35"
"Lamar","3","272","Mississippi","6/9/20","248","24","28073","9.68"
"Lauderdale","7","793","Mississippi","6/9/20","745","48","28075","6.44"
"Lawrence","0","109","Mississippi","6/9/20","106","3","28077","2.83"
"Leake","3","469","Mississippi","6/9/20","447","22","28079","4.92"
"Lee","12","248","Mississippi","6/9/20","165","83","28081","50.3"
"Leflore","7","322","Mississippi","6/9/20","273","49","28083","17.95"
"Lincoln","5","308","Mississippi","6/9/20","270","38","28085","14.07"
"Lowndes","7","277","Mississippi","6/9/20","230","47","28087","20.43"
"Madison","12","832","Mississippi","6/9/20","745","87","28089","11.68"
"Marion","2","129","Mississippi","6/9/20","117","12","28091","10.26"
"Marshall","2","96","Mississippi","6/9/20","81","15","28093","18.52"
"Monroe","3","285","Mississippi","6/9/20","265","20","28095","7.55"
"Montgomery","0","88","Mississippi","6/9/20","85","3","28097","3.53"
"Neshoba","14","805","Mississippi","6/9/20","707","98","28099","13.86"
"Newton","4","307","Mississippi","6/9/20","282","25","28101","8.87"
"Noxubee","2","206","Mississippi","6/9/20","191","15","28103","7.85"
"Oktibbeha","8","307","Mississippi","6/9/20","253","54","28105","21.34"
"Panola","3","105","Mississippi","6/9/20","84","21","28107","25"
"Pearl River","1","221","Mississippi","6/9/20","211","10","28109","4.74"
"Perry","0","52","Mississippi","6/9/20","51","1","28111","1.96"
"Pike","1","211","Mississippi","6/9/20","204","7","28113","3.43"
"Pontotoc","3","62","Mississippi","6/9/20","43","19","28115","44.19"
"Prentiss","1","62","Mississippi","6/9/20","56","6","28117","10.71"
"Quitman","0","32","Mississippi","6/9/20","34","-2","28119","-5.88"
"Rankin","7","498","Mississippi","6/9/20","446","52","28121","11.66"
"Scott","2","677","Mississippi","6/9/20","661","16","28123","2.42"
"Sharkey","0","7","Mississippi","6/9/20","7","0","28125","0"
"Simpson","1","112","Mississippi","6/9/20","102","10","28127","9.8"
"Smith","3","172","Mississippi","6/9/20","153","19","28129","12.42"
"Stone","0","34","Mississippi","6/9/20","31","3","28131","9.68"
"Sunflower","3","105","Mississippi","6/9/20","85","20","28133","23.53"
"Tallahatchie","1","35","Mississippi","6/9/20","29","6","28135","20.69"
"Tate","2","112","Mississippi","6/9/20","95","17","28137","17.89"
"Tippah","2","87","Mississippi","6/9/20","76","11","28139","14.47"
"Tishomingo","1","42","Mississippi","6/9/20","34","8","28141","23.53"
"Tunica","1","60","Mississippi","6/9/20","56","4","28143","7.14"
"Union","1","92","Mississippi","6/9/20","85","7","28145","8.24"
"Walthall","3","82","Mississippi","6/9/20","61","21","28147","34.43"
"Warren","6","223","Mississippi","6/9/20","181","42","28149","23.2"
"Washington","4","221","Mississippi","6/9/20","191","30","28151","15.71"
"Wayne","16","335","Mississippi","6/9/20","224","111","28153","49.55"
"Webster","4","98","Mississippi","6/9/20","68","30","28155","44.12"
"Wilkinson","0","85","Mississippi","6/9/20","85","0","28157","0"
"Winston","2","136","Mississippi","6/9/20","121","15","28159","12.4"
"Yalobusha","4","123","Mississippi","6/9/20","96","27","28161","28.12"
"Yazoo","5","321","Mississippi","6/9/20","286","35","28163","12.24"
"Adair","2","74","Missouri","6/9/20","60","14","29001","23.33"
"Andrew","0","33","Missouri","6/9/20","30","3","29003","10"
"Atchison","0","3","Missouri","6/9/20","3","0","29005","0"
"Audrain","4","117","Missouri","6/9/20","90","27","29007","30"
"Barry","0","9","Missouri","6/9/20","9","0","29009","0"
"Bates","0","12","Missouri","6/9/20","10","2","29013","20"
"Benton","0","13","Missouri","6/9/20","11","2","29015","18.18"
"Bollinger","0","7","Missouri","6/9/20","6","1","29017","16.67"
"Boone","6","194","Missouri","6/9/20","154","40","29019","25.97"
"Buchanan","5","755","Missouri","6/9/20","719","36","29021","5.01"
"Butler","2","51","Missouri","6/9/20","40","11","29023","27.5"
"Caldwell","0","8","Missouri","6/9/20","6","2","29025","33.33"
"Callaway","1","34","Missouri","6/9/20","30","4","29027","13.33"
"Camden","0","38","Missouri","6/9/20","38","0","29029","0"
"Cape Girardeau","2","87","Missouri","6/9/20","76","11","29031","14.47"
"Carroll","0","9","Missouri","6/9/20","8","1","29033","12.5"
"Carter","0","5","Missouri","6/9/20","5","0","29035","0"
"Cass","1","105","Missouri","6/9/20","96","9","29037","9.38"
"Cedar","0","9","Missouri","6/9/20","9","0","29039","0"
"Chariton","0","6","Missouri","6/9/20","6","0","29041","0"
"Christian","1","29","Missouri","6/9/20","24","5","29043","20.83"
"Clark","0","1","Missouri","6/9/20","1","0","29045","0"
"Clay","11","249","Missouri","6/9/20","173","76","29047","43.93"
"Clinton","0","20","Missouri","6/9/20","18","2","29049","11.11"
"Cole","0","61","Missouri","6/9/20","61","0","29051","0"
"Cooper","0","9","Missouri","6/9/20","9","0","29053","0"
"Crawford","0","9","Missouri","6/9/20","9","0","29055","0"
"Dallas","0","6","Missouri","6/9/20","3","3","29059","100"
"Daviess","0","6","Missouri","6/9/20","4","2","29061","50"
"DeKalb","0","7","Missouri","6/9/20","6","1","29063","16.67"
"Dunklin","1","49","Missouri","6/9/20","45","4","29069","8.89"
"Franklin","2","156","Missouri","6/9/20","142","14","29071","9.86"
"Gasconade","0","2","Missouri","6/9/20","2","0","29073","0"
"Gentry","2","54","Missouri","6/9/20","41","13","29075","31.71"
"Greene","3","179","Missouri","6/9/20","155","24","29077","15.48"
"Harrison","0","9","Missouri","6/9/20","9","0","29081","0"
"Henry","0","12","Missouri","6/9/20","12","0","29083","0"
"Holt","0","2","Missouri","6/9/20","2","0","29087","0"
"Howard","0","3","Missouri","6/9/20","3","0","29089","0"
"Howell","1","15","Missouri","6/9/20","9","6","29091","66.67"
"Iron","0","3","Missouri","6/9/20","3","0","29093","0"
"Jackson","13","727","Missouri","6/9/20","637","90","29095","14.13"
"Jasper","5","70","Missouri","6/9/20","38","32","29097","84.21"
"Jefferson","3","411","Missouri","6/9/20","390","21","29099","5.38"
"Johnson","0","78","Missouri","6/9/20","76","2","29101","2.63"
"Kansas City","40","1594","Missouri","6/9/20","1315","279","00000","21.22"
"Laclede","0","7","Missouri","6/9/20","7","0","29105","0"
"Lafayette","1","83","Missouri","6/9/20","75","8","29107","10.67"
"Lawrence","0","8","Missouri","6/9/20","8","0","29109","0"
"Lewis","0","7","Missouri","6/9/20","7","0","29111","0"
"Lincoln","0","121","Missouri","6/9/20","118","3","29113","2.54"
"Linn","0","10","Missouri","6/9/20","9","1","29115","11.11"
"Livingston","0","5","Missouri","6/9/20","3","2","29117","66.67"
"Macon","0","6","Missouri","6/9/20","5","1","29121","20"
"Madison","0","3","Missouri","6/9/20","3","0","29123","0"
"Maries","0","2","Missouri","6/9/20","2","0","29125","0"
"Marion","0","6","Missouri","6/9/20","5","1","29127","20"
"McDonald","3","40","Missouri","6/9/20","22","18","29119","81.82"
"Miller","0","4","Missouri","6/9/20","4","0","29131","0"
"Mississippi","1","65","Missouri","6/9/20","59","6","29133","10.17"
"Moniteau","0","49","Missouri","6/9/20","48","1","29135","2.08"
"Montgomery","1","13","Missouri","6/9/20","9","4","29139","44.44"
"Morgan","0","9","Missouri","6/9/20","9","0","29141","0"
"New Madrid","0","23","Missouri","6/9/20","21","2","29143","9.52"
"Newton","2","36","Missouri","6/9/20","20","16","29145","80"
"Nodaway","0","14","Missouri","6/9/20","14","0","29147","0"
"Oregon","0","2","Missouri","6/9/20","2","0","29149","0"
"Osage","0","6","Missouri","6/9/20","5","1","29151","20"
"Pemiscot","1","97","Missouri","6/9/20","88","9","29155","10.23"
"Perry","2","75","Missouri","6/9/20","63","12","29157","19.05"
"Pettis","1","83","Missouri","6/9/20","79","4","29159","5.06"
"Phelps","0","5","Missouri","6/9/20","4","1","29161","25"
"Pike","0","28","Missouri","6/9/20","25","3","29163","12"
"Platte","1","80","Missouri","6/9/20","73","7","29165","9.59"
"Polk","0","4","Missouri","6/9/20","3","1","29167","33.33"
"Pulaski","11","109","Missouri","6/9/20","35","74","29169","211.43"
"Ralls","0","5","Missouri","6/9/20","5","0","29173","0"
"Randolph","0","10","Missouri","6/9/20","10","0","29175","0"
"Ray","1","24","Missouri","6/9/20","19","5","29177","26.32"
"Reynolds","0","2","Missouri","6/9/20","2","0","29179","0"
"Ripley","0","11","Missouri","6/9/20","8","3","29181","37.5"
"Saline","2","283","Missouri","6/9/20","269","14","29195","5.2"
"Scotland","0","9","Missouri","6/9/20","6","3","29199","50"
"Scott","2","127","Missouri","6/9/20","110","17","29201","15.45"
"Shelby","0","1","Missouri","6/9/20","1","0","29205","0"
"St. Charles","9","852","Missouri","6/9/20","791","61","29183","7.71"
"St. Clair","0","3","Missouri","6/9/20","3","0","29185","0"
"St. Francois","1","41","Missouri","6/9/20","36","5","29187","13.89"
"St. Louis","44","5427","Missouri","6/9/20","5121","306","29189","5.98"
"St. Louis City","20","2132","Missouri","6/9/20","1990","142","29510","7.14"
"Ste. Genevieve","0","12","Missouri","6/9/20","12","0","29186","0"
"Stoddard","3","109","Missouri","6/9/20","87","22","29207","25.29"
"Stone","1","10","Missouri","6/9/20","5","5","29209","100"
"Sullivan","1","68","Missouri","6/9/20","61","7","29211","11.48"
"Taney","0","14","Missouri","6/9/20","14","0","29213","0"
"Texas","0","1","Missouri","6/9/20","1","0","29215","0"
"Vernon","0","12","Missouri","6/9/20","10","2","29217","20"
"Warren","0","30","Missouri","6/9/20","28","2","29219","7.14"
"Washington","0","13","Missouri","6/9/20","12","1","29221","8.33"
"Webster","0","18","Missouri","6/9/20","18","0","29225","0"
"Worth","0","4","Missouri","6/9/20","4","0","29227","0"
"Wright","0","14","Missouri","6/9/20","11","3","29229","27.27"
"Beaverhead","0","1","Montana","6/9/20","1","0","30001","0"
"Big Horn","1","41","Montana","6/9/20","31","10","30003","32.26"
"Broadwater","0","4","Montana","6/9/20","4","0","30007","0"
"Carbon","0","6","Montana","6/9/20","6","0","30009","0"
"Cascade","0","17","Montana","6/9/20","17","0","30013","0"
"Deer Lodge","0","3","Montana","6/9/20","3","0","30023","0"
"Flathead","0","37","Montana","6/9/20","37","0","30029","0"
"Gallatin","2","168","Montana","6/9/20","155","13","30031","8.39"
"Glacier","0","6","Montana","6/9/20","6","0","30035","0"
"Golden Valley","0","3","Montana","6/9/20","3","0","30037","0"
"Hill","0","1","Montana","6/9/20","1","0","30041","0"
"Jefferson","0","3","Montana","6/9/20","3","0","30043","0"
"Lake","0","5","Montana","6/9/20","5","0","30047","0"
"Lewis and Clark","0","18","Montana","6/9/20","16","2","30049","12.5"
"Liberty","0","1","Montana","6/9/20","1","0","30051","0"
"Lincoln","0","7","Montana","6/9/20","7","0","30053","0"
"Madison","0","8","Montana","6/9/20","8","0","30057","0"
"Meagher","0","1","Montana","6/9/20","1","0","30059","0"
"Missoula","0","40","Montana","6/9/20","40","0","30063","0"
"Musselshell","0","1","Montana","6/9/20","1","0","30065","0"
"Park","0","8","Montana","6/9/20","8","0","30067","0"
"Pondera","0","2","Montana","6/9/20","2","0","30073","0"
"Ravalli","0","14","Montana","6/9/20","14","0","30081","0"
"Richland","0","3","Montana","6/9/20","3","0","30083","0"
"Roosevelt","0","7","Montana","6/9/20","7","0","30085","0"
"Rosebud","0","1","Montana","6/9/20","1","0","30087","0"
"Silver Bow","0","11","Montana","6/9/20","11","0","30093","0"
"Stillwater","0","2","Montana","6/9/20","1","1","30095","100"
"Toole","0","29","Montana","6/9/20","29","0","30101","0"
"Wheatland","0","1","Montana","6/9/20","1","0","30107","0"
"Yellowstone","1","105","Montana","6/9/20","100","5","30111","5"
"Adams","1","277","Nebraska","6/9/20","272","5","31001","1.84"
"Antelope","0","8","Nebraska","6/9/20","8","0","31003","0"
"Boone","0","7","Nebraska","6/9/20","6","1","31011","16.67"
"Box Butte","0","3","Nebraska","6/9/20","2","1","31013","50"
"Boyd","0","1","Nebraska","6/9/20","1","0","31015","0"
"Buffalo","1","175","Nebraska","6/9/20","166","9","31019","5.42"
"Burt","0","10","Nebraska","6/9/20","8","2","31021","25"
"Butler","0","51","Nebraska","6/9/20","49","2","31023","4.08"
"Cass","1","57","Nebraska","6/9/20","53","4","31025","7.55"
"Cedar","0","8","Nebraska","6/9/20","8","0","31027","0"
"Chase","0","1","Nebraska","6/9/20","1","0","31029","0"
"Cherry","0","1","Nebraska","6/9/20","1","0","31031","0"
"Cheyenne","0","10","Nebraska","6/9/20","9","1","31033","11.11"
"Clay","0","24","Nebraska","6/9/20","24","0","31035","0"
"Colfax","3","639","Nebraska","6/9/20","620","19","31037","3.06"
"Cuming","0","34","Nebraska","6/9/20","34","0","31039","0"
"Custer","0","34","Nebraska","6/9/20","31","3","31041","9.68"
"Dakota","6","1716","Nebraska","6/9/20","1675","41","31043","2.45"
"Dawes","0","1","Nebraska","6/9/20","1","0","31045","0"
"Dawson","1","843","Nebraska","6/9/20","839","4","31047","0.48"
"Dixon","0","32","Nebraska","6/9/20","29","3","31051","10.34"
"Dodge","14","582","Nebraska","6/9/20","487","95","31053","19.51"
"Douglas","98","5164","Nebraska","6/9/20","4476","688","31055","15.37"
"Fillmore","0","7","Nebraska","6/9/20","7","0","31059","0"
"Franklin","0","6","Nebraska","6/9/20","6","0","31061","0"
"Frontier","0","1","Nebraska","6/9/20","1","0","31063","0"
"Furnas","0","9","Nebraska","6/9/20","9","0","31065","0"
"Gage","0","45","Nebraska","6/9/20","45","0","31067","0"
"Garden","0","4","Nebraska","6/9/20","2","2","31069","100"
"Garfield","0","1","Nebraska","6/9/20","0","1","31071","1"
"Gosper","0","13","Nebraska","6/9/20","13","0","31073","0"
"Greeley","0","3","Nebraska","6/9/20","2","1","31077","50"
"Hall","4","1550","Nebraska","6/9/20","1522","28","31079","1.84"
"Hamilton","0","56","Nebraska","6/9/20","55","1","31081","1.82"
"Hitchcock","0","1","Nebraska","6/9/20","1","0","31087","0"
"Holt","0","1","Nebraska","6/9/20","1","0","31089","0"
"Howard","0","43","Nebraska","6/9/20","42","1","31093","2.38"
"Jefferson","0","9","Nebraska","6/9/20","7","2","31095","28.57"
"Johnson","0","6","Nebraska","6/9/20","6","0","31097","0"
"Kearney","0","12","Nebraska","6/9/20","11","1","31099","9.09"
"Keith","0","2","Nebraska","6/9/20","2","0","31101","0"
"Kimball","0","8","Nebraska","6/9/20","8","0","31105","0"
"Knox","0","11","Nebraska","6/9/20","10","1","31107","10"
"Lancaster","19","1376","Nebraska","6/9/20","1244","132","31109","10.61"
"Lincoln","0","50","Nebraska","6/9/20","48","2","31111","4.17"
"Madison","1","328","Nebraska","6/9/20","318","10","31119","3.14"
"Merrick","1","36","Nebraska","6/9/20","32","4","31121","12.5"
"Morrill","0","11","Nebraska","6/9/20","11","0","31123","0"
"Nance","0","4","Nebraska","6/9/20","4","0","31125","0"
"Nemaha","0","4","Nebraska","6/9/20","4","0","31127","0"
"Nuckolls","0","1","Nebraska","6/9/20","1","0","31129","0"
"Otoe","1","11","Nebraska","6/9/20","7","4","31131","57.14"
"Phelps","0","20","Nebraska","6/9/20","20","0","31137","0"
"Pierce","0","6","Nebraska","6/9/20","6","0","31139","0"
"Platte","4","630","Nebraska","6/9/20","603","27","31141","4.48"
"Polk","0","12","Nebraska","6/9/20","11","1","31143","9.09"
"Red Willow","0","5","Nebraska","6/9/20","5","0","31145","0"
"Richardson","0","1","Nebraska","6/9/20","1","0","31147","0"
"Saline","2","518","Nebraska","6/9/20","506","12","31151","2.37"
"Sarpy","17","796","Nebraska","6/9/20","680","116","31153","17.06"
"Saunders","2","54","Nebraska","6/9/20","40","14","31155","35"
"Scotts Bluff","5","149","Nebraska","6/9/20","112","37","31157","33.04"
"Seward","0","29","Nebraska","6/9/20","28","1","31159","3.57"
"Sherman","0","5","Nebraska","6/9/20","4","1","31163","25"
"Stanton","0","21","Nebraska","6/9/20","20","1","31167","5"
"Thayer","0","1","Nebraska","6/9/20","1","0","31169","0"
"Thomas","0","1","Nebraska","6/9/20","1","0","31171","0"
"Thurston","1","56","Nebraska","6/9/20","49","7","31173","14.29"
"Valley","0","6","Nebraska","6/9/20","4","2","31175","50"
"Washington","1","36","Nebraska","6/9/20","32","4","31177","12.5"
"Wayne","1","26","Nebraska","6/9/20","18","8","31179","44.44"
"Webster","0","5","Nebraska","6/9/20","5","0","31181","0"
"York","0","37","Nebraska","6/9/20","36","1","31185","2.78"
"Carson City","2","114","Nevada","6/9/20","99","15","32510","15.15"
"Churchill","0","10","Nevada","6/9/20","8","2","32001","25"
"Clark","136","7799","Nevada","6/9/20","6845","954","32003","13.94"
"Douglas","1","38","Nevada","6/9/20","32","6","32005","18.75"
"Elko","0","27","Nevada","6/9/20","25","2","32007","8"
"Humboldt","0","78","Nevada","6/9/20","78","0","32013","0"
"Lander","0","23","Nevada","6/9/20","20","3","32015","15"
"Lincoln","0","2","Nevada","6/9/20","2","0","32017","0"
"Lyon","3","89","Nevada","6/9/20","68","21","32019","30.88"
"Mineral","0","4","Nevada","6/9/20","4","0","32021","0"
"Nye","0","66","Nevada","6/9/20","64","2","32023","3.12"
"Pershing","0","3","Nevada","6/9/20","2","1","32027","50"
"Storey","0","1","Nevada","6/9/20","1","0","32029","0"
"Washoe","26","1788","Nevada","6/9/20","1606","182","32031","11.33"
"White Pine","0","3","Nevada","6/9/20","4","-1","32033","-25"
"Belknap","1","70","New Hampshire","6/9/20","63","7","33001","11.11"
"Carroll","0","48","New Hampshire","6/9/20","48","0","33003","0"
"Cheshire","0","59","New Hampshire","6/9/20","57","2","33005","3.51"
"Coos","0","6","New Hampshire","6/9/20","5","1","33007","20"
"Grafton","0","76","New Hampshire","6/9/20","76","0","33009","0"
"Hillsborough","32","2753","New Hampshire","6/9/20","2528","225","33011","8.9"
"Merrimack","3","375","New Hampshire","6/9/20","352","23","33013","6.53"
"Rockingham","9","1386","New Hampshire","6/9/20","1320","66","33015","5"
"Strafford","1","277","New Hampshire","6/9/20","271","6","33017","2.21"
"Sullivan","0","20","New Hampshire","6/9/20","19","1","33019","5.26"
"Atlantic","21","2401","New Jersey","6/9/20","2251","150","34001","6.66"
"Bergen","34","18573","New Jersey","6/9/20","18333","240","34003","1.31"
"Burlington","18","4808","New Jersey","6/9/20","4680","128","34005","2.74"
"Camden","35","6849","New Jersey","6/9/20","6603","246","34007","3.73"
"Cape May","4","654","New Jersey","6/9/20","628","26","34009","4.14"
"Cumberland","34","2583","New Jersey","6/9/20","2345","238","34011","10.15"
"Essex","56","18151","New Jersey","6/9/20","17761","390","34013","2.2"
"Gloucester","11","2340","New Jersey","6/9/20","2262","78","34015","3.45"
"Hudson","25","19000","New Jersey","6/9/20","18822","178","34017","0.95"
"Hunterdon","4","1027","New Jersey","6/9/20","999","28","34019","2.8"
"Mercer","29","7204","New Jersey","6/9/20","7004","200","34021","2.86"
"Middlesex","33","16251","New Jersey","6/9/20","16021","230","34023","1.44"
"Monmouth","32","8512","New Jersey","6/9/20","8289","223","34025","2.69"
"Morris","13","6605","New Jersey","6/9/20","6512","93","34027","1.43"
"Ocean","35","9059","New Jersey","6/9/20","8817","242","34029","2.74"
"Passaic","37","16492","New Jersey","6/9/20","16234","258","34031","1.59"
"Salem","6","686","New Jersey","6/9/20","645","41","34033","6.36"
"Somerset","11","4679","New Jersey","6/9/20","4605","74","34035","1.61"
"Sussex","7","1172","New Jersey","6/9/20","1123","49","34037","4.36"
"Union","62","16302","New Jersey","6/9/20","15868","434","34039","2.74"
"Warren","3","1193","New Jersey","6/9/20","1173","20","34041","1.71"
"Bernalillo","16","1612","New Mexico","6/9/20","1499","113","35001","7.54"
"Catron","0","2","New Mexico","6/9/20","2","0","35003","0"
"Chaves","0","48","New Mexico","6/9/20","51","-3","35005","-5.88"
"Cibola","3","169","New Mexico","6/9/20","145","24","35006","16.55"
"Colfax","0","5","New Mexico","6/9/20","5","0","35007","0"
"Curry","1","64","New Mexico","6/9/20","55","9","35009","16.36"
"Dona Ana","16","589","New Mexico","6/9/20","479","110","35013","22.96"
"Eddy","2","38","New Mexico","6/9/20","23","15","35015","65.22"
"Grant","0","15","New Mexico","6/9/20","15","0","35017","0"
"Guadalupe","0","20","New Mexico","6/9/20","20","0","35019","0"
"Harding","0","1","New Mexico","6/9/20","1","0","35021","0"
"Hidalgo","0","1","New Mexico","6/9/20","1","0","35023","0"
"Lea","1","33","New Mexico","6/9/20","26","7","35025","26.92"
"Lincoln","0","5","New Mexico","6/9/20","4","1","35027","25"
"Los Alamos","0","6","New Mexico","6/9/20","6","0","35028","0"
"Luna","0","12","New Mexico","6/9/20","9","3","35029","33.33"
"McKinley","40","2757","New Mexico","6/9/20","2480","277","35031","11.17"
"Otero","1","28","New Mexico","6/9/20","22","6","35035","27.27"
"Quay","0","4","New Mexico","6/9/20","5","-1","35037","-20"
"Rio Arriba","1","57","New Mexico","6/9/20","49","8","35039","16.33"
"Roosevelt","1","45","New Mexico","6/9/20","41","4","35041","9.76"
"San Juan","27","1999","New Mexico","6/9/20","1813","186","35045","10.26"
"San Miguel","0","16","New Mexico","6/9/20","15","1","35047","6.67"
"Sandoval","5","604","New Mexico","6/9/20","572","32","35043","5.59"
"Santa Fe","1","155","New Mexico","6/9/20","148","7","35049","4.73"
"Sierra","0","1","New Mexico","6/9/20","1","0","35051","0"
"Socorro","0","55","New Mexico","6/9/20","52","3","35053","5.77"
"Taos","0","31","New Mexico","6/9/20","30","1","35055","3.33"
"Torrance","0","35","New Mexico","6/9/20","32","3","35057","9.38"
"Union","0","5","New Mexico","6/9/20","4","1","35059","25"
"Valencia","1","81","New Mexico","6/9/20","77","4","35061","5.19"
"Albany","12","1983","New York","6/9/20","1900","83","36001","4.37"
"Allegany","0","51","New York","6/9/20","48","3","36003","6.25"
"Broome","7","627","New York","6/9/20","578","49","36007","8.48"
"Cattaraugus","1","95","New York","6/9/20","89","6","36009","6.74"
"Cayuga","1","102","New York","6/9/20","93","9","36011","9.68"
"Chautauqua","2","103","New York","6/9/20","86","17","36013","19.77"
"Chemung","0","138","New York","6/9/20","137","1","36015","0.73"
"Chenango","0","135","New York","6/9/20","133","2","36017","1.5"
"Clinton","0","97","New York","6/9/20","97","0","36019","0"
"Columbia","3","414","New York","6/9/20","391","23","36021","5.88"
"Cortland","0","42","New York","6/9/20","41","1","36023","2.44"
"Delaware","1","86","New York","6/9/20","82","4","36025","4.88"
"Dutchess","11","4016","New York","6/9/20","3936","80","36027","2.03"
"Erie","60","6595","New York","6/9/20","6173","422","36029","6.84"
"Essex","0","40","New York","6/9/20","38","2","36031","5.26"
"Franklin","0","23","New York","6/9/20","23","0","36033","0"
"Fulton","2","228","New York","6/9/20","212","16","36035","7.55"
"Genesee","1","210","New York","6/9/20","202","8","36037","3.96"
"Greene","1","248","New York","6/9/20","241","7","36039","2.9"
"Hamilton","0","5","New York","6/9/20","5","0","36041","0"
"Herkimer","2","125","New York","6/9/20","111","14","36043","12.61"
"Jefferson","1","79","New York","6/9/20","74","5","36045","6.76"
"Lewis","0","20","New York","6/9/20","20","0","36049","0"
"Livingston","0","121","New York","6/9/20","119","2","36051","1.68"
"Madison","2","331","New York","6/9/20","317","14","36053","4.42"
"Monroe","36","3243","New York","6/9/20","2989","254","36055","8.5"
"Montgomery","1","100","New York","6/9/20","93","7","36057","7.53"
"Nassau","58","40980","New York","6/9/20","40572","408","36059","1.01"
"New York","474","207693","New York","6/9/20","204377","3316","36061","1.62"
"Niagara","11","1125","New York","6/9/20","1048","77","36063","7.35"
"Oneida","19","1185","New York","6/9/20","1049","136","36065","12.96"
"Onondaga","28","2427","New York","6/9/20","2228","199","36067","8.93"
"Ontario","2","222","New York","6/9/20","209","13","36069","6.22"
"Orange","12","10533","New York","6/9/20","10449","84","36071","0.8"
"Orleans","2","257","New York","6/9/20","241","16","36073","6.64"
"Oswego","1","115","New York","6/9/20","110","5","36075","4.55"
"Otsego","0","75","New York","6/9/20","73","2","36077","2.74"
"Putnam","3","1280","New York","6/9/20","1262","18","36079","1.43"
"Rensselaer","2","505","New York","6/9/20","493","12","36083","2.43"
"Rockland","19","13353","New York","6/9/20","13223","130","36087","0.98"
"Saratoga","4","511","New York","6/9/20","484","27","36091","5.58"
"Schenectady","3","715","New York","6/9/20","696","19","36093","2.73"
"Schoharie","0","54","New York","6/9/20","51","3","36095","5.88"
"Schuyler","0","12","New York","6/9/20","12","0","36097","0"
"Seneca","0","61","New York","6/9/20","59","2","36099","3.39"
"St. Lawrence","1","209","New York","6/9/20","205","4","36089","1.95"
"Steuben","1","252","New York","6/9/20","242","10","36101","4.13"
"Suffolk","64","40426","New York","6/9/20","39980","446","36103","1.12"
"Sullivan","4","1418","New York","6/9/20","1392","26","36105","1.87"
"Tioga","0","134","New York","6/9/20","131","3","36107","2.29"
"Tompkins","1","171","New York","6/9/20","164","7","36109","4.27"
"Ulster","4","1724","New York","6/9/20","1696","28","36111","1.65"
"Warren","0","257","New York","6/9/20","255","2","36113","0.78"
"Washington","0","240","New York","6/9/20","237","3","36115","1.27"
"Wayne","1","126","New York","6/9/20","116","10","36117","8.62"
"Westchester","57","34035","New York","6/9/20","33633","402","36119","1.2"
"Wyoming","1","91","New York","6/9/20","86","5","36121","5.81"
"Yates","0","39","New York","6/9/20","39","0","36123","0"
"Alamance","23","553","North Carolina","6/9/20","391","162","37001","41.43"
"Alexander","1","43","North Carolina","6/9/20","38","5","37003","13.16"
"Alleghany","2","29","North Carolina","6/9/20","18","11","37005","61.11"
"Anson","2","78","North Carolina","6/9/20","66","12","37007","18.18"
"Ashe","0","40","North Carolina","6/9/20","37","3","37009","8.11"
"Avery","0","4","North Carolina","6/9/20","2","2","37011","100"
"Beaufort","1","44","North Carolina","6/9/20","36","8","37013","22.22"
"Bertie","1","134","North Carolina","6/9/20","125","9","37015","7.2"
"Bladen","9","165","North Carolina","6/9/20","105","60","37017","57.14"
"Brunswick","9","160","North Carolina","6/9/20","95","65","37019","68.42"
"Buncombe","7","401","North Carolina","6/9/20","354","47","37021","13.28"
"Burke","18","567","North Carolina","6/9/20","439","128","37023","29.16"
"Cabarrus","16","617","North Carolina","6/9/20","508","109","37025","21.46"
"Caldwell","7","209","North Carolina","6/9/20","157","52","37027","33.12"
"Camden","0","3","North Carolina","6/9/20","3","0","37029","0"
"Carteret","0","40","North Carolina","6/9/20","37","3","37031","8.11"
"Caswell","1","97","North Carolina","6/9/20","93","4","37033","4.3"
"Catawba","13","327","North Carolina","6/9/20","234","93","37035","39.74"
"Chatham","14","733","North Carolina","6/9/20","638","95","37037","14.89"
"Cherokee","0","30","North Carolina","6/9/20","30","0","37039","0"
"Chowan","0","17","North Carolina","6/9/20","17","0","37041","0"
"Clay","0","8","North Carolina","6/9/20","8","0","37043","0"
"Cleveland","3","121","North Carolina","6/9/20","99","22","37045","22.22"
"Columbus","5","373","North Carolina","6/9/20","338","35","37047","10.36"
"Craven","4","240","North Carolina","6/9/20","210","30","37049","14.29"
"Cumberland","13","802","North Carolina","6/9/20","712","90","37051","12.64"
"Currituck","0","15","North Carolina","6/9/20","14","1","37053","7.14"
"Dare","0","25","North Carolina","6/9/20","22","3","37055","13.64"
"Davidson","13","527","North Carolina","6/9/20","434","93","37057","21.43"
"Davie","2","119","North Carolina","6/9/20","105","14","37059","13.33"
"Duplin","25","1047","North Carolina","6/9/20","870","177","37061","20.34"
"Durham","77","2247","North Carolina","6/9/20","1706","541","37063","31.71"
"Edgecombe","3","229","North Carolina","6/9/20","208","21","37065","10.1"
"Forsyth","65","1898","North Carolina","6/9/20","1441","457","37067","31.71"
"Franklin","4","190","North Carolina","6/9/20","162","28","37069","17.28"
"Gaston","14","383","North Carolina","6/9/20","288","95","37071","32.99"
"Gates","0","24","North Carolina","6/9/20","24","0","37073","0"
"Graham","0","4","North Carolina","6/9/20","2","2","37075","100"
"Granville","31","530","North Carolina","6/9/20","312","218","37077","69.87"
"Greene","3","104","North Carolina","6/9/20","81","23","37079","28.4"
"Guilford","66","1779","North Carolina","6/9/20","1318","461","37081","34.98"
"Halifax","5","219","North Carolina","6/9/20","183","36","37083","19.67"
"Harnett","6","340","North Carolina","6/9/20","297","43","37085","14.48"
"Haywood","2","60","North Carolina","6/9/20","49","11","37087","22.45"
"Henderson","5","389","North Carolina","6/9/20","352","37","37089","10.51"
"Hertford","1","135","North Carolina","6/9/20","128","7","37091","5.47"
"Hoke","4","278","North Carolina","6/9/20","248","30","37093","12.1"
"Hyde","0","2","North Carolina","6/9/20","1","1","37095","100"
"Iredell","11","348","North Carolina","6/9/20","273","75","37097","27.47"
"Jackson","2","50","North Carolina","6/9/20","34","16","37099","47.06"
"Johnston","28","669","North Carolina","6/9/20","471","198","37101","42.04"
"Jones","0","28","North Carolina","6/9/20","28","0","37103","0"
"Lee","10","534","North Carolina","6/9/20","466","68","37105","14.59"
"Lenoir","6","257","North Carolina","6/9/20","217","40","37107","18.43"
"Lincoln","5","105","North Carolina","6/9/20","72","33","37109","45.83"
"Macon","8","146","North Carolina","6/9/20","89","57","37113","64.04"
"Madison","0","4","North Carolina","6/9/20","4","0","37115","0"
"Martin","1","77","North Carolina","6/9/20","73","4","37117","5.48"
"McDowell","3","101","North Carolina","6/9/20","82","19","37111","23.17"
"Mecklenburg","166","5682","North Carolina","6/9/20","4519","1163","37119","25.74"
"Mitchell","0","17","North Carolina","6/9/20","15","2","37121","13.33"
"Montgomery","5","165","North Carolina","6/9/20","132","33","37123","25"
"Moore","6","266","North Carolina","6/9/20","224","42","37125","18.75"
"Nash","5","242","North Carolina","6/9/20","210","32","37127","15.24"
"New Hanover","10","278","North Carolina","6/9/20","208","70","37129","33.65"
"Northampton","2","170","North Carolina","6/9/20","156","14","37131","8.97"
"Onslow","3","134","North Carolina","6/9/20","112","22","37133","19.64"
"Orange","6","405","North Carolina","6/9/20","360","45","37135","12.5"
"Pamlico","0","13","North Carolina","6/9/20","10","3","37137","30"
"Pasquotank","1","119","North Carolina","6/9/20","110","9","37139","8.18"
"Pender","4","113","North Carolina","6/9/20","83","30","37141","36.14"
"Perquimans","0","26","North Carolina","6/9/20","25","1","37143","4"
"Person","2","61","North Carolina","6/9/20","50","11","37145","22"
"Pitt","12","397","North Carolina","6/9/20","316","81","37147","25.63"
"Polk","2","48","North Carolina","6/9/20","37","11","37149","29.73"
"Randolph","22","829","North Carolina","6/9/20","678","151","37151","22.27"
"Richmond","3","184","North Carolina","6/9/20","165","19","37153","11.52"
"Robeson","23","983","North Carolina","6/9/20","824","159","37155","19.3"
"Rockingham","2","116","North Carolina","6/9/20","100","16","37157","16"
"Rowan","14","772","North Carolina","6/9/20","675","97","37159","14.37"
"Rutherford","2","200","North Carolina","6/9/20","186","14","37161","7.53"
"Sampson","17","621","North Carolina","6/9/20","499","122","37163","24.45"
"Scotland","2","98","North Carolina","6/9/20","86","12","37165","13.95"
"Stanly","5","118","North Carolina","6/9/20","86","32","37167","37.21"
"Stokes","2","86","North Carolina","6/9/20","69","17","37169","24.64"
"Surry","8","279","North Carolina","6/9/20","224","55","37171","24.55"
"Swain","2","25","North Carolina","6/9/20","13","12","37173","92.31"
"Transylvania","0","16","North Carolina","6/9/20","14","2","37175","14.29"
"Tyrrell","0","4","North Carolina","6/9/20","4","0","37177","0"
"Union","20","604","North Carolina","6/9/20","466","138","37179","29.61"
"Vance","7","375","North Carolina","6/9/20","323","52","37181","16.1"
"Wake","77","2378","North Carolina","6/9/20","1841","537","37183","29.17"
"Warren","4","93","North Carolina","6/9/20","64","29","37185","45.31"
"Washington","0","32","North Carolina","6/9/20","30","2","37187","6.67"
"Watauga","2","41","North Carolina","6/9/20","27","14","37189","51.85"
"Wayne","23","1339","North Carolina","6/9/20","1179","160","37191","13.57"
"Wilkes","2","511","North Carolina","6/9/20","500","11","37193","2.2"
"Wilson","12","447","North Carolina","6/9/20","363","84","37195","23.14"
"Yadkin","6","221","North Carolina","6/9/20","181","40","37197","22.1"
"Yancey","1","21","North Carolina","6/9/20","15","6","37199","40"
"Barnes","1","9","North Dakota","6/9/20","5","4","38003","80"
"Benson","0","3","North Dakota","6/9/20","1","2","38005","200"
"Bottineau","0","4","North Dakota","6/9/20","2","2","38009","100"
"Bowman","0","1","North Dakota","6/9/20","1","0","38011","0"
"Burke","0","5","North Dakota","6/9/20","5","0","38013","0"
"Burleigh","2","144","North Dakota","6/9/20","130","14","38015","10.77"
"Cass","24","1930","North Dakota","6/9/20","1762","168","38017","9.53"
"Dickey","0","1","North Dakota","6/9/20","1","0","38021","0"
"Divide","0","1","North Dakota","6/9/20","1","0","38023","0"
"Dunn","0","11","North Dakota","6/9/20","11","0","38025","0"
"Eddy","0","5","North Dakota","6/9/20","4","1","38027","25"
"Emmons","0","4","North Dakota","6/9/20","4","0","38029","0"
"Foster","0","1","North Dakota","6/9/20","1","0","38031","0"
"Grand Forks","1","339","North Dakota","6/9/20","335","4","38035","1.19"
"Grant","0","2","North Dakota","6/9/20","2","0","38037","0"
"Griggs","0","1","North Dakota","6/9/20","1","0","38039","0"
"Kidder","0","1","North Dakota","6/9/20","0","1","38043","1"
"LaMoure","0","1","North Dakota","6/9/20","0","1","38045","1"
"McHenry","0","2","North Dakota","6/9/20","2","0","38049","0"
"McIntosh","0","1","North Dakota","6/9/20","1","0","38051","0"
"McKenzie","0","18","North Dakota","6/9/20","17","1","38053","5.88"
"McLean","0","8","North Dakota","6/9/20","7","1","38055","14.29"
"Mercer","0","6","North Dakota","6/9/20","5","1","38057","20"
"Morton","0","60","North Dakota","6/9/20","60","0","38059","0"
"Mountrail","0","43","North Dakota","6/9/20","41","2","38061","4.88"
"Nelson","0","1","North Dakota","6/9/20","1","0","38063","0"
"Oliver","0","1","North Dakota","6/9/20","1","0","38065","0"
"Pembina","0","6","North Dakota","6/9/20","6","0","38067","0"
"Pierce","0","3","North Dakota","6/9/20","3","0","38069","0"
"Ramsey","0","8","North Dakota","6/9/20","8","0","38071","0"
"Ransom","0","11","North Dakota","6/9/20","9","2","38073","22.22"
"Renville","0","3","North Dakota","6/9/20","3","0","38075","0"
"Richland","1","30","North Dakota","6/9/20","22","8","38077","36.36"
"Rolette","0","7","North Dakota","6/9/20","6","1","38079","16.67"
"Sargent","0","4","North Dakota","6/9/20","3","1","38081","33.33"
"Sheridan","0","1","North Dakota","6/9/20","0","1","38083","1"
"Sioux","0","2","North Dakota","6/9/20","1","1","38085","100"
"Slope","0","3","North Dakota","6/9/20","3","0","38087","0"
"Stark","0","63","North Dakota","6/9/20","62","1","38089","1.61"
"Steele","0","1","North Dakota","6/9/20","1","0","38091","0"
"Stutsman","4","49","North Dakota","6/9/20","24","25","38093","104.17"
"Traill","0","14","North Dakota","6/9/20","14","0","38097","0"
"Walsh","0","16","North Dakota","6/9/20","14","2","38099","14.29"
"Ward","1","44","North Dakota","6/9/20","38","6","38101","15.79"
"Wells","1","8","North Dakota","6/9/20","3","5","38103","166.67"
"Williams","0","25","North Dakota","6/9/20","25","0","38105","0"
"","1","30","Northern Mariana Islands","6/9/20","23","7",,"30.43"
"Adams","0","11","Ohio","6/9/20","10","1","39001","10"
"Allen","2","227","Ohio","6/9/20","212","15","39003","7.08"
"Ashland","1","25","Ohio","6/9/20","20","5","39005","25"
"Ashtabula","5","375","Ohio","6/9/20","340","35","39007","10.29"
"Athens","0","18","Ohio","6/9/20","18","0","39009","0"
"Auglaize","1","80","Ohio","6/9/20","75","5","39011","6.67"
"Belmont","2","455","Ohio","6/9/20","438","17","39013","3.88"
"Brown","1","32","Ohio","6/9/20","28","4","39015","14.29"
"Butler","16","1034","Ohio","6/9/20","919","115","39017","12.51"
"Carroll","1","36","Ohio","6/9/20","31","5","39019","16.13"
"Champaign","1","35","Ohio","6/9/20","28","7","39021","25"
"Clark","11","377","Ohio","6/9/20","298","79","39023","26.51"
"Clermont","3","234","Ohio","6/9/20","215","19","39025","8.84"
"Clinton","1","48","Ohio","6/9/20","43","5","39027","11.63"
"Columbiana","3","901","Ohio","6/9/20","881","20","39029","2.27"
"Coshocton","1","48","Ohio","6/9/20","41","7","39031","17.07"
"Crawford","1","121","Ohio","6/9/20","116","5","39033","4.31"
"Cuyahoga","51","4939","Ohio","6/9/20","4581","358","39035","7.81"
"Darke","2","194","Ohio","6/9/20","181","13","39037","7.18"
"Defiance","1","38","Ohio","6/9/20","34","4","39039","11.76"
"Delaware","5","378","Ohio","6/9/20","340","38","39041","11.18"
"Erie","2","191","Ohio","6/9/20","178","13","39043","7.3"
"Fairfield","5","336","Ohio","6/9/20","301","35","39045","11.63"
"Fayette","0","43","Ohio","6/9/20","40","3","39047","7.5"
"Franklin","96","6667","Ohio","6/9/20","5996","671","39049","11.19"
"Fulton","1","51","Ohio","6/9/20","44","7","39051","15.91"
"Gallia","0","9","Ohio","6/9/20","8","1","39053","12.5"
"Geauga","4","317","Ohio","6/9/20","292","25","39055","8.56"
"Greene","3","120","Ohio","6/9/20","102","18","39057","17.65"
"Guernsey","1","44","Ohio","6/9/20","36","8","39059","22.22"
"Hamilton","28","2918","Ohio","6/9/20","2721","197","39061","7.24"
"Hancock","1","60","Ohio","6/9/20","51","9","39063","17.65"
"Hardin","2","77","Ohio","6/9/20","61","16","39065","26.23"
"Harrison","0","10","Ohio","6/9/20","10","0","39067","0"
"Henry","0","19","Ohio","6/9/20","16","3","39069","18.75"
"Highland","1","30","Ohio","6/9/20","26","4","39071","15.38"
"Hocking","0","73","Ohio","6/9/20","70","3","39073","4.29"
"Holmes","3","69","Ohio","6/9/20","45","24","39075","53.33"
"Huron","1","64","Ohio","6/9/20","60","4","39077","6.67"
"Jackson","0","16","Ohio","6/9/20","14","2","39079","14.29"
"Jefferson","0","69","Ohio","6/9/20","66","3","39081","4.55"
"Knox","1","29","Ohio","6/9/20","25","4","39083","16"
"Lake","4","337","Ohio","6/9/20","309","28","39085","9.06"
"Lawrence","0","30","Ohio","6/9/20","30","0","39087","0"
"Licking","4","284","Ohio","6/9/20","258","26","39089","10.08"
"Logan","1","46","Ohio","6/9/20","40","6","39091","15"
"Lorain","8","757","Ohio","6/9/20","702","55","39093","7.83"
"Lucas","13","2372","Ohio","6/9/20","2282","90","39095","3.94"
"Madison","1","167","Ohio","6/9/20","157","10","39097","6.37"
"Mahoning","9","1522","Ohio","6/9/20","1456","66","39099","4.53"
"Marion","3","2695","Ohio","6/9/20","2674","21","39101","0.79"
"Medina","5","390","Ohio","6/9/20","356","34","39103","9.55"
"Meigs","0","6","Ohio","6/9/20","6","0","39105","0"
"Mercer","3","237","Ohio","6/9/20","217","20","39107","9.22"
"Miami","2","376","Ohio","6/9/20","361","15","39109","4.16"
"Monroe","0","81","Ohio","6/9/20","79","2","39111","2.53"
"Montgomery","21","835","Ohio","6/9/20","688","147","39113","21.37"
"Morgan","0","6","Ohio","6/9/20","5","1","39115","20"
"Morrow","0","108","Ohio","6/9/20","107","1","39117","0.93"
"Muskingum","1","57","Ohio","6/9/20","52","5","39119","9.62"
"Noble","0","6","Ohio","6/9/20","6","0","39121","0"
"Ottawa","1","112","Ohio","6/9/20","103","9","39123","8.74"
"Paulding","0","14","Ohio","6/9/20","14","0","39125","0"
"Perry","0","21","Ohio","6/9/20","19","2","39127","10.53"
"Pickaway","2","2109","Ohio","6/9/20","2092","17","39129","0.81"
"Pike","0","9","Ohio","6/9/20","8","1","39131","12.5"
"Portage","2","344","Ohio","6/9/20","329","15","39133","4.56"
"Preble","0","39","Ohio","6/9/20","39","0","39135","0"
"Putnam","1","98","Ohio","6/9/20","93","5","39137","5.38"
"Richland","4","232","Ohio","6/9/20","205","27","39139","13.17"
"Ross","0","75","Ohio","6/9/20","73","2","39141","2.74"
"Sandusky","2","98","Ohio","6/9/20","82","16","39143","19.51"
"Scioto","0","19","Ohio","6/9/20","17","2","39145","11.76"
"Seneca","1","28","Ohio","6/9/20","21","7","39147","33.33"
"Shelby","1","49","Ohio","6/9/20","43","6","39149","13.95"
"Stark","12","827","Ohio","6/9/20","743","84","39151","11.31"
"Summit","17","1592","Ohio","6/9/20","1475","117","39153","7.93"
"Trumbull","5","618","Ohio","6/9/20","584","34","39155","5.82"
"Tuscarawas","4","382","Ohio","6/9/20","352","30","39157","8.52"
"Union","1","61","Ohio","6/9/20","52","9","39159","17.31"
"Van Wert","0","8","Ohio","6/9/20","7","1","39161","14.29"
"Vinton","0","21","Ohio","6/9/20","21","0","39163","0"
"Warren","9","443","Ohio","6/9/20","383","60","39165","15.67"
"Washington","0","118","Ohio","6/9/20","118","0","39167","0"
"Wayne","3","301","Ohio","6/9/20","281","20","39169","7.12"
"Williams","0","58","Ohio","6/9/20","55","3","39171","5.45"
"Wood","1","308","Ohio","6/9/20","300","8","39173","2.67"
"Wyandot","0","48","Ohio","6/9/20","45","3","39175","6.67"
"Adair","1","95","Oklahoma","6/9/20","91","4","40001","4.4"
"Alfalfa","0","1","Oklahoma","6/9/20","1","0","40003","0"
"Atoka","0","5","Oklahoma","6/9/20","4","1","40005","25"
"Beaver","0","27","Oklahoma","6/9/20","24","3","40007","12.5"
"Beckham","0","7","Oklahoma","6/9/20","10","-3","40009","-30"
"Blaine","0","10","Oklahoma","6/9/20","7","3","40011","42.86"
"Bryan","1","40","Oklahoma","6/9/20","31","9","40013","29.03"
"Caddo","1","174","Oklahoma","6/9/20","164","10","40015","6.1"
"Canadian","1","143","Oklahoma","6/9/20","133","10","40017","7.52"
"Carter","1","55","Oklahoma","6/9/20","45","10","40019","22.22"
"Cherokee","1","37","Oklahoma","6/9/20","30","7","40021","23.33"
"Choctaw","3","100","Oklahoma","6/9/20","76","24","40023","31.58"
"Cimarron","0","1","Oklahoma","6/9/20","1","0","40025","0"
"Cleveland","3","529","Oklahoma","6/9/20","506","23","40027","4.55"
"Coal","0","5","Oklahoma","6/9/20","3","2","40029","66.67"
"Comanche","4","311","Oklahoma","6/9/20","285","26","40031","9.12"
"Cotton","0","5","Oklahoma","6/9/20","5","0","40033","0"
"Craig","0","16","Oklahoma","6/9/20","15","1","40035","6.67"
"Creek","1","101","Oklahoma","6/9/20","96","5","40037","5.21"
"Custer","1","35","Oklahoma","6/9/20","26","9","40039","34.62"
"Delaware","0","103","Oklahoma","6/9/20","100","3","40041","3"
"Dewey","0","2","Oklahoma","6/9/20","3","-1","40043","-33.33"
"Garfield","1","31","Oklahoma","6/9/20","27","4","40047","14.81"
"Garvin","0","20","Oklahoma","6/9/20","18","2","40049","11.11"
"Grady","2","115","Oklahoma","6/9/20","99","16","40051","16.16"
"Grant","0","2","Oklahoma","6/9/20","2","0","40053","0"
"Greer","0","66","Oklahoma","6/9/20","66","0","40055","0"
"Harper","0","1","Oklahoma","6/9/20","1","0","40059","0"
"Haskell","0","6","Oklahoma","6/9/20","6","0","40061","0"
"Hughes","0","3","Oklahoma","6/9/20","3","0","40063","0"
"Jackson","0","29","Oklahoma","6/9/20","27","2","40065","7.41"
"Jefferson","0","4","Oklahoma","6/9/20","4","0","40067","0"
"Johnston","0","3","Oklahoma","6/9/20","3","0","40069","0"
"Kay","1","60","Oklahoma","6/9/20","56","4","40071","7.14"
"Kingfisher","0","12","Oklahoma","6/9/20","11","1","40073","9.09"
"Kiowa","0","6","Oklahoma","6/9/20","6","0","40075","0"
"Latimer","0","5","Oklahoma","6/9/20","5","0","40077","0"
"Le Flore","0","16","Oklahoma","6/9/20","14","2","40079","14.29"
"Lincoln","0","22","Oklahoma","6/9/20","22","0","40081","0"
"Logan","0","21","Oklahoma","6/9/20","19","2","40083","10.53"
"Love","1","21","Oklahoma","6/9/20","16","5","40085","31.25"
"Major","0","6","Oklahoma","6/9/20","6","0","40093","0"
"Marshall","0","11","Oklahoma","6/9/20","8","3","40095","37.5"
"Mayes","1","35","Oklahoma","6/9/20","30","5","40097","16.67"
"McClain","1","110","Oklahoma","6/9/20","106","4","40087","3.77"
"McCurtain","5","109","Oklahoma","6/9/20","71","38","40089","53.52"
"McIntosh","0","14","Oklahoma","6/9/20","12","2","40091","16.67"
"Murray","0","6","Oklahoma","6/9/20","4","2","40099","50"
"Muskogee","3","67","Oklahoma","6/9/20","49","18","40101","36.73"
"Noble","0","7","Oklahoma","6/9/20","7","0","40103","0"
"Nowata","0","24","Oklahoma","6/9/20","23","1","40105","4.35"
"Okfuskee","0","6","Oklahoma","6/9/20","5","1","40107","20"
"Oklahoma","16","1404","Oklahoma","6/9/20","1294","110","40109","8.5"
"Okmulgee","1","29","Oklahoma","6/9/20","25","4","40111","16"
"Osage","1","102","Oklahoma","6/9/20","95","7","40113","7.37"
"Ottawa","0","35","Oklahoma","6/9/20","35","0","40115","0"
"Pawnee","0","34","Oklahoma","6/9/20","31","3","40117","9.68"
"Payne","1","52","Oklahoma","6/9/20","46","6","40119","13.04"
"Pittsburg","0","43","Oklahoma","6/9/20","41","2","40121","4.88"
"Pontotoc","1","20","Oklahoma","6/9/20","15","5","40123","33.33"
"Pottawatomie","0","65","Oklahoma","6/9/20","63","2","40125","3.17"
"Pushmataha","0","5","Oklahoma","6/9/20","3","2","40127","66.67"
"Rogers","1","89","Oklahoma","6/9/20","82","7","40131","8.54"
"Seminole","1","30","Oklahoma","6/9/20","26","4","40133","15.38"
"Sequoyah","0","18","Oklahoma","6/9/20","15","3","40135","20"
"Stephens","1","43","Oklahoma","6/9/20","38","5","40137","13.16"
"Texas","3","954","Oklahoma","6/9/20","934","20","40139","2.14"
"Tillman","0","23","Oklahoma","6/9/20","23","0","40141","0"
"Tulsa","29","1261","Oklahoma","6/9/20","1057","204","40143","19.3"
"Wagoner","1","158","Oklahoma","6/9/20","150","8","40145","5.33"
"Washington","2","343","Oklahoma","6/9/20","327","16","40147","4.89"
"Washita","0","2","Oklahoma","6/9/20","2","0","40149","0"
"Woods","0","5","Oklahoma","6/9/20","3","2","40151","66.67"
"Woodward","0","8","Oklahoma","6/9/20","5","3","40153","60"
"Baker","0","1","Oregon","6/9/20","1","0","41001","0"
"Benton","1","63","Oregon","6/9/20","56","7","41003","12.5"
"Clackamas","11","393","Oregon","6/9/20","317","76","41005","23.97"
"Clatsop","0","45","Oregon","6/9/20","45","0","41007","0"
"Columbia","0","17","Oregon","6/9/20","16","1","41009","6.25"
"Coos","0","32","Oregon","6/9/20","31","1","41011","3.23"
"Crook","0","6","Oregon","6/9/20","6","0","41013","0"
"Curry","0","7","Oregon","6/9/20","7","0","41015","0"
"Deschutes","1","134","Oregon","6/9/20","127","7","41017","5.51"
"Douglas","0","29","Oregon","6/9/20","27","2","41019","7.41"
"Grant","0","1","Oregon","6/9/20","1","0","41023","0"
"Harney","0","1","Oregon","6/9/20","1","0","41025","0"
"Hood River","6","65","Oregon","6/9/20","22","43","41027","195.45"
"Jackson","1","71","Oregon","6/9/20","67","4","41029","5.97"
"Jefferson","2","58","Oregon","6/9/20","44","14","41031","31.82"
"Josephine","0","23","Oregon","6/9/20","24","-1","41033","-4.17"
"Klamath","0","46","Oregon","6/9/20","44","2","41035","4.55"
"Lake","0","2","Oregon","6/9/20","2","0","41037","0"
"Lane","1","81","Oregon","6/9/20","77","4","41039","5.19"
"Lincoln","20","157","Oregon","6/9/20","17","140","41041","823.53"
"Linn","1","124","Oregon","6/9/20","118","6","41043","5.08"
"Malheur","0","33","Oregon","6/9/20","32","1","41045","3.12"
"Marion","12","1066","Oregon","6/9/20","981","85","41047","8.66"
"Morrow","0","13","Oregon","6/9/20","12","1","41049","8.33"
"Multnomah","21","1329","Oregon","6/9/20","1181","148","41051","12.53"
"Polk","1","104","Oregon","6/9/20","100","4","41053","4"
"Sherman","0","1","Oregon","6/9/20","1","0","41055","0"
"Tillamook","0","6","Oregon","6/9/20","6","0","41057","0"
"Umatilla","3","144","Oregon","6/9/20","121","23","41059","19.01"
"Union","0","7","Oregon","6/9/20","6","1","41061","16.67"
"Wallowa","0","3","Oregon","6/9/20","2","1","41063","50"
"Wasco","1","34","Oregon","6/9/20","26","8","41065","30.77"
"Washington","9","807","Oregon","6/9/20","747","60","41067","8.03"
"Yamhill","2","85","Oregon","6/9/20","70","15","41071","21.43"
"Adams","3","275","Pennsylvania","6/9/20","255","20","42001","7.84"
"Allegheny","14","2027","Pennsylvania","6/9/20","1928","99","42003","5.13"
"Armstrong","0","65","Pennsylvania","6/9/20","62","3","42005","4.84"
"Beaver","2","608","Pennsylvania","6/9/20","591","17","42007","2.88"
"Bedford","1","45","Pennsylvania","6/9/20","40","5","42009","12.5"
"Berks","18","4236","Pennsylvania","6/9/20","4107","129","42011","3.14"
"Blair","0","53","Pennsylvania","6/9/20","51","2","42013","3.92"
"Bradford","0","46","Pennsylvania","6/9/20","48","-2","42015","-4.17"
"Bucks","27","5304","Pennsylvania","6/9/20","5116","188","42017","3.67"
"Butler","2","249","Pennsylvania","6/9/20","232","17","42019","7.33"
"Cambria","0","60","Pennsylvania","6/9/20","59","1","42021","1.69"
"Cameron","0","2","Pennsylvania","6/9/20","2","0","42023","0"
"Carbon","2","253","Pennsylvania","6/9/20","241","12","42025","4.98"
"Centre","0","157","Pennsylvania","6/9/20","154","3","42027","1.95"
"Chester","44","3134","Pennsylvania","6/9/20","2823","311","42029","11.02"
"Clarion","0","29","Pennsylvania","6/9/20","27","2","42031","7.41"
"Clearfield","1","48","Pennsylvania","6/9/20","42","6","42033","14.29"
"Clinton","0","61","Pennsylvania","6/9/20","60","1","42035","1.67"
"Columbia","3","367","Pennsylvania","6/9/20","349","18","42037","5.16"
"Crawford","0","31","Pennsylvania","6/9/20","29","2","42039","6.9"
"Cumberland","6","683","Pennsylvania","6/9/20","644","39","42041","6.06"
"Dauphin","24","1525","Pennsylvania","6/9/20","1359","166","42043","12.21"
"Delaware","34","6733","Pennsylvania","6/9/20","6496","237","42045","3.65"
"Elk","0","6","Pennsylvania","6/9/20","6","0","42047","0"
"Erie","13","396","Pennsylvania","6/9/20","307","89","42049","28.99"
"Fayette","0","95","Pennsylvania","6/9/20","95","0","42051","0"
"Forest","0","7","Pennsylvania","6/9/20","7","0","42053","0"
"Franklin","3","800","Pennsylvania","6/9/20","781","19","42055","2.43"
"Fulton","0","16","Pennsylvania","6/9/20","15","1","42057","6.67"
"Greene","0","28","Pennsylvania","6/9/20","27","1","42059","3.7"
"Huntingdon","1","236","Pennsylvania","6/9/20","231","5","42061","2.16"
"Indiana","0","92","Pennsylvania","6/9/20","91","1","42063","1.1"
"Jefferson","1","16","Pennsylvania","6/9/20","12","4","42065","33.33"
"Juniata","1","101","Pennsylvania","6/9/20","95","6","42067","6.32"
"Lackawanna","5","1587","Pennsylvania","6/9/20","1555","32","42069","2.06"
"Lancaster","48","3554","Pennsylvania","6/9/20","3218","336","42071","10.44"
"Lawrence","1","85","Pennsylvania","6/9/20","81","4","42073","4.94"
"Lebanon","15","1086","Pennsylvania","6/9/20","980","106","42075","10.82"
"Lehigh","16","3890","Pennsylvania","6/9/20","3780","110","42077","2.91"
"Luzerne","7","2798","Pennsylvania","6/9/20","2750","48","42079","1.75"
"Lycoming","1","168","Pennsylvania","6/9/20","164","4","42081","2.44"
"McKean","0","13","Pennsylvania","6/9/20","12","1","42083","8.33"
"Mercer","1","113","Pennsylvania","6/9/20","107","6","42085","5.61"
"Mifflin","0","59","Pennsylvania","6/9/20","59","0","42087","0"
"Monroe","2","1342","Pennsylvania","6/9/20","1325","17","42089","1.28"
"Montgomery","71","7672","Pennsylvania","6/9/20","7172","500","42091","6.97"
"Montour","0","53","Pennsylvania","6/9/20","53","0","42093","0"
"Northampton","10","3175","Pennsylvania","6/9/20","3108","67","42095","2.16"
"Northumberland","2","211","Pennsylvania","6/9/20","198","13","42097","6.57"
"Perry","1","68","Pennsylvania","6/9/20","62","6","42099","9.68"
"Philadelphia","113","23822","Pennsylvania","6/9/20","23034","788","42101","3.42"
"Pike","1","482","Pennsylvania","6/9/20","478","4","42103","0.84"
"Potter","1","11","Pennsylvania","6/9/20","4","7","42105","175"
"Schuylkill","2","659","Pennsylvania","6/9/20","643","16","42107","2.49"
"Snyder","2","57","Pennsylvania","6/9/20","45","12","42109","26.67"
"Somerset","0","39","Pennsylvania","6/9/20","38","1","42111","2.63"
"Sullivan","0","3","Pennsylvania","6/9/20","3","0","42113","0"
"Susquehanna","6","154","Pennsylvania","6/9/20","110","44","42115","40"
"Tioga","0","19","Pennsylvania","6/9/20","19","0","42117","0"
"Union","2","74","Pennsylvania","6/9/20","60","14","42119","23.33"
"Venango","1","16","Pennsylvania","6/9/20","9","7","42121","77.78"
"Warren","0","5","Pennsylvania","6/9/20","3","2","42123","66.67"
"Washington","1","150","Pennsylvania","6/9/20","140","10","42125","7.14"
"Wayne","1","124","Pennsylvania","6/9/20","120","4","42127","3.33"
"Westmoreland","2","467","Pennsylvania","6/9/20","451","16","42129","3.55"
"Wyoming","0","36","Pennsylvania","6/9/20","34","2","42131","5.88"
"York","9","1094","Pennsylvania","6/9/20","1028","66","42133","6.42"
"","179","5185","Puerto Rico","6/9/20","3935","1250",,"31.77"
"Bristol","1","231","Rhode Island","6/9/20","224","7","44001","3.12"
"Kent","8","1105","Rhode Island","6/9/20","1052","53","44003","5.04"
"Newport","4","269","Rhode Island","6/9/20","244","25","44005","10.25"
"Providence","130","11959","Rhode Island","6/9/20","11052","907","44007","8.21"
"Washington","2","513","Rhode Island","6/9/20","499","14","44009","2.81"
"Abbeville","2","60","South Carolina","6/9/20","46","14","45001","30.43"
"Aiken","1","213","South Carolina","6/9/20","208","5","45003","2.4"
"Allendale","0","39","South Carolina","6/9/20","38","1","45005","2.63"
"Anderson","6","289","South Carolina","6/9/20","244","45","45007","18.44"
"Bamberg","2","36","South Carolina","6/9/20","23","13","45009","56.52"
"Barnwell","1","54","South Carolina","6/9/20","48","6","45011","12.5"
"Beaufort","9","464","South Carolina","6/9/20","398","66","45013","16.58"
"Berkeley","7","291","South Carolina","6/9/20","242","49","45015","20.25"
"Calhoun","1","23","South Carolina","6/9/20","15","8","45017","53.33"
"Charleston","27","835","South Carolina","6/9/20","646","189","45019","29.26"
"Cherokee","4","74","South Carolina","6/9/20","43","31","45021","72.09"
"Chester","3","110","South Carolina","6/9/20","87","23","45023","26.44"
"Chesterfield","8","256","South Carolina","6/9/20","203","53","45025","26.11"
"Clarendon","1","309","South Carolina","6/9/20","302","7","45027","2.32"
"Colleton","5","148","South Carolina","6/9/20","114","34","45029","29.82"
"Darlington","4","333","South Carolina","6/9/20","308","25","45031","8.12"
"Dillon","3","189","South Carolina","6/9/20","170","19","45033","11.18"
"Dorchester","8","219","South Carolina","6/9/20","165","54","45035","32.73"
"Edgefield","1","55","South Carolina","6/9/20","51","4","45037","7.84"
"Fairfield","5","216","South Carolina","6/9/20","181","35","45039","19.34"
"Florence","7","727","South Carolina","6/9/20","678","49","45041","7.23"
"Georgetown","3","100","South Carolina","6/9/20","78","22","45043","28.21"
"Greenville","67","2222","South Carolina","6/9/20","1751","471","45045","26.9"
"Greenwood","7","198","South Carolina","6/9/20","148","50","45047","33.78"
"Hampton","1","46","South Carolina","6/9/20","38","8","45049","21.05"
"Horry","35","720","South Carolina","6/9/20","472","248","45051","52.54"
"Jasper","1","50","South Carolina","6/9/20","43","7","45053","16.28"
"Kershaw","7","391","South Carolina","6/9/20","339","52","45055","15.34"
"Lancaster","7","214","South Carolina","6/9/20","166","48","45057","28.92"
"Laurens","4","97","South Carolina","6/9/20","69","28","45059","40.58"
"Lee","1","231","South Carolina","6/9/20","221","10","45061","4.52"
"Lexington","34","913","South Carolina","6/9/20","677","236","45063","34.86"
"Marion","2","83","South Carolina","6/9/20","72","11","45067","15.28"
"Marlboro","4","211","South Carolina","6/9/20","183","28","45069","15.3"
"McCormick","0","11","South Carolina","6/9/20","9","2","45065","22.22"
"Newberry","3","87","South Carolina","6/9/20","63","24","45071","38.1"
"Oconee","1","61","South Carolina","6/9/20","55","6","45073","10.91"
"Orangeburg","10","283","South Carolina","6/9/20","210","73","45075","34.76"
"Pickens","5","212","South Carolina","6/9/20","174","38","45077","21.84"
"Richland","47","1873","South Carolina","6/9/20","1542","331","45079","21.47"
"Saluda","1","154","South Carolina","6/9/20","148","6","45081","4.05"
"Spartanburg","26","825","South Carolina","6/9/20","645","180","45083","27.91"
"Sumter","14","494","South Carolina","6/9/20","396","98","45085","24.75"
"Union","0","41","South Carolina","6/9/20","40","1","45087","2.5"
"Williamsburg","2","261","South Carolina","6/9/20","245","16","45089","6.53"
"York","13","510","South Carolina","6/9/20","421","89","45091","21.14"
"Aurora","0","29","South Dakota","6/9/20","26","3","46003","11.54"
"Beadle","16","386","South Dakota","6/9/20","276","110","46005","39.86"
"Bon Homme","0","8","South Dakota","6/9/20","8","0","46009","0"
"Brookings","1","24","South Dakota","6/9/20","17","7","46011","41.18"
"Brown","3","303","South Dakota","6/9/20","281","22","46013","7.83"
"Brule","0","2","South Dakota","6/9/20","0","2","46015","1"
"Buffalo","1","29","South Dakota","6/9/20","21","8","46017","38.1"
"Charles Mix","0","20","South Dakota","6/9/20","18","2","46023","11.11"
"Clark","0","5","South Dakota","6/9/20","4","1","46025","25"
"Clay","3","39","South Dakota","6/9/20","15","24","46027","160"
"Codington","1","43","South Dakota","6/9/20","37","6","46029","16.22"
"Corson","0","4","South Dakota","6/9/20","4","0","46031","0"
"Custer","0","1","South Dakota","6/9/20","0","1","46033","1"
"Davison","2","30","South Dakota","6/9/20","16","14","46035","87.5"
"Day","0","13","South Dakota","6/9/20","13","0","46037","0"
"Deuel","0","1","South Dakota","6/9/20","1","0","46039","0"
"Dewey","0","1","South Dakota","6/9/20","1","0","46041","0"
"Douglas","0","4","South Dakota","6/9/20","3","1","46043","33.33"
"Edmunds","0","4","South Dakota","6/9/20","1","3","46045","300"
"Fall River","0","6","South Dakota","6/9/20","5","1","46047","20"
"Faulk","1","6","South Dakota","6/9/20","1","5","46049","500"
"Grant","0","13","South Dakota","6/9/20","13","0","46051","0"
"Gregory","0","1","South Dakota","6/9/20","1","0","46053","0"
"Hamlin","1","8","South Dakota","6/9/20","4","4","46057","100"
"Hand","0","5","South Dakota","6/9/20","2","3","46059","150"
"Hanson","0","3","South Dakota","6/9/20","0","3","46061","1"
"Hughes","0","21","South Dakota","6/9/20","19","2","46065","10.53"
"Hutchinson","0","6","South Dakota","6/9/20","6","0","46067","0"
"Hyde","0","3","South Dakota","6/9/20","1","2","46069","200"
"Jackson","0","4","South Dakota","6/9/20","4","0","46071","0"
"Jerauld","1","40","South Dakota","6/9/20","35","5","46073","14.29"
"Kingsbury","0","5","South Dakota","6/9/20","2","3","46077","150"
"Lake","1","13","South Dakota","6/9/20","8","5","46079","62.5"
"Lawrence","0","12","South Dakota","6/9/20","11","1","46081","9.09"
"Lincoln","2","255","South Dakota","6/9/20","239","16","46083","6.69"
"Lyman","2","27","South Dakota","6/9/20","14","13","46085","92.86"
"Marshall","0","4","South Dakota","6/9/20","4","0","46091","0"
"McCook","0","6","South Dakota","6/9/20","6","0","46087","0"
"McPherson","0","3","South Dakota","6/9/20","1","2","46089","200"
"Meade","1","26","South Dakota","6/9/20","22","4","46093","18.18"
"Miner","0","3","South Dakota","6/9/20","2","1","46097","50"
"Minnehaha","8","3418","South Dakota","6/9/20","3362","56","46099","1.67"
"Moody","0","19","South Dakota","6/9/20","19","0","46101","0"
"Oglala Lakota","1","40","South Dakota","6/9/20","31","9","46102","29.03"
"Pennington","11","321","South Dakota","6/9/20","241","80","46103","33.2"
"Roberts","0","39","South Dakota","6/9/20","36","3","46109","8.33"
"Sanborn","0","13","South Dakota","6/9/20","13","0","46111","0"
"Spink","0","5","South Dakota","6/9/20","5","0","46115","0"
"Stanley","0","10","South Dakota","6/9/20","10","0","46117","0"
"Sully","0","1","South Dakota","6/9/20","1","0","46119","0"
"Todd","2","42","South Dakota","6/9/20","28","14","46121","50"
"Tripp","0","6","South Dakota","6/9/20","6","0","46123","0"
"Turner","0","25","South Dakota","6/9/20","25","0","46125","0"
"Union","2","103","South Dakota","6/9/20","91","12","46127","13.19"
"Walworth","0","5","South Dakota","6/9/20","5","0","46129","0"
"Yankton","1","58","South Dakota","6/9/20","51","7","46135","13.73"
"Ziebach","0","2","South Dakota","6/9/20","1","1","46137","100"
"Anderson","1","50","Tennessee","6/9/20","41","9","47001","21.95"
"Bedford","7","341","Tennessee","6/9/20","295","46","47003","15.59"
"Benton","0","8","Tennessee","6/9/20","7","1","47005","14.29"
"Bledsoe","0","611","Tennessee","6/9/20","609","2","47007","0.33"
"Blount","0","96","Tennessee","6/9/20","93","3","47009","3.23"
"Bradley","11","233","Tennessee","6/9/20","157","76","47011","48.41"
"Campbell","0","18","Tennessee","6/9/20","18","0","47013","0"
"Cannon","0","34","Tennessee","6/9/20","31","3","47015","9.68"
"Carroll","0","28","Tennessee","6/9/20","28","0","47017","0"
"Carter","0","19","Tennessee","6/9/20","19","0","47019","0"
"Cheatham","2","146","Tennessee","6/9/20","134","12","47021","8.96"
"Chester","0","12","Tennessee","6/9/20","12","0","47023","0"
"Claiborne","0","14","Tennessee","6/9/20","12","2","47025","16.67"
"Clay","0","9","Tennessee","6/9/20","8","1","47027","12.5"
"Cocke","0","22","Tennessee","6/9/20","21","1","47029","4.76"
"Coffee","1","84","Tennessee","6/9/20","74","10","47031","13.51"
"Crockett","0","16","Tennessee","6/9/20","16","0","47033","0"
"Cumberland","1","126","Tennessee","6/9/20","118","8","47035","6.78"
"Davidson","115","6125","Tennessee","6/9/20","5323","802","47037","15.07"
"Decatur","0","6","Tennessee","6/9/20","5","1","47039","20"
"DeKalb","0","41","Tennessee","6/9/20","40","1","47041","2.5"
"Dickson","2","127","Tennessee","6/9/20","116","11","47043","9.48"
"Dyer","2","70","Tennessee","6/9/20","55","15","47045","27.27"
"Fayette","5","159","Tennessee","6/9/20","121","38","47047","31.4"
"Fentress","0","13","Tennessee","6/9/20","12","1","47049","8.33"
"Franklin","0","55","Tennessee","6/9/20","54","1","47051","1.85"
"Gibson","0","64","Tennessee","6/9/20","62","2","47053","3.23"
"Giles","1","19","Tennessee","6/9/20","12","7","47055","58.33"
"Grainger","1","16","Tennessee","6/9/20","11","5","47057","45.45"
"Greene","0","52","Tennessee","6/9/20","52","0","47059","0"
"Grundy","0","32","Tennessee","6/9/20","31","1","47061","3.23"
"Hamblen","3","62","Tennessee","6/9/20","43","19","47063","44.19"
"Hamilton","30","1122","Tennessee","6/9/20","910","212","47065","23.3"
"Hancock","0","1","Tennessee","6/9/20","1","0","47067","0"
"Hardeman","1","212","Tennessee","6/9/20","202","10","47069","4.95"
"Hardin","2","30","Tennessee","6/9/20","18","12","47071","66.67"
"Hawkins","0","34","Tennessee","6/9/20","35","-1","47073","-2.86"
"Haywood","0","35","Tennessee","6/9/20","32","3","47075","9.38"
"Henderson","0","16","Tennessee","6/9/20","15","1","47077","6.67"
"Henry","0","33","Tennessee","6/9/20","31","2","47079","6.45"
"Hickman","0","60","Tennessee","6/9/20","58","2","47081","3.45"
"Houston","0","9","Tennessee","6/9/20","8","1","47083","12.5"
"Humphreys","0","18","Tennessee","6/9/20","15","3","47085","20"
"Jackson","0","19","Tennessee","6/9/20","19","0","47087","0"
"Jefferson","0","31","Tennessee","6/9/20","28","3","47089","10.71"
"Johnson","1","22","Tennessee","6/9/20","16","6","47091","37.5"
"Knox","12","491","Tennessee","6/9/20","410","81","47093","19.76"
"Lake","-5","730","Tennessee","6/9/20","765","-35","47095","-4.58"
"Lauderdale","0","60","Tennessee","6/9/20","59","1","47097","1.69"
"Lawrence","1","41","Tennessee","6/9/20","32","9","47099","28.12"
"Lewis","0","4","Tennessee","6/9/20","3","1","47101","33.33"
"Lincoln","1","33","Tennessee","6/9/20","28","5","47103","17.86"
"Loudon","2","171","Tennessee","6/9/20","154","17","47105","11.04"
"Macon","4","185","Tennessee","6/9/20","157","28","47111","17.83"
"Madison","1","181","Tennessee","6/9/20","175","6","47113","3.43"
"Marion","0","45","Tennessee","6/9/20","42","3","47115","7.14"
"Marshall","1","37","Tennessee","6/9/20","32","5","47117","15.62"
"Maury","3","124","Tennessee","6/9/20","102","22","47119","21.57"
"McMinn","2","159","Tennessee","6/9/20","143","16","47107","11.19"
"McNairy","1","23","Tennessee","6/9/20","15","8","47109","53.33"
"Meigs","0","27","Tennessee","6/9/20","27","0","47121","0"
"Monroe","1","75","Tennessee","6/9/20","66","9","47123","13.64"
"Montgomery","5","310","Tennessee","6/9/20","277","33","47125","11.91"
"Moore","0","5","Tennessee","6/9/20","4","1","47127","25"
"Morgan","0","19","Tennessee","6/9/20","17","2","47129","11.76"
"Obion","2","53","Tennessee","6/9/20","40","13","47131","32.5"
"Out of TN","4","457","Tennessee","6/9/20","426","31","80047","7.28"
"Overton","0","35","Tennessee","6/9/20","32","3","47133","9.38"
"Perry","0","24","Tennessee","6/9/20","23","1","47135","4.35"
"Pickett","0","4","Tennessee","6/9/20","3","1","47137","33.33"
"Polk","1","24","Tennessee","6/9/20","18","6","47139","33.33"
"Putnam","9","569","Tennessee","6/9/20","507","62","47141","12.23"
"Rhea","1","219","Tennessee","6/9/20","214","5","47143","2.34"
"Roane","1","23","Tennessee","6/9/20","16","7","47145","43.75"
"Robertson","10","580","Tennessee","6/9/20","511","69","47147","13.5"
"Rutherford","41","1568","Tennessee","6/9/20","1278","290","47149","22.69"
"Scott","0","13","Tennessee","6/9/20","12","1","47151","8.33"
"Sequatchie","0","21","Tennessee","6/9/20","19","2","47153","10.53"
"Sevier","10","158","Tennessee","6/9/20","90","68","47155","75.56"
"Shelby","116","6125","Tennessee","6/9/20","5313","812","47157","15.28"
"Smith","0","37","Tennessee","6/9/20","36","1","47159","2.78"
"Stewart","0","14","Tennessee","6/9/20","13","1","47161","7.69"
"Sullivan","1","66","Tennessee","6/9/20","60","6","47163","10"
"Sumner","14","1011","Tennessee","6/9/20","913","98","47165","10.73"
"Tipton","5","487","Tennessee","6/9/20","455","32","47167","7.03"
"Trousdale","0","1397","Tennessee","6/9/20","1396","1","47169","0.07"
"Unicoi","0","52","Tennessee","6/9/20","49","3","47171","6.12"
"Union","0","5","Tennessee","6/9/20","5","0","47173","0"
"Van Buren","0","4","Tennessee","6/9/20","4","0","47175","0"
"Warren","1","32","Tennessee","6/9/20","26","6","47177","23.08"
"Washington","2","86","Tennessee","6/9/20","75","11","47179","14.67"
"Wayne","0","64","Tennessee","6/9/20","64","0","47181","0"
"Weakley","0","26","Tennessee","6/9/20","26","0","47183","0"
"White","2","45","Tennessee","6/9/20","34","11","47185","32.35"
"Williamson","12","648","Tennessee","6/9/20","567","81","47187","14.29"
"Wilson","8","488","Tennessee","6/9/20","430","58","47189","13.49"
"Anderson","2","91","Texas","6/9/20","76","15","48001","19.74"
"Andrews","0","27","Texas","6/9/20","27","0","48003","0"
"Angelina","3","237","Texas","6/9/20","215","22","48005","10.23"
"Aransas","0","5","Texas","6/9/20","5","0","48007","0"
"Archer","0","3","Texas","6/9/20","1","2","48009","200"
"Armstrong","0","3","Texas","6/9/20","3","0","48011","0"
"Atascosa","1","42","Texas","6/9/20","37","5","48013","13.51"
"Austin","1","32","Texas","6/9/20","27","5","48015","18.52"
"Bailey","1","26","Texas","6/9/20","17","9","48017","52.94"
"Bandera","0","6","Texas","6/9/20","6","0","48019","0"
"Bastrop","7","270","Texas","6/9/20","220","50","48021","22.73"
"Baylor","0","1","Texas","6/9/20","0","1","48023","1"
"Bee","2","24","Texas","6/9/20","10","14","48025","140"
"Bell","12","473","Texas","6/9/20","391","82","48027","20.97"
"Bexar","71","3333","Texas","6/9/20","2839","494","48029","17.4"
"Blanco","0","12","Texas","6/9/20","11","1","48031","9.09"
"Bosque","0","7","Texas","6/9/20","7","0","48035","0"
"Bowie","12","351","Texas","6/9/20","270","81","48037","30"
"Brazoria","-23","770","Texas","6/9/20","929","-159","48039","-17.12"
"Brazos","21","634","Texas","6/9/20","487","147","48041","30.18"
"Brewster","0","1","Texas","6/9/20","1","0","48043","0"
"Briscoe","0","1","Texas","6/9/20","1","0","48045","0"
"Brooks","0","1","Texas","6/9/20","1","0","48047","0"
"Brown","0","60","Texas","6/9/20","59","1","48049","1.69"
"Burleson","1","35","Texas","6/9/20","25","10","48051","40"
"Burnet","2","55","Texas","6/9/20","39","16","48053","41.03"
"Caldwell","2","79","Texas","6/9/20","67","12","48055","17.91"
"Calhoun","1","41","Texas","6/9/20","37","4","48057","10.81"
"Callahan","0","10","Texas","6/9/20","9","1","48059","11.11"
"Cameron","20","919","Texas","6/9/20","776","143","48061","18.43"
"Camp","2","95","Texas","6/9/20","84","11","48063","13.1"
"Carson","0","6","Texas","6/9/20","6","0","48065","0"
"Cass","0","32","Texas","6/9/20","30","2","48067","6.67"
"Castro","0","36","Texas","6/9/20","33","3","48069","9.09"
"Chambers","2","83","Texas","6/9/20","68","15","48071","22.06"
"Cherokee","1","54","Texas","6/9/20","46","8","48073","17.39"
"Childress","0","4","Texas","6/9/20","2","2","48075","100"
"Clay","0","5","Texas","6/9/20","4","1","48077","25"
"Cochran","0","1","Texas","6/9/20","1","0","48079","0"
"Coke","0","1","Texas","6/9/20","1","0","48081","0"
"Coleman","0","3","Texas","6/9/20","3","0","48083","0"
"Collin","31","1528","Texas","6/9/20","1312","216","48085","16.46"
"Collingsworth","0","5","Texas","6/9/20","5","0","48087","0"
"Colorado","0","26","Texas","6/9/20","23","3","48089","13.04"
"Comal","3","121","Texas","6/9/20","100","21","48091","21"
"Comanche","0","12","Texas","6/9/20","12","0","48093","0"
"Concho","0","1","Texas","6/9/20","1","0","48095","0"
"Cooke","1","20","Texas","6/9/20","16","4","48097","25"
"Coryell","2","296","Texas","6/9/20","285","11","48099","3.86"
"Cottle","0","4","Texas","6/9/20","4","0","48101","0"
"Crane","0","28","Texas","6/9/20","25","3","48103","12"
"Crockett","1","4","Texas","6/9/20","0","4","48105","1"
"Crosby","0","3","Texas","6/9/20","4","-1","48107","-25"
"Dallam","0","29","Texas","6/9/20","26","3","48111","11.54"
"Dallas","275","12645","Texas","6/9/20","10719","1926","48113","17.97"
"Dawson","0","45","Texas","6/9/20","42","3","48115","7.14"
"Deaf Smith","2","183","Texas","6/9/20","166","17","48117","10.24"
"Delta","0","2","Texas","6/9/20","1","1","48119","100"
"Denton","18","1524","Texas","6/9/20","1398","126","48121","9.01"
"DeWitt","1","23","Texas","6/9/20","17","6","48123","35.29"
"Dickens","0","1","Texas","6/9/20","1","0","48125","0"
"Dimmit","0","1","Texas","6/9/20","1","0","48127","0"
"Donley","0","27","Texas","6/9/20","26","1","48129","3.85"
"Duval","0","5","Texas","6/9/20","5","0","48131","0"
"Eastland","0","7","Texas","6/9/20","6","1","48133","16.67"
"Ector","6","206","Texas","6/9/20","161","45","48135","27.95"
"El Paso","97","3512","Texas","6/9/20","2833","679","48141","23.97"
"Ellis","9","399","Texas","6/9/20","335","64","48139","19.1"
"Erath","2","29","Texas","6/9/20","17","12","48143","70.59"
"Falls","1","13","Texas","6/9/20","9","4","48145","44.44"
"Fannin","1","49","Texas","6/9/20","40","9","48147","22.5"
"Fayette","1","38","Texas","6/9/20","34","4","48149","11.76"
"Fisher","0","2","Texas","6/9/20","2","0","48151","0"
"Floyd","1","16","Texas","6/9/20","11","5","48153","45.45"
"Fort Bend","37","2138","Texas","6/9/20","1881","257","48157","13.66"
"Franklin","1","22","Texas","6/9/20","16","6","48159","37.5"
"Freestone","0","12","Texas","6/9/20","10","2","48161","20"
"Frio","2","50","Texas","6/9/20","37","13","48163","35.14"
"Gaines","0","9","Texas","6/9/20","7","2","48165","28.57"
"Galveston","26","1026","Texas","6/9/20","847","179","48167","21.13"
"Garza","0","6","Texas","6/9/20","5","1","48169","20"
"Gillespie","0","5","Texas","6/9/20","5","0","48171","0"
"Glasscock","0","1","Texas","6/9/20","1","0","48173","0"
"Goliad","0","7","Texas","6/9/20","7","0","48175","0"
"Gonzales","3","153","Texas","6/9/20","132","21","48177","15.91"
"Gray","1","105","Texas","6/9/20","100","5","48179","5"
"Grayson","6","384","Texas","6/9/20","342","42","48181","12.28"
"Gregg","5","272","Texas","6/9/20","236","36","48183","15.25"
"Grimes","4","245","Texas","6/9/20","218","27","48185","12.39"
"Guadalupe","2","147","Texas","6/9/20","133","14","48187","10.53"
"Hale","0","61","Texas","6/9/20","58","3","48189","5.17"
"Hall","0","2","Texas","6/9/20","2","0","48191","0"
"Hamilton","0","10","Texas","6/9/20","8","2","48193","25"
"Hansford","0","20","Texas","6/9/20","19","1","48195","5.26"
"Hardeman","0","4","Texas","6/9/20","1","3","48197","300"
"Hardin","1","142","Texas","6/9/20","138","4","48199","2.9"
"Harris","316","15238","Texas","6/9/20","13027","2211","48201","16.97"
"Harrison","2","258","Texas","6/9/20","247","11","48203","4.45"
"Hartley","0","12","Texas","6/9/20","12","0","48205","0"
"Haskell","0","3","Texas","6/9/20","3","0","48207","0"
"Hays","13","441","Texas","6/9/20","353","88","48209","24.93"
"Hemphill","0","1","Texas","6/9/20","1","0","48211","0"
"Henderson","2","71","Texas","6/9/20","59","12","48213","20.34"
"Hidalgo","25","759","Texas","6/9/20","584","175","48215","29.97"
"Hill","1","30","Texas","6/9/20","24","6","48217","25"
"Hockley","0","27","Texas","6/9/20","27","0","48219","0"
"Hood","1","31","Texas","6/9/20","27","4","48221","14.81"
"Hopkins","2","39","Texas","6/9/20","26","13","48223","50"
"Houston","5","152","Texas","6/9/20","114","38","48225","33.33"
"Howard","1","15","Texas","6/9/20","9","6","48227","66.67"
"Hudspeth","0","4","Texas","6/9/20","2","2","48229","100"
"Hunt","5","121","Texas","6/9/20","89","32","48231","35.96"
"Hutchinson","0","44","Texas","6/9/20","42","2","48233","4.76"
"Irion","0","1","Texas","6/9/20","1","0","48235","0"
"Jack","0","4","Texas","6/9/20","4","0","48237","0"
"Jackson","0","19","Texas","6/9/20","19","0","48239","0"
"Jasper","0","31","Texas","6/9/20","29","2","48241","6.9"
"Jefferson","12","647","Texas","6/9/20","562","85","48245","15.12"
"Jim Hogg","0","4","Texas","6/9/20","4","0","48247","0"
"Jim Wells","1","13","Texas","6/9/20","9","4","48249","44.44"
"Johnson","5","209","Texas","6/9/20","176","33","48251","18.75"
"Jones","4","637","Texas","6/9/20","606","31","48253","5.12"
"Karnes","0","4","Texas","6/9/20","4","0","48255","0"
"Kaufman","7","275","Texas","6/9/20","227","48","48257","21.15"
"Kendall","0","33","Texas","6/9/20","30","3","48259","10"
"Kerr","0","20","Texas","6/9/20","20","0","48265","0"
"Kimble","0","1","Texas","6/9/20","1","0","48267","0"
"Kinney","0","1","Texas","6/9/20","1","0","48271","0"
"Kleberg","0","20","Texas","6/9/20","17","3","48273","17.65"
"Knox","0","1","Texas","6/9/20","1","0","48275","0"
"La Salle","0","4","Texas","6/9/20","4","0","48283","0"
"Lamar","2","156","Texas","6/9/20","145","11","48277","7.59"
"Lamb","0","17","Texas","6/9/20","16","1","48279","6.25"
"Lampasas","0","9","Texas","6/9/20","9","0","48281","0"
"Lavaca","1","19","Texas","6/9/20","13","6","48285","46.15"
"Lee","0","26","Texas","6/9/20","24","2","48287","8.33"
"Leon","0","11","Texas","6/9/20","10","1","48289","10"
"Liberty","2","108","Texas","6/9/20","95","13","48291","13.68"
"Limestone","1","34","Texas","6/9/20","26","8","48293","30.77"
"Lipscomb","1","7","Texas","6/9/20","2","5","48295","250"
"Live Oak","0","9","Texas","6/9/20","9","0","48297","0"
"Llano","0","3","Texas","6/9/20","3","0","48299","0"
"Lubbock","7","756","Texas","6/9/20","704","52","48303","7.39"
"Lynn","0","8","Texas","6/9/20","7","1","48305","14.29"
"Madison","1","16","Texas","6/9/20","8","8","48313","100"
"Marion","0","18","Texas","6/9/20","16","2","48315","12.5"
"Martin","0","3","Texas","6/9/20","3","0","48317","0"
"Mason","0","32","Texas","6/9/20","32","0","48319","0"
"Matagorda","1","77","Texas","6/9/20","70","7","48321","10"
"Maverick","4","146","Texas","6/9/20","120","26","48323","21.67"
"McCulloch","0","3","Texas","6/9/20","3","0","48307","0"
"McLennan","2","132","Texas","6/9/20","120","12","48309","10"
"Medina","20","216","Texas","6/9/20","73","143","48325","195.89"
"Midland","5","169","Texas","6/9/20","132","37","48329","28.03"
"Milam","1","35","Texas","6/9/20","29","6","48331","20.69"
"Mills","0","1","Texas","6/9/20","1","0","48333","0"
"Mitchell","0","1","Texas","6/9/20","1","0","48335","0"
"Montague","0","9","Texas","6/9/20","9","0","48337","0"
"Montgomery","16","1122","Texas","6/9/20","1010","112","48339","11.09"
"Moore","4","864","Texas","6/9/20","838","26","48341","3.1"
"Morris","0","27","Texas","6/9/20","26","1","48343","3.85"
"Motley","0","1","Texas","6/9/20","1","0","48345","0"
"Nacogdoches","2","305","Texas","6/9/20","290","15","48347","5.17"
"Navarro","2","70","Texas","6/9/20","57","13","48349","22.81"
"Newton","0","6","Texas","6/9/20","5","1","48351","20"
"Nolan","1","9","Texas","6/9/20","2","7","48353","350"
"Nueces","4","300","Texas","6/9/20","275","25","48355","9.09"
"Ochiltree","0","52","Texas","6/9/20","49","3","48357","6.12"
"Oldham","0","4","Texas","6/9/20","4","0","48359","0"
"Orange","0","100","Texas","6/9/20","98","2","48361","2.04"
"Palo Pinto","0","13","Texas","6/9/20","13","0","48363","0"
"Panola","2","214","Texas","6/9/20","199","15","48365","7.54"
"Parker","4","104","Texas","6/9/20","79","25","48367","31.65"
"Parmer","6","98","Texas","6/9/20","59","39","48369","66.1"
"Pecos","0","105","Texas","6/9/20","102","3","48371","2.94"
"Polk","0","61","Texas","6/9/20","60","1","48373","1.67"
"Potter","58","2763","Texas","6/9/20","2354","409","48375","17.37"
"Presidio","0","2","Texas","6/9/20","1","1","48377","100"
"Rains","0","4","Texas","6/9/20","3","1","48379","33.33"
"Randall","7","737","Texas","6/9/20","688","49","48381","7.12"
"Reagan","0","2","Texas","6/9/20","2","0","48383","0"
"Real","0","1","Texas","6/9/20","0","1","48385","1"
"Red River","1","81","Texas","6/9/20","72","9","48387","12.5"
"Reeves","1","11","Texas","6/9/20","7","4","48389","57.14"
"Refugio","0","5","Texas","6/9/20","3","2","48391","66.67"
"Roberts","0","2","Texas","6/9/20","2","0","48393","0"
"Robertson","1","17","Texas","6/9/20","11","6","48395","54.55"
"Rockwall","4","202","Texas","6/9/20","171","31","48397","18.13"
"Runnels","0","3","Texas","6/9/20","2","1","48399","50"
"Rusk","2","67","Texas","6/9/20","56","11","48401","19.64"
"Sabine","0","15","Texas","6/9/20","15","0","48403","0"
"San Augustine","0","45","Texas","6/9/20","44","1","48405","2.27"
"San Jacinto","1","19","Texas","6/9/20","14","5","48407","35.71"
"San Patricio","1","41","Texas","6/9/20","36","5","48409","13.89"
"San Saba","0","1","Texas","6/9/20","1","0","48411","0"
"Scurry","-1","26","Texas","6/9/20","32","-6","48415","-18.75"
"Shackelford","0","1","Texas","6/9/20","1","0","48417","0"
"Shelby","2","214","Texas","6/9/20","203","11","48419","5.42"
"Sherman","0","28","Texas","6/9/20","27","1","48421","3.7"
"Smith","4","235","Texas","6/9/20","210","25","48423","11.9"
"Somervell","0","1","Texas","6/9/20","0","1","48425","1"
"Starr","3","59","Texas","6/9/20","37","22","48427","59.46"
"Stephens","0","4","Texas","6/9/20","4","0","48429","0"
"Swisher","0","18","Texas","6/9/20","17","1","48437","5.88"
"Tarrant","119","6369","Texas","6/9/20","5534","835","48439","15.09"
"Taylor","1","247","Texas","6/9/20","241","6","48441","2.49"
"Terry","0","13","Texas","6/9/20","13","0","48445","0"
"Throckmorton","0","1","Texas","6/9/20","0","1","48447","1"
"Titus","24","635","Texas","6/9/20","467","168","48449","35.97"
"Tom Green","2","119","Texas","6/9/20","106","13","48451","12.26"
"Travis","65","3815","Texas","6/9/20","3360","455","48453","13.54"
"Trinity","1","22","Texas","6/9/20","15","7","48455","46.67"
"Tyler","1","16","Texas","6/9/20","12","4","48457","33.33"
"Upshur","1","35","Texas","6/9/20","27","8","48459","29.63"
"Uvalde","1","20","Texas","6/9/20","14","6","48463","42.86"
"Val Verde","1","25","Texas","6/9/20","21","4","48465","19.05"
"Van Zandt","1","40","Texas","6/9/20","34","6","48467","17.65"
"Victoria","2","174","Texas","6/9/20","160","14","48469","8.75"
"Walker","42","1868","Texas","6/9/20","1574","294","48471","18.68"
"Waller","2","77","Texas","6/9/20","63","14","48473","22.22"
"Ward","0","2","Texas","6/9/20","1","1","48475","100"
"Washington","0","208","Texas","6/9/20","205","3","48477","1.46"
"Webb","8","608","Texas","6/9/20","551","57","48479","10.34"
"Wharton","3","84","Texas","6/9/20","64","20","48481","31.25"
"Wheeler","0","15","Texas","6/9/20","15","0","48483","0"
"Wichita","1","90","Texas","6/9/20","85","5","48485","5.88"
"Wilbarger","0","7","Texas","6/9/20","7","0","48487","0"
"Willacy","3","42","Texas","6/9/20","21","21","48489","100"
"Williamson","16","745","Texas","6/9/20","636","109","48491","17.14"
"Wilson","1","45","Texas","6/9/20","40","5","48493","12.5"
"Winkler","0","3","Texas","6/9/20","3","0","48495","0"
"Wise","1","53","Texas","6/9/20","47","6","48497","12.77"
"Wood","3","51","Texas","6/9/20","33","18","48499","54.55"
"Yoakum","0","5","Texas","6/9/20","3","2","48501","66.67"
"Young","0","6","Texas","6/9/20","4","2","48503","50"
"Zapata","0","12","Texas","6/9/20","10","2","48505","20"
"Zavala","0","12","Texas","6/9/20","12","0","48507","0"
"Bear River","75","795","Utah","6/9/20","267","528","00000","197.75"
"Central Utah","1","48","Utah","6/9/20","38","10","00000","26.32"
"Davis","15","580","Utah","6/9/20","476","104","49011","21.85"
"Salt Lake","139","6421","Utah","6/9/20","5449","972","49035","17.84"
"San Juan","4","337","Utah","6/9/20","308","29","49037","9.42"
"Southeast Utah","0","28","Utah","6/9/20","26","2","00000","7.69"
"Southwest Utah","26","655","Utah","6/9/20","476","179","00000","37.61"
"Summit","3","440","Utah","6/9/20","417","23","49043","5.52"
"Tooele","3","153","Utah","6/9/20","132","21","49045","15.91"
"TriCounty","0","22","Utah","6/9/20","20","2","00000","10"
"Utah","49","2337","Utah","6/9/20","1991","346","49049","17.38"
"Wasatch","6","335","Utah","6/9/20","294","41","49051","13.95"
"Weber-Morgan","14","408","Utah","6/9/20","308","100","00000","32.47"
"Addison","0","66","Vermont","6/9/20","64","2","50001","3.12"
"Bennington","0","66","Vermont","6/9/20","64","2","50003","3.12"
"Caledonia","0","16","Vermont","6/9/20","15","1","50005","6.67"
"Chittenden","11","535","Vermont","6/9/20","457","78","50007","17.07"
"Essex","0","3","Vermont","6/9/20","3","0","50009","0"
"Franklin","0","100","Vermont","6/9/20","99","1","50011","1.01"
"Grand Isle","0","7","Vermont","6/9/20","7","0","50013","0"
"Lamoille","0","29","Vermont","6/9/20","29","0","50015","0"
"Orange","0","9","Vermont","6/9/20","9","0","50017","0"
"Orleans","0","13","Vermont","6/9/20","10","3","50019","30"
"Rutland","0","57","Vermont","6/9/20","55","2","50021","3.64"
"Washington","0","39","Vermont","6/9/20","39","0","50023","0"
"Windham","0","83","Vermont","6/9/20","81","2","50025","2.47"
"Windsor","1","56","Vermont","6/9/20","51","5","50027","9.8"
"","0","71","Virgin Islands","6/9/20","70","1",,"1.43"
"Accomack","6","983","Virginia","6/9/20","939","44","51001","4.69"
"Albemarle","8","258","Virginia","6/9/20","200","58","51003","29"
"Alexandria","16","2115","Virginia","6/9/20","2000","115","51510","5.75"
"Alleghany","0","26","Virginia","6/9/20","24","2","51005","8.33"
"Amelia","1","33","Virginia","6/9/20","26","7","51007","26.92"
"Amherst","0","27","Virginia","6/9/20","27","0","51009","0"
"Appomattox","0","33","Virginia","6/9/20","31","2","51011","6.45"
"Arlington","19","2265","Virginia","6/9/20","2133","132","51013","6.19"
"Augusta","3","137","Virginia","6/9/20","115","22","51015","19.13"
"Bedford","3","81","Virginia","6/9/20","62","19","51019","30.65"
"Botetourt","1","40","Virginia","6/9/20","34","6","51023","17.65"
"Bristol","0","4","Virginia","6/9/20","4","0","51520","0"
"Brunswick","2","41","Virginia","6/9/20","28","13","51025","46.43"
"Buchanan","0","18","Virginia","6/9/20","18","0","51027","0"
"Buckingham","3","484","Virginia","6/9/20","465","19","51029","4.09"
"Buena Vista","0","13","Virginia","6/9/20","13","0","51530","0"
"Campbell","0","20","Virginia","6/9/20","18","2","51031","11.11"
"Caroline","3","97","Virginia","6/9/20","76","21","51033","27.63"
"Carroll","7","149","Virginia","6/9/20","100","49","51035","49"
"Charles City","0","28","Virginia","6/9/20","27","1","51036","3.7"
"Charlotte","1","29","Virginia","6/9/20","25","4","51037","16"
"Charlottesville","2","141","Virginia","6/9/20","128","13","51540","10.16"
"Chesapeake","9","605","Virginia","6/9/20","541","64","51550","11.83"
"Chesterfield","45","1942","Virginia","6/9/20","1627","315","51041","19.36"
"Clarke","1","35","Virginia","6/9/20","28","7","51043","25"
"Colonial Heights","1","104","Virginia","6/9/20","96","8","51570","8.33"
"Covington","0","4","Virginia","6/9/20","4","0","51580","0"
"Craig","0","6","Virginia","6/9/20","5","1","51045","20"
"Culpeper","7","772","Virginia","6/9/20","720","52","51047","7.22"
"Cumberland","1","45","Virginia","6/9/20","38","7","51049","18.42"
"Danville","0","60","Virginia","6/9/20","57","3","51590","5.26"
"Dinwiddie","2","99","Virginia","6/9/20","83","16","51053","19.28"
"Emporia","1","91","Virginia","6/9/20","82","9","51595","10.98"
"Essex","1","53","Virginia","6/9/20","48","5","51057","10.42"
"Fairfax","181","12695","Virginia","6/9/20","11426","1269","51059","11.11"
"Fairfax City","0","69","Virginia","6/9/20","67","2","51600","2.99"
"Falls Church","0","56","Virginia","6/9/20","55","1","51610","1.82"
"Fauquier","6","365","Virginia","6/9/20","326","39","51061","11.96"
"Floyd","0","8","Virginia","6/9/20","7","1","51063","14.29"
"Fluvanna","0","95","Virginia","6/9/20","92","3","51065","3.26"
"Franklin","1","41","Virginia","6/9/20","36","5","51067","13.89"
"Franklin City","0","42","Virginia","6/9/20","42","0","51620","0"
"Frederick","6","413","Virginia","6/9/20","371","42","51069","11.32"
"Fredericksburg","3","193","Virginia","6/9/20","172","21","51630","12.21"
"Galax","3","148","Virginia","6/9/20","127","21","51640","16.54"
"Giles","0","5","Virginia","6/9/20","5","0","51071","0"
"Gloucester","0","33","Virginia","6/9/20","31","2","51073","6.45"
"Goochland","1","108","Virginia","6/9/20","101","7","51075","6.93"
"Grayson","2","55","Virginia","6/9/20","40","15","51077","37.5"
"Greene","1","44","Virginia","6/9/20","34","10","51079","29.41"
"Greensville","25","277","Virginia","6/9/20","100","177","51081","177"
"Halifax","0","32","Virginia","6/9/20","30","2","51083","6.67"
"Hampton","2","228","Virginia","6/9/20","212","16","51650","7.55"
"Hanover","2","351","Virginia","6/9/20","335","16","51085","4.78"
"Harrisonburg","5","837","Virginia","6/9/20","799","38","51660","4.76"
"Henrico","32","2146","Virginia","6/9/20","1919","227","51087","11.83"
"Henry","5","174","Virginia","6/9/20","136","38","51089","27.94"
"Highland","0","3","Virginia","6/9/20","3","0","51091","0"
"Hopewell","3","118","Virginia","6/9/20","96","22","51670","22.92"
"Isle of Wight","2","149","Virginia","6/9/20","132","17","51093","12.88"
"James City","2","224","Virginia","6/9/20","210","14","51095","6.67"
"King and Queen","1","23","Virginia","6/9/20","13","10","51097","76.92"
"King George","1","79","Virginia","6/9/20","70","9","51099","12.86"
"King William","0","32","Virginia","6/9/20","31","1","51101","3.23"
"Lancaster","0","10","Virginia","6/9/20","10","0","51103","0"
"Lee","0","9","Virginia","6/9/20","9","0","51105","0"
"Lexington","0","8","Virginia","6/9/20","7","1","51678","14.29"
"Loudoun","77","3174","Virginia","6/9/20","2636","538","51107","20.41"
"Louisa","2","94","Virginia","6/9/20","81","13","51109","16.05"
"Lunenburg","0","18","Virginia","6/9/20","15","3","51111","20"
"Lynchburg","1","89","Virginia","6/9/20","80","9","51680","11.25"
"Madison","0","41","Virginia","6/9/20","41","0","51113","0"
"Manassas","17","1254","Virginia","6/9/20","1135","119","51683","10.48"
"Manassas Park","5","359","Virginia","6/9/20","327","32","51685","9.79"
"Martinsville","2","50","Virginia","6/9/20","37","13","51690","35.14"
"Mathews","0","5","Virginia","6/9/20","5","0","51115","0"
"Mecklenburg","1","224","Virginia","6/9/20","218","6","51117","2.75"
"Middlesex","0","14","Virginia","6/9/20","15","-1","51119","-6.67"
"Montgomery","2","95","Virginia","6/9/20","80","15","51121","18.75"
"Nelson","0","17","Virginia","6/9/20","17","0","51125","0"
"New Kent","1","45","Virginia","6/9/20","38","7","51127","18.42"
"Newport News","5","323","Virginia","6/9/20","291","32","51700","11"
"Norfolk","9","596","Virginia","6/9/20","530","66","51710","12.45"
"Northampton","2","256","Virginia","6/9/20","243","13","51131","5.35"
"Northumberland","0","25","Virginia","6/9/20","25","0","51133","0"
"Norton","0","2","Virginia","6/9/20","2","0","51720","0"
"Nottoway","2","50","Virginia","6/9/20","39","11","51135","28.21"
"Orange","1","118","Virginia","6/9/20","110","8","51137","7.27"
"Page","2","246","Virginia","6/9/20","230","16","51139","6.96"
"Patrick","1","28","Virginia","6/9/20","19","9","51141","47.37"
"Petersburg","4","170","Virginia","6/9/20","141","29","51730","20.57"
"Pittsylvania","1","50","Virginia","6/9/20","45","5","51143","11.11"
"Poquoson","0","9","Virginia","6/9/20","8","1","51735","12.5"
"Portsmouth","4","351","Virginia","6/9/20","325","26","51740","8"
"Powhatan","2","47","Virginia","6/9/20","36","11","51145","30.56"
"Prince Edward","1","151","Virginia","6/9/20","143","8","51147","5.59"
"Prince George","3","153","Virginia","6/9/20","135","18","51149","13.33"
"Prince William","87","6336","Virginia","6/9/20","5724","612","51153","10.69"
"Pulaski","1","28","Virginia","6/9/20","20","8","51155","40"
"Radford","0","7","Virginia","6/9/20","6","1","51750","16.67"
"Rappahannock","0","16","Virginia","6/9/20","14","2","51157","14.29"
"Richmond","0","289","Virginia","6/9/20","287","2","51159","0.7"
"Richmond City","33","1667","Virginia","6/9/20","1434","233","51760","16.25"
"Roanoke","2","126","Virginia","6/9/20","110","16","51161","14.55"
"Roanoke City","5","204","Virginia","6/9/20","171","33","51770","19.3"
"Rockbridge","0","19","Virginia","6/9/20","19","0","51163","0"
"Rockingham","7","596","Virginia","6/9/20","545","51","51165","9.36"
"Russell","0","8","Virginia","6/9/20","8","0","51167","0"
"Salem","1","41","Virginia","6/9/20","34","7","51775","20.59"
"Scott","0","7","Virginia","6/9/20","7","0","51169","0"
"Shenandoah","3","487","Virginia","6/9/20","465","22","51171","4.73"
"Smyth","0","15","Virginia","6/9/20","15","0","51173","0"
"Southampton","1","153","Virginia","6/9/20","149","4","51175","2.68"
"Spotsylvania","18","712","Virginia","6/9/20","586","126","51177","21.5"
"Stafford","13","824","Virginia","6/9/20","733","91","51179","12.41"
"Staunton","1","58","Virginia","6/9/20","49","9","51790","18.37"
"Suffolk","1","325","Virginia","6/9/20","317","8","51800","2.52"
"Surry","0","10","Virginia","6/9/20","11","-1","51181","-9.09"
"Sussex","2","175","Virginia","6/9/20","161","14","51183","8.7"
"Tazewell","0","9","Virginia","6/9/20","9","0","51185","0"
"Virginia Beach","9","815","Virginia","6/9/20","752","63","51810","8.38"
"Warren","8","222","Virginia","6/9/20","166","56","51187","33.73"
"Washington","1","57","Virginia","6/9/20","52","5","51191","9.62"
"Waynesboro","0","50","Virginia","6/9/20","47","3","51820","6.38"
"Westmoreland","2","83","Virginia","6/9/20","70","13","51193","18.57"
"Williamsburg","1","48","Virginia","6/9/20","44","4","51830","9.09"
"Winchester","6","238","Virginia","6/9/20","196","42","51840","21.43"
"Wise","0","27","Virginia","6/9/20","25","2","51195","8"
"Wythe","2","38","Virginia","6/9/20","23","15","51197","65.22"
"York","1","86","Virginia","6/9/20","77","9","51199","11.69"
"Adams","2","80","Washington","6/9/20","63","17","53001","26.98"
"Asotin","0","19","Washington","6/9/20","19","0","53003","0"
"Benton","22","979","Washington","6/9/20","823","156","53005","18.96"
"Chelan","2","264","Washington","6/9/20","250","14","53007","5.6"
"Clallam","0","27","Washington","6/9/20","25","2","53009","8"
"Clark","4","571","Washington","6/9/20","546","25","53011","4.58"
"Columbia","0","1","Washington","6/9/20","1","0","53013","0"
"Cowlitz","2","89","Washington","6/9/20","74","15","53015","20.27"
"Douglas","1","178","Washington","6/9/20","172","6","53017","3.49"
"Ferry","0","1","Washington","6/9/20","1","0","53019","0"
"Franklin","22","764","Washington","6/9/20","610","154","53021","25.25"
"Grant","2","222","Washington","6/9/20","208","14","53025","6.73"
"Grays Harbor","0","19","Washington","6/9/20","17","2","53027","11.76"
"Island","0","181","Washington","6/9/20","181","0","53029","0"
"Jefferson","0","31","Washington","6/9/20","31","0","53031","0"
"King","50","8529","Washington","6/9/20","8177","352","53033","4.3"
"Kitsap","1","170","Washington","6/9/20","162","8","53035","4.94"
"Kittitas","0","90","Washington","6/9/20","89","1","53037","1.12"
"Klickitat","1","37","Washington","6/9/20","28","9","53039","32.14"
"Lewis","0","37","Washington","6/9/20","37","0","53041","0"
"Lincoln","0","2","Washington","6/9/20","2","0","53043","0"
"Mason","0","39","Washington","6/9/20","36","3","53045","8.33"
"Okanogan","1","56","Washington","6/9/20","50","6","53047","12"
"Pacific","0","10","Washington","6/9/20","9","1","53049","11.11"
"Pend Oreille","0","3","Washington","6/9/20","3","0","53051","0"
"Pierce","14","2050","Washington","6/9/20","1950","100","53053","5.13"
"San Juan","0","15","Washington","6/9/20","15","0","53055","0"
"Skagit","2","450","Washington","6/9/20","438","12","53057","2.74"
"Skamania","0","3","Washington","6/9/20","3","0","53059","0"
"Snohomish","11","3064","Washington","6/9/20","2987","77","53061","2.58"
"Spokane","22","769","Washington","6/9/20","612","157","53063","25.65"
"Stevens","0","13","Washington","6/9/20","11","2","53065","18.18"
"Thurston","3","171","Washington","6/9/20","152","19","53067","12.5"
"Wahkiakum","0","4","Washington","6/9/20","4","0","53069","0"
"Walla Walla","1","117","Washington","6/9/20","110","7","53071","6.36"
"Whatcom","3","420","Washington","6/9/20","401","19","53073","4.74"
"Whitman","1","20","Washington","6/9/20","16","4","53075","25"
"Yakima","145","4834","Washington","6/9/20","3817","1017","53077","26.64"
"Barbour","0","8","West Virginia","6/9/20","9","-1","54001","-11.11"
"Berkeley","4","350","West Virginia","6/9/20","319","31","54003","9.72"
"Boone","1","16","West Virginia","6/9/20","9","7","54005","77.78"
"Braxton","0","2","West Virginia","6/9/20","2","0","54007","0"
"Brooke","0","5","West Virginia","6/9/20","5","0","54009","0"
"Cabell","0","70","West Virginia","6/9/20","67","3","54011","4.48"
"Calhoun","0","2","West Virginia","6/9/20","2","0","54013","0"
"Clay","0","7","West Virginia","6/9/20","5","2","54015","40"
"Fayette","1","54","West Virginia","6/9/20","50","4","54019","8"
"Gilmer","0","10","West Virginia","6/9/20","10","0","54021","0"
"Grant","0","14","West Virginia","6/9/20","12","2","54023","16.67"
"Greenbrier","0","9","West Virginia","6/9/20","9","0","54025","0"
"Hampshire","0","33","West Virginia","6/9/20","31","2","54027","6.45"
"Hancock","0","20","West Virginia","6/9/20","19","1","54029","5.26"
"Hardy","0","40","West Virginia","6/9/20","39","1","54031","2.56"
"Harrison","0","40","West Virginia","6/9/20","40","0","54033","0"
"Jackson","1","141","West Virginia","6/9/20","137","4","54035","2.92"
"Jefferson","1","204","West Virginia","6/9/20","197","7","54037","3.55"
"Kanawha","2","241","West Virginia","6/9/20","230","11","54039","4.78"
"Lewis","0","8","West Virginia","6/9/20","9","-1","54041","-11.11"
"Lincoln","0","5","West Virginia","6/9/20","5","0","54043","0"
"Logan","0","20","West Virginia","6/9/20","17","3","54045","17.65"
"Marion","0","53","West Virginia","6/9/20","51","2","54049","3.92"
"Marshall","0","32","West Virginia","6/9/20","30","2","54051","6.67"
"Mason","0","15","West Virginia","6/9/20","15","0","54053","0"
"McDowell","0","6","West Virginia","6/9/20","6","0","54047","0"
"Mercer","0","13","West Virginia","6/9/20","13","0","54055","0"
"Mineral","0","50","West Virginia","6/9/20","47","3","54057","6.38"
"Mingo","0","9","West Virginia","6/9/20","7","2","54059","28.57"
"Monongalia","1","141","West Virginia","6/9/20","137","4","54061","2.92"
"Monroe","0","8","West Virginia","6/9/20","8","0","54063","0"
"Morgan","0","19","West Virginia","6/9/20","19","0","54065","0"
"Nicholas","0","7","West Virginia","6/9/20","8","-1","54067","-12.5"
"Ohio","1","51","West Virginia","6/9/20","42","9","54069","21.43"
"Pendleton","0","13","West Virginia","6/9/20","13","0","54071","0"
"Pleasants","0","4","West Virginia","6/9/20","4","0","54073","0"
"Pocahontas","0","21","West Virginia","6/9/20","21","0","54075","0"
"Preston","0","24","West Virginia","6/9/20","24","0","54077","0"
"Putnam","0","40","West Virginia","6/9/20","37","3","54079","8.11"
"Raleigh","0","18","West Virginia","6/9/20","16","2","54081","12.5"
"Randolph","1","137","West Virginia","6/9/20","131","6","54083","4.58"
"Ritchie","0","1","West Virginia","6/9/20","1","0","54085","0"
"Roane","0","10","West Virginia","6/9/20","9","1","54087","11.11"
"Summers","0","1","West Virginia","6/9/20","1","0","54089","0"
"Taylor","0","9","West Virginia","6/9/20","9","0","54091","0"
"Tucker","0","6","West Virginia","6/9/20","4","2","54093","50"
"Tyler","0","3","West Virginia","6/9/20","3","0","54095","0"
"Upshur","0","7","West Virginia","6/9/20","7","0","54097","0"
"Wayne","0","103","West Virginia","6/9/20","102","1","54099","0.98"
"Wetzel","0","9","West Virginia","6/9/20","9","0","54103","0"
"Wirt","0","4","West Virginia","6/9/20","4","0","54105","0"
"Wood","0","53","West Virginia","6/9/20","53","0","54107","0"
"Wyoming","0","3","West Virginia","6/9/20","2","1","54109","50"
"Adams","0","6","Wisconsin","6/9/20","4","2","55001","50"
"Ashland","0","3","Wisconsin","6/9/20","2","1","55003","50"
"Barron","0","20","Wisconsin","6/9/20","20","0","55005","0"
"Bayfield","0","3","Wisconsin","6/9/20","3","0","55007","0"
"Brown","9","2399","Wisconsin","6/9/20","2334","65","55009","2.78"
"Buffalo","0","6","Wisconsin","6/9/20","6","0","55011","0"
"Burnett","0","1","Wisconsin","6/9/20","1","0","55013","0"
"Calumet","0","81","Wisconsin","6/9/20","78","3","55015","3.85"
"Chippewa","0","59","Wisconsin","6/9/20","57","2","55017","3.51"
"Clark","2","45","Wisconsin","6/9/20","33","12","55019","36.36"
"Columbia","0","47","Wisconsin","6/9/20","44","3","55021","6.82"
"Crawford","0","26","Wisconsin","6/9/20","26","0","55023","0"
"Dane","16","871","Wisconsin","6/9/20","759","112","55025","14.76"
"Dodge","26","406","Wisconsin","6/9/20","226","180","55027","79.65"
"Door","0","39","Wisconsin","6/9/20","38","1","55029","2.63"
"Douglas","0","20","Wisconsin","6/9/20","19","1","55031","5.26"
"Dunn","1","29","Wisconsin","6/9/20","24","5","55033","20.83"
"Eau Claire","1","124","Wisconsin","6/9/20","114","10","55035","8.77"
"Florence","0","2","Wisconsin","6/9/20","2","0","55037","0"
"Fond du Lac","4","241","Wisconsin","6/9/20","215","26","55039","12.09"
"Forest","1","34","Wisconsin","6/9/20","28","6","55041","21.43"
"Grant","0","99","Wisconsin","6/9/20","96","3","55043","3.12"
"Green","0","71","Wisconsin","6/9/20","68","3","55045","4.41"
"Green Lake","0","23","Wisconsin","6/9/20","20","3","55047","15"
"Iowa","0","16","Wisconsin","6/9/20","16","0","55049","0"
"Iron","0","2","Wisconsin","6/9/20","2","0","55051","0"
"Jackson","0","19","Wisconsin","6/9/20","17","2","55053","11.76"
"Jefferson","3","134","Wisconsin","6/9/20","110","24","55055","21.82"
"Juneau","0","23","Wisconsin","6/9/20","22","1","55057","4.55"
"Kenosha","13","1295","Wisconsin","6/9/20","1201","94","55059","7.83"
"Kewaunee","0","37","Wisconsin","6/9/20","35","2","55061","5.71"
"La Crosse","3","77","Wisconsin","6/9/20","55","22","55063","40"
"Lafayette","1","35","Wisconsin","6/9/20","27","8","55065","29.63"
"Langlade","0","5","Wisconsin","6/9/20","3","2","55067","66.67"
"Lincoln","0","7","Wisconsin","6/9/20","7","0","55069","0"
"Manitowoc","1","40","Wisconsin","6/9/20","36","4","55071","11.11"
"Marathon","2","66","Wisconsin","6/9/20","52","14","55073","26.92"
"Marinette","1","37","Wisconsin","6/9/20","32","5","55075","15.62"
"Marquette","0","6","Wisconsin","6/9/20","4","2","55077","50"
"Menominee","0","3","Wisconsin","6/9/20","3","0","55078","0"
"Milwaukee","138","8973","Wisconsin","6/9/20","8004","969","55079","12.11"
"Monroe","0","19","Wisconsin","6/9/20","18","1","55081","5.56"
"Oconto","1","42","Wisconsin","6/9/20","38","4","55083","10.53"
"Oneida","1","13","Wisconsin","6/9/20","9","4","55085","44.44"
"Outagamie","8","289","Wisconsin","6/9/20","232","57","55087","24.57"
"Ozaukee","3","184","Wisconsin","6/9/20","165","19","55089","11.52"
"Pepin","0","1","Wisconsin","6/9/20","1","0","55091","0"
"Pierce","1","51","Wisconsin","6/9/20","47","4","55093","8.51"
"Polk","2","34","Wisconsin","6/9/20","22","12","55095","54.55"
"Portage","4","39","Wisconsin","6/9/20","14","25","55097","178.57"
"Price","0","2","Wisconsin","6/9/20","2","0","55099","0"
"Racine","25","1939","Wisconsin","6/9/20","1762","177","55101","10.05"
"Richland","0","14","Wisconsin","6/9/20","14","0","55103","0"
"Rock","10","714","Wisconsin","6/9/20","646","68","55105","10.53"
"Rusk","0","5","Wisconsin","6/9/20","5","0","55107","0"
"Sauk","1","84","Wisconsin","6/9/20","79","5","55111","6.33"
"Sawyer","0","9","Wisconsin","6/9/20","8","1","55113","12.5"
"Shawano","1","60","Wisconsin","6/9/20","50","10","55115","20"
"Sheboygan","3","118","Wisconsin","6/9/20","95","23","55117","24.21"
"St. Croix","2","107","Wisconsin","6/9/20","95","12","55109","12.63"
"Taylor","0","2","Wisconsin","6/9/20","2","0","55119","0"
"Trempealeau","2","43","Wisconsin","6/9/20","26","17","55121","65.38"
"Vernon","0","22","Wisconsin","6/9/20","21","1","55123","4.76"
"Vilas","0","8","Wisconsin","6/9/20","8","0","55125","0"
"Walworth","8","452","Wisconsin","6/9/20","398","54","55127","13.57"
"Washburn","0","3","Wisconsin","6/9/20","2","1","55129","50"
"Washington","3","281","Wisconsin","6/9/20","260","21","55131","8.08"
"Waukesha","15","829","Wisconsin","6/9/20","722","107","55133","14.82"
"Waupaca","2","58","Wisconsin","6/9/20","45","13","55135","28.89"
"Waushara","1","13","Wisconsin","6/9/20","8","5","55137","62.5"
"Winnebago","23","431","Wisconsin","6/9/20","270","161","55139","59.63"
"Wood","0","12","Wisconsin","6/9/20","10","2","55141","20"
"Albany","0","26","Wyoming","6/9/20","25","1","56001","4"
"Big Horn","0","9","Wyoming","6/9/20","6","3","56003","50"
"Campbell","1","35","Wyoming","6/9/20","31","4","56005","12.9"
"Carbon","0","16","Wyoming","6/9/20","16","0","56007","0"
"Converse","0","24","Wyoming","6/9/20","24","0","56009","0"
"Crook","0","5","Wyoming","6/9/20","5","0","56011","0"
"Fremont","2","295","Wyoming","6/9/20","283","12","56013","4.24"
"Goshen","0","5","Wyoming","6/9/20","5","0","56015","0"
"Hot Springs","0","12","Wyoming","6/9/20","12","0","56017","0"
"Johnson","0","18","Wyoming","6/9/20","18","0","56019","0"
"Laramie","0","188","Wyoming","6/9/20","188","0","56021","0"
"Lincoln","0","15","Wyoming","6/9/20","15","0","56023","0"
"Natrona","1","87","Wyoming","6/9/20","79","8","56025","10.13"
"Niobrara","0","2","Wyoming","6/9/20","2","0","56027","0"
"Park","0","2","Wyoming","6/9/20","2","0","56029","0"
"Platte","0","1","Wyoming","6/9/20","1","0","56031","0"
"Sheridan","0","18","Wyoming","6/9/20","16","2","56033","12.5"
"Sublette","0","3","Wyoming","6/9/20","3","0","56035","0"
"Sweetwater","1","34","Wyoming","6/9/20","30","4","56037","13.33"
"Teton","0","100","Wyoming","6/9/20","100","0","56039","0"
"Uinta","3","35","Wyoming","6/9/20","13","22","56041","169.23"
"Washakie","0","39","Wyoming","6/9/20","37","2","56043","5.41"
"Weston","0","1","Wyoming","6/9/20","1","0","56045","0"
