"Locality","DailyAvgNewCasesPast7Days","TotalCases","State","Date","TotalCases7DaysAgo","NewCasesPast7Days","FIPS-Code","PercentIncreaseTotalCasesPast7Days"
"Autauga","5","241","Alabama","6/4/20","205","36","01001","17.56"
"Baldwin","2","293","Alabama","6/4/20","281","12","01003","4.27"
"Barbour","6","177","Alabama","6/4/20","132","45","01005","34.09"
"Bibb","1","76","Alabama","6/4/20","71","5","01007","7.04"
"Blount","1","63","Alabama","6/4/20","58","5","01009","8.62"
"Bullock","5","217","Alabama","6/4/20","183","34","01011","18.58"
"Butler","4","421","Alabama","6/4/20","392","29","01013","7.4"
"Calhoun","2","167","Alabama","6/4/20","152","15","01015","9.87"
"Chambers","2","360","Alabama","6/4/20","349","11","01017","3.15"
"Cherokee","1","38","Alabama","6/4/20","34","4","01019","11.76"
"Chilton","1","107","Alabama","6/4/20","97","10","01021","10.31"
"Choctaw","1","153","Alabama","6/4/20","148","5","01023","3.38"
"Clarke","3","149","Alabama","6/4/20","129","20","01025","15.5"
"Clay","0","28","Alabama","6/4/20","27","1","01027","3.7"
"Cleburne","0","15","Alabama","6/4/20","13","2","01029","15.38"
"Coffee","2","239","Alabama","6/4/20","224","15","01031","6.7"
"Colbert","4","190","Alabama","6/4/20","161","29","01033","18.01"
"Conecuh","1","41","Alabama","6/4/20","35","6","01035","17.14"
"Coosa","1","40","Alabama","6/4/20","35","5","01037","14.29"
"Covington","1","82","Alabama","6/4/20","77","5","01039","6.49"
"Crenshaw","1","78","Alabama","6/4/20","72","6","01041","8.33"
"Cullman","8","152","Alabama","6/4/20","96","56","01043","58.33"
"Dale","4","124","Alabama","6/4/20","99","25","01045","25.25"
"Dallas","7","292","Alabama","6/4/20","244","48","01047","19.67"
"DeKalb","2","257","Alabama","6/4/20","241","16","01049","6.64"
"Elmore","9","374","Alabama","6/4/20","313","61","01051","19.49"
"Escambia","4","75","Alabama","6/4/20","49","26","01053","53.06"
"Etowah","3","263","Alabama","6/4/20","244","19","01055","7.79"
"Fayette","0","16","Alabama","6/4/20","13","3","01057","23.08"
"Franklin","10","585","Alabama","6/4/20","514","71","01059","13.81"
"Geneva","1","44","Alabama","6/4/20","40","4","01061","10"
"Greene","0","95","Alabama","6/4/20","92","3","01063","3.26"
"Hale","5","185","Alabama","6/4/20","151","34","01065","22.52"
"Henry","2","82","Alabama","6/4/20","71","11","01067","15.49"
"Houston","5","226","Alabama","6/4/20","188","38","01069","20.21"
"Jackson","1","83","Alabama","6/4/20","75","8","01071","10.67"
"Jefferson","27","1901","Alabama","6/4/20","1712","189","01073","11.04"
"Lamar","1","28","Alabama","6/4/20","21","7","01075","33.33"
"Lauderdale","3","172","Alabama","6/4/20","153","19","01077","12.42"
"Lawrence","1","51","Alabama","6/4/20","46","5","01079","10.87"
"Lee","4","562","Alabama","6/4/20","533","29","01081","5.44"
"Limestone","3","108","Alabama","6/4/20","87","21","01083","24.14"
"Lowndes","6","265","Alabama","6/4/20","222","43","01085","19.37"
"Macon","3","93","Alabama","6/4/20","71","22","01087","30.99"
"Madison","5","353","Alabama","6/4/20","318","35","01089","11.01"
"Marengo","3","175","Alabama","6/4/20","155","20","01091","12.9"
"Marion","1","124","Alabama","6/4/20","119","5","01093","4.2"
"Marshall","6","708","Alabama","6/4/20","668","40","01095","5.99"
"Mobile","28","2321","Alabama","6/4/20","2124","197","01097","9.27"
"Monroe","2","46","Alabama","6/4/20","35","11","01099","31.43"
"Montgomery","45","1858","Alabama","6/4/20","1541","317","01101","20.57"
"Morgan","10","302","Alabama","6/4/20","231","71","01103","30.74"
"Perry","1","43","Alabama","6/4/20","35","8","01105","22.86"
"Pickens","3","120","Alabama","6/4/20","101","19","01107","18.81"
"Pike","5","212","Alabama","6/4/20","179","33","01109","18.44"
"Randolph","0","128","Alabama","6/4/20","125","3","01111","2.4"
"Russell","3","181","Alabama","6/4/20","159","22","01113","13.84"
"Shelby","6","528","Alabama","6/4/20","484","44","01117","9.09"
"St. Clair","3","135","Alabama","6/4/20","116","19","01115","16.38"
"Sumter","2","228","Alabama","6/4/20","213","15","01119","7.04"
"Talladega","3","119","Alabama","6/4/20","100","19","01121","19"
"Tallapoosa","2","434","Alabama","6/4/20","418","16","01123","3.83"
"Tuscaloosa","23","836","Alabama","6/4/20","678","158","01125","23.3"
"Walker","12","386","Alabama","6/4/20","299","87","01127","29.1"
"Washington","1","73","Alabama","6/4/20","66","7","01129","10.61"
"Wilcox","3","157","Alabama","6/4/20","134","23","01131","17.16"
"Winston","1","91","Alabama","6/4/20","82","9","01133","10.98"
"Anchorage","7","258","Alaska","6/4/20","211","47","02020","22.27"
"Bethel","0","3","Alaska","6/4/20","3","0","02050","0"
"Fairbanks North Star","0","85","Alaska","6/4/20","85","0","02090","0"
"Juneau","0","33","Alaska","6/4/20","32","1","02110","3.12"
"Kenai Peninsula","4","63","Alaska","6/4/20","34","29","02122","85.29"
"Ketchikan Gateway","0","16","Alaska","6/4/20","16","0","02130","0"
"Kodiak Island","0","1","Alaska","6/4/20","1","0","02150","0"
"Matanuska-Susitna","2","35","Alaska","6/4/20","24","11","02170","45.83"
"Nome","0","3","Alaska","6/4/20","3","0","02180","0"
"North Slope","0","1","Alaska","6/4/20","1","0","02185","0"
"Northwest Arctic","0","2","Alaska","6/4/20","2","0","02188","0"
"Petersburg","0","4","Alaska","6/4/20","4","0","02195","0"
"Prince of Wales-Hyder","0","2","Alaska","6/4/20","2","0","02198","0"
"Sitka","0","2","Alaska","6/4/20","2","0","02220","0"
"Southeast Fairbanks","0","3","Alaska","6/4/20","3","0","02240","0"
"Yukon-Koyukuk","0","1","Alaska","6/4/20","1","0","02290","0"
"Apache","50","1637","Arizona","6/4/20","1290","347","04001","26.9"
"Cochise","5","105","Arizona","6/4/20","67","38","04003","56.72"
"Coconino","20","1221","Arizona","6/4/20","1078","143","04005","13.27"
"Gila","2","39","Arizona","6/4/20","25","14","04007","56"
"Graham","2","38","Arizona","6/4/20","26","12","04009","46.15"
"Greenlee","1","8","Arizona","6/4/20","4","4","04011","100"
"La Paz","8","110","Arizona","6/4/20","53","57","04012","107.55"
"Maricopa","333","11229","Arizona","6/4/20","8896","2333","04013","26.23"
"Mohave","11","428","Arizona","6/4/20","350","78","04015","22.29"
"Navajo","52","2042","Arizona","6/4/20","1678","364","04017","21.69"
"Pima","72","2669","Arizona","6/4/20","2167","502","04019","23.17"
"Pinal","23","948","Arizona","6/4/20","788","160","04021","20.3"
"Santa Cruz","34","462","Arizona","6/4/20","225","237","04023","105.33"
"Yavapai","2","307","Arizona","6/4/20","294","13","04025","4.42"
"Yuma","101","1643","Arizona","6/4/20","936","707","04027","75.53"
"Arkansas","1","7","Arkansas","6/4/20","3","4","05001","133.33"
"Ashley","1","26","Arkansas","6/4/20","19","7","05003","36.84"
"Baxter","0","12","Arkansas","6/4/20","9","3","05005","33.33"
"Benton","54","804","Arkansas","6/4/20","428","376","05007","87.85"
"Boone","0","7","Arkansas","6/4/20","6","1","05009","16.67"
"Bradley","1","23","Arkansas","6/4/20","18","5","05011","27.78"
"Carroll","1","30","Arkansas","6/4/20","24","6","05015","25"
"Chicot","0","16","Arkansas","6/4/20","15","1","05017","6.67"
"Clark","0","40","Arkansas","6/4/20","38","2","05019","5.26"
"Clay","0","5","Arkansas","6/4/20","4","1","05021","25"
"Cleburne","0","76","Arkansas","6/4/20","73","3","05023","4.11"
"Cleveland","0","19","Arkansas","6/4/20","18","1","05025","5.56"
"Columbia","0","23","Arkansas","6/4/20","20","3","05027","15"
"Conway","0","15","Arkansas","6/4/20","14","1","05029","7.14"
"Craighead","9","266","Arkansas","6/4/20","203","63","05031","31.03"
"Crawford","3","35","Arkansas","6/4/20","17","18","05033","105.88"
"Crittenden","15","426","Arkansas","6/4/20","318","108","05035","33.96"
"Cross","2","60","Arkansas","6/4/20","48","12","05037","25"
"Dallas","0","3","Arkansas","6/4/20","1","2","05039","200"
"Desha","0","19","Arkansas","6/4/20","19","0","05041","0"
"Drew","0","20","Arkansas","6/4/20","19","1","05043","5.26"
"Faulkner","1","108","Arkansas","6/4/20","101","7","05045","6.93"
"Franklin","0","4","Arkansas","6/4/20","4","0","05047","0"
"Fulton","0","7","Arkansas","6/4/20","7","0","05049","0"
"Garland","0","138","Arkansas","6/4/20","136","2","05051","1.47"
"Grant","0","18","Arkansas","6/4/20","18","0","05053","0"
"Greene","1","66","Arkansas","6/4/20","60","6","05055","10"
"Hempstead","1","21","Arkansas","6/4/20","14","7","05057","50"
"Hot Spring","0","34","Arkansas","6/4/20","31","3","05059","9.68"
"Howard","1","26","Arkansas","6/4/20","18","8","05061","44.44"
"Independence","1","33","Arkansas","6/4/20","29","4","05063","13.79"
"Izard","0","17","Arkansas","6/4/20","16","1","05065","6.25"
"Jackson","1","5","Arkansas","6/4/20","1","4","05067","400"
"Jefferson","3","536","Arkansas","6/4/20","515","21","05069","4.08"
"Johnson","2","54","Arkansas","6/4/20","40","14","05071","35"
"Lafayette","0","9","Arkansas","6/4/20","9","0","05073","0"
"Lawrence","1","87","Arkansas","6/4/20","82","5","05075","6.1"
"Lee","1","27","Arkansas","6/4/20","18","9","05077","50"
"Lincoln","1","985","Arkansas","6/4/20","975","10","05079","1.03"
"Little River","1","10","Arkansas","6/4/20","6","4","05081","66.67"
"Logan","1","11","Arkansas","6/4/20","4","7","05083","175"
"Lonoke","1","56","Arkansas","6/4/20","46","10","05085","21.74"
"Madison","4","34","Arkansas","6/4/20","6","28","05087","466.67"
"Marion","0","2","Arkansas","6/4/20","1","1","05089","100"
"Miller","1","50","Arkansas","6/4/20","42","8","05091","19.05"
"Mississippi","1","79","Arkansas","6/4/20","73","6","05093","8.22"
"Monroe","0","6","Arkansas","6/4/20","5","1","05095","20"
"Montgomery","0","2","Arkansas","6/4/20","2","0","05097","0"
"Nevada","1","9","Arkansas","6/4/20","5","4","05099","80"
"Newton","0","3","Arkansas","6/4/20","3","0","05101","0"
"Ouachita","0","11","Arkansas","6/4/20","10","1","05103","10"
"Perry","0","14","Arkansas","6/4/20","14","0","05105","0"
"Phillips","2","25","Arkansas","6/4/20","12","13","05107","108.33"
"Pike","0","5","Arkansas","6/4/20","5","0","05109","0"
"Poinsett","1","40","Arkansas","6/4/20","31","9","05111","29.03"
"Polk","2","28","Arkansas","6/4/20","12","16","05113","133.33"
"Pope","7","178","Arkansas","6/4/20","129","49","05115","37.98"
"Prairie","0","3","Arkansas","6/4/20","2","1","05117","50"
"Pulaski","30","1039","Arkansas","6/4/20","830","209","05119","25.18"
"Randolph","0","26","Arkansas","6/4/20","26","0","05121","0"
"Saline","2","120","Arkansas","6/4/20","108","12","05125","11.11"
"Scott","0","1","Arkansas","6/4/20","1","0","05127","0"
"Searcy","0","7","Arkansas","6/4/20","7","0","05129","0"
"Sebastian","5","62","Arkansas","6/4/20","24","38","05131","158.33"
"Sevier","24","297","Arkansas","6/4/20","131","166","05133","126.72"
"Sharp","0","47","Arkansas","6/4/20","45","2","05135","4.44"
"St. Francis","4","691","Arkansas","6/4/20","660","31","05123","4.7"
"Stone","0","10","Arkansas","6/4/20","8","2","05137","25"
"Union","2","179","Arkansas","6/4/20","164","15","05139","9.15"
"Van Buren","0","29","Arkansas","6/4/20","28","1","05141","3.57"
"Washington","60","771","Arkansas","6/4/20","352","419","05143","119.03"
"White","1","48","Arkansas","6/4/20","43","5","05145","11.63"
"Woodruff","0","1","Arkansas","6/4/20","2","-1","05147","-50"
"Yell","11","192","Arkansas","6/4/20","114","78","05149","68.42"
"Alameda","78","3641","California","6/4/20","3097","544","06001","17.57"
"Alpine","0","2","California","6/4/20","2","0","06003","0"
"Amador","0","10","California","6/4/20","10","0","06005","0"
"Butte","3","60","California","6/4/20","40","20","06007","50"
"Calaveras","0","16","California","6/4/20","15","1","06009","6.67"
"Colusa","0","7","California","6/4/20","5","2","06011","40"
"Contra Costa","23","1547","California","6/4/20","1384","163","06013","11.78"
"Del Norte","0","47","California","6/4/20","44","3","06015","6.82"
"El Dorado","2","98","California","6/4/20","84","14","06017","16.67"
"Fresno","41","1944","California","6/4/20","1658","286","06019","17.25"
"Glenn","0","17","California","6/4/20","14","3","06021","21.43"
"Humboldt","1","104","California","6/4/20","98","6","06023","6.12"
"Imperial","150","2493","California","6/4/20","1443","1050","06025","72.77"
"Inyo","0","20","California","6/4/20","19","1","06027","5.26"
"Kern","65","2462","California","6/4/20","2007","455","06029","22.67"
"Kings","69","1187","California","6/4/20","704","483","06031","68.61"
"Lake","1","30","California","6/4/20","23","7","06033","30.43"
"Lassen","0","5","California","6/4/20","5","0","06035","0"
"Los Angeles","1405","59692","California","6/4/20","49860","9832","06037","19.72"
"Madera","5","129","California","6/4/20","94","35","06039","37.23"
"Marin","13","525","California","6/4/20","436","89","06041","20.41"
"Mariposa","0","16","California","6/4/20","16","0","06043","0"
"Mendocino","1","33","California","6/4/20","25","8","06045","32"
"Merced","4","310","California","6/4/20","280","30","06047","10.71"
"Mono","0","37","California","6/4/20","35","2","06051","5.71"
"Monterey","22","621","California","6/4/20","469","152","06053","32.41"
"Napa","2","126","California","6/4/20","111","15","06055","13.51"
"Nevada","1","49","California","6/4/20","41","8","06057","19.51"
"Orange","148","6783","California","6/4/20","5744","1039","06059","18.09"
"Placer","9","259","California","6/4/20","196","63","06061","32.14"
"Plumas","0","4","California","6/4/20","4","0","06063","0"
"Riverside","137","8303","California","6/4/20","7341","962","06065","13.1"
"Sacramento","20","1490","California","6/4/20","1349","141","06067","10.45"
"San Benito","2","96","California","6/4/20","85","11","06069","12.94"
"San Bernardino","105","5650","California","6/4/20","4914","736","06071","14.98"
"San Diego","100","7798","California","6/4/20","7100","698","06073","9.83"
"San Francisco","30","2644","California","6/4/20","2437","207","06075","8.49"
"San Joaquin","26","1024","California","6/4/20","842","182","06077","21.62"
"San Luis Obispo","3","288","California","6/4/20","268","20","06079","7.46"
"San Mateo","32","2244","California","6/4/20","2022","222","06081","10.98"
"Santa Barbara","11","1714","California","6/4/20","1636","78","06083","4.77"
"Santa Clara","21","2850","California","6/4/20","2701","149","06085","5.52"
"Santa Cruz","2","219","California","6/4/20","206","13","06087","6.31"
"Shasta","0","40","California","6/4/20","37","3","06089","8.11"
"Sierra","0","1","California","6/4/20","1","0","06091","0"
"Siskiyou","0","9","California","6/4/20","6","3","06093","50"
"Solano","7","559","California","6/4/20","509","50","06095","9.82"
"Sonoma","9","593","California","6/4/20","530","63","06097","11.89"
"Stanislaus","16","792","California","6/4/20","683","109","06099","15.96"
"Sutter","1","48","California","6/4/20","42","6","06101","14.29"
"Tehama","0","6","California","6/4/20","4","2","06103","50"
"Trinity","0","1","California","6/4/20","1","0","06105","0"
"Tulare","35","2083","California","6/4/20","1835","248","06107","13.51"
"Tuolumne","0","5","California","6/4/20","4","1","06109","25"
"Ventura","18","1190","California","6/4/20","1062","128","06111","12.05"
"Yolo","1","216","California","6/4/20","207","9","06113","4.35"
"Yuba","0","31","California","6/4/20","28","3","06115","10.71"
"Adams","55","3458","Colorado","6/4/20","3070","388","08001","12.64"
"Alamosa","3","84","Colorado","6/4/20","60","24","08003","40"
"Arapahoe","50","4553","Colorado","6/4/20","4201","352","08005","8.38"
"Archuleta","0","8","Colorado","6/4/20","8","0","08007","0"
"Baca","0","12","Colorado","6/4/20","12","0","08009","0"
"Bent","0","2","Colorado","6/4/20","2","0","08011","0"
"Boulder","7","1004","Colorado","6/4/20","956","48","08013","5.02"
"Broomfield","3","251","Colorado","6/4/20","227","24","08014","10.57"
"Chaffee","1","76","Colorado","6/4/20","72","4","08015","5.56"
"Cheyenne","0","5","Colorado","6/4/20","5","0","08017","0"
"Clear Creek","0","17","Colorado","6/4/20","16","1","08019","6.25"
"Conejos","0","3","Colorado","6/4/20","1","2","08021","200"
"Costilla","0","6","Colorado","6/4/20","5","1","08023","20"
"Crowley","0","64","Colorado","6/4/20","63","1","08025","1.59"
"Custer","0","2","Colorado","6/4/20","2","0","08027","0"
"Delta","1","72","Colorado","6/4/20","67","5","08029","7.46"
"Denver","78","5977","Colorado","6/4/20","5434","543","08031","9.99"
"Douglas","7","746","Colorado","6/4/20","699","47","08035","6.72"
"Eagle","2","599","Colorado","6/4/20","584","15","08037","2.57"
"El Paso","22","1788","Colorado","6/4/20","1636","152","08041","9.29"
"Elbert","0","53","Colorado","6/4/20","51","2","08039","3.92"
"Fremont","0","26","Colorado","6/4/20","26","0","08043","0"
"Garfield","3","157","Colorado","6/4/20","135","22","08045","16.3"
"Gilpin","0","4","Colorado","6/4/20","3","1","08047","33.33"
"Grand","1","15","Colorado","6/4/20","10","5","08049","50"
"Gunnison","0","178","Colorado","6/4/20","177","1","08051","0.56"
"Hinsdale","0","3","Colorado","6/4/20","3","0","08053","0"
"Huerfano","0","3","Colorado","6/4/20","3","0","08055","0"
"Jefferson","27","2310","Colorado","6/4/20","2123","187","08059","8.81"
"Kit Carson","1","30","Colorado","6/4/20","26","4","08063","15.38"
"La Plata","1","82","Colorado","6/4/20","77","5","08067","6.49"
"Lake","1","34","Colorado","6/4/20","27","7","08065","25.93"
"Larimer","6","610","Colorado","6/4/20","567","43","08069","7.58"
"Las Animas","0","5","Colorado","6/4/20","5","0","08071","0"
"Lincoln","0","3","Colorado","6/4/20","3","0","08073","0"
"Logan","6","624","Colorado","6/4/20","585","39","08075","6.67"
"Mesa","1","59","Colorado","6/4/20","53","6","08077","11.32"
"Mineral","0","2","Colorado","6/4/20","2","0","08079","0"
"Moffat","0","8","Colorado","6/4/20","7","1","08081","14.29"
"Montezuma","1","46","Colorado","6/4/20","37","9","08083","24.32"
"Montrose","3","182","Colorado","6/4/20","163","19","08085","11.66"
"Morgan","3","638","Colorado","6/4/20","620","18","08087","2.9"
"Otero","0","21","Colorado","6/4/20","18","3","08089","16.67"
"Ouray","0","8","Colorado","6/4/20","8","0","08091","0"
"Park","0","23","Colorado","6/4/20","23","0","08093","0"
"Phillips","0","14","Colorado","6/4/20","12","2","08095","16.67"
"Pitkin","0","59","Colorado","6/4/20","57","2","08097","3.51"
"Prowers","0","15","Colorado","6/4/20","13","2","08099","15.38"
"Pueblo","3","302","Colorado","6/4/20","278","24","08101","8.63"
"Rio Blanco","0","1","Colorado","6/4/20","1","0","08103","0"
"Rio Grande","3","38","Colorado","6/4/20","14","24","08105","171.43"
"Routt","0","62","Colorado","6/4/20","61","1","08107","1.64"
"Saguache","8","89","Colorado","6/4/20","33","56","08109","169.7"
"San Juan","0","1","Colorado","6/4/20","1","0","08111","0"
"San Miguel","0","24","Colorado","6/4/20","23","1","08113","4.35"
"Summit","4","239","Colorado","6/4/20","213","26","08117","12.21"
"Teller","0","33","Colorado","6/4/20","32","1","08119","3.12"
"Washington","1","42","Colorado","6/4/20","33","9","08121","27.27"
"Weld","13","2534","Colorado","6/4/20","2444","90","08123","3.68"
"Yuma","3","42","Colorado","6/4/20","20","22","08125","110"
"Fairfield","70","15843","Connecticut","6/4/20","15353","490","09001","3.19"
"Hartford","80","10636","Connecticut","6/4/20","10078","558","09003","5.54"
"Litchfield","6","1406","Connecticut","6/4/20","1366","40","09005","2.93"
"Middlesex","13","1171","Connecticut","6/4/20","1082","89","09007","8.23"
"New Haven","55","11582","Connecticut","6/4/20","11198","384","09009","3.43"
"New London","5","1104","Connecticut","6/4/20","1067","37","09011","3.47"
"Tolland","5","859","Connecticut","6/4/20","822","37","09013","4.5"
"Windham","3","397","Connecticut","6/4/20","375","22","09015","5.87"
"Kent","9","1454","Delaware","6/4/20","1392","62","10001","4.45"
"New Castle","50","3925","Delaware","6/4/20","3575","350","10003","9.79"
"Sussex","23","4314","Delaware","6/4/20","4151","163","10005","3.93"
"","0","49","Diamond Princess","6/4/20","49","0",,"0"
"District of Columbia","90","9120","District of Columbia","6/4/20","8492","628","11001","7.4"
"Alachua","2","387","Florida","6/4/20","372","15","12001","4.03"
"Baker","0","29","Florida","6/4/20","28","1","12003","3.57"
"Bay","2","111","Florida","6/4/20","97","14","12005","14.43"
"Bradford","0","51","Florida","6/4/20","51","0","12007","0"
"Brevard","4","431","Florida","6/4/20","401","30","12009","7.48"
"Broward","85","7462","Florida","6/4/20","6870","592","12011","8.62"
"Calhoun","1","62","Florida","6/4/20","52","10","12013","19.23"
"Charlotte","5","476","Florida","6/4/20","438","38","12015","8.68"
"Citrus","0","122","Florida","6/4/20","119","3","12017","2.52"
"Clay","4","394","Florida","6/4/20","369","25","12019","6.78"
"Collier","59","1814","Florida","6/4/20","1401","413","12021","29.48"
"Columbia","3","160","Florida","6/4/20","136","24","12023","17.65"
"DeSoto","12","218","Florida","6/4/20","132","86","12027","65.15"
"Dixie","1","56","Florida","6/4/20","46","10","12029","21.74"
"Duval","26","1702","Florida","6/4/20","1523","179","12031","11.75"
"Escambia","12","866","Florida","6/4/20","784","82","12033","10.46"
"Flagler","2","193","Florida","6/4/20","179","14","12035","7.82"
"Franklin","0","2","Florida","6/4/20","2","0","12037","0"
"Gadsden","3","288","Florida","6/4/20","268","20","12039","7.46"
"Gilchrist","1","17","Florida","6/4/20","12","5","12041","41.67"
"Glades","7","70","Florida","6/4/20","24","46","12043","191.67"
"Gulf","0","3","Florida","6/4/20","1","2","12045","200"
"Hamilton","7","255","Florida","6/4/20","209","46","12047","22.01"
"Hardee","4","118","Florida","6/4/20","88","30","12049","34.09"
"Hendry","21","501","Florida","6/4/20","354","147","12051","41.53"
"Hernando","1","122","Florida","6/4/20","113","9","12053","7.96"
"Highlands","3","138","Florida","6/4/20","119","19","12055","15.97"
"Hillsborough","66","2479","Florida","6/4/20","2019","460","12057","22.78"
"Holmes","1","26","Florida","6/4/20","18","8","12059","44.44"
"Indian River","3","144","Florida","6/4/20","120","24","12061","20"
"Jackson","7","290","Florida","6/4/20","241","49","12063","20.33"
"Jefferson","0","29","Florida","6/4/20","29","0","12065","0"
"Lafayette","0","9","Florida","6/4/20","8","1","12067","12.5"
"Lake","5","313","Florida","6/4/20","280","33","12069","11.79"
"Lee","49","2147","Florida","6/4/20","1802","345","12071","19.15"
"Leon","8","432","Florida","6/4/20","379","53","12073","13.98"
"Levy","1","38","Florida","6/4/20","30","8","12075","26.67"
"Liberty","1","218","Florida","6/4/20","209","9","12077","4.31"
"Madison","0","69","Florida","6/4/20","69","0","12079","0"
"Manatee","18","1134","Florida","6/4/20","1007","127","12081","12.61"
"Marion","3","261","Florida","6/4/20","241","20","12083","8.3"
"Martin","30","764","Florida","6/4/20","557","207","12085","37.16"
"Miami-Dade","198","18779","Florida","6/4/20","17396","1383","12086","7.95"
"Monroe","0","110","Florida","6/4/20","107","3","12087","2.8"
"Nassau","1","82","Florida","6/4/20","74","8","12089","10.81"
"Okaloosa","6","241","Florida","6/4/20","199","42","12091","21.11"
"Okeechobee","5","104","Florida","6/4/20","68","36","12093","52.94"
"Orange","38","2169","Florida","6/4/20","1902","267","12095","14.04"
"Osceola","7","726","Florida","6/4/20","674","52","12097","7.72"
"Palm Beach","164","6688","Florida","6/4/20","5541","1147","12099","20.7"
"Pasco","4","405","Florida","6/4/20","375","30","12101","8"
"Pinellas","26","1397","Florida","6/4/20","1218","179","12103","14.7"
"Polk","23","1100","Florida","6/4/20","939","161","12105","17.15"
"Putnam","2","165","Florida","6/4/20","149","16","12107","10.74"
"Santa Rosa","3","255","Florida","6/4/20","237","18","12113","7.59"
"Sarasota","6","652","Florida","6/4/20","611","41","12115","6.71"
"Seminole","5","512","Florida","6/4/20","474","38","12117","8.02"
"St. Johns","3","267","Florida","6/4/20","247","20","12109","8.1"
"St. Lucie","16","535","Florida","6/4/20","424","111","12111","26.18"
"Sumter","1","260","Florida","6/4/20","253","7","12119","2.77"
"Suwannee","1","172","Florida","6/4/20","166","6","12121","3.61"
"Taylor","1","26","Florida","6/4/20","16","10","12123","62.5"
"Union","0","34","Florida","6/4/20","31","3","12125","9.68"
"Volusia","11","784","Florida","6/4/20","709","75","12127","10.58"
"Wakulla","0","35","Florida","6/4/20","32","3","12129","9.38"
"Walton","2","120","Florida","6/4/20","109","11","12131","10.09"
"Washington","3","74","Florida","6/4/20","51","23","12133","45.1"
"Appling","3","172","Georgia","6/4/20","148","24","13001","16.22"
"Atkinson","2","54","Georgia","6/4/20","41","13","13003","31.71"
"Bacon","7","137","Georgia","6/4/20","91","46","13005","50.55"
"Baker","0","35","Georgia","6/4/20","34","1","13007","2.94"
"Baldwin","5","380","Georgia","6/4/20","342","38","13009","11.11"
"Banks","-1","87","Georgia","6/4/20","92","-5","13011","-5.43"
"Barrow","2","333","Georgia","6/4/20","321","12","13013","3.74"
"Bartow","5","504","Georgia","6/4/20","469","35","13015","7.46"
"Ben Hill","2","84","Georgia","6/4/20","71","13","13017","18.31"
"Berrien","1","51","Georgia","6/4/20","42","9","13019","21.43"
"Bibb","7","494","Georgia","6/4/20","444","50","13021","11.26"
"Bleckley","0","48","Georgia","6/4/20","45","3","13023","6.67"
"Brantley","1","61","Georgia","6/4/20","51","10","13025","19.61"
"Brooks","1","76","Georgia","6/4/20","69","7","13027","10.14"
"Bryan","1","78","Georgia","6/4/20","74","4","13029","5.41"
"Bulloch","2","77","Georgia","6/4/20","60","17","13031","28.33"
"Burke","0","123","Georgia","6/4/20","121","2","13033","1.65"
"Butts","2","240","Georgia","6/4/20","223","17","13035","7.62"
"Calhoun","1","136","Georgia","6/4/20","130","6","13037","4.62"
"Camden","1","68","Georgia","6/4/20","62","6","13039","9.68"
"Candler","0","14","Georgia","6/4/20","13","1","13043","7.69"
"Carroll","7","568","Georgia","6/4/20","516","52","13045","10.08"
"Catoosa","4","146","Georgia","6/4/20","119","27","13047","22.69"
"Charlton","0","33","Georgia","6/4/20","33","0","13049","0"
"Chatham","7","525","Georgia","6/4/20","477","48","13051","10.06"
"Chattahoochee","19","166","Georgia","6/4/20","33","133","13053","403.03"
"Chattooga","0","25","Georgia","6/4/20","24","1","13055","4.17"
"Cherokee","9","934","Georgia","6/4/20","869","65","13057","7.48"
"Clarke","4","299","Georgia","6/4/20","270","29","13059","10.74"
"Clay","1","42","Georgia","6/4/20","37","5","13061","13.51"
"Clayton","11","1282","Georgia","6/4/20","1204","78","13063","6.48"
"Clinch","1","65","Georgia","6/4/20","58","7","13065","12.07"
"Cobb","31","3165","Georgia","6/4/20","2948","217","13067","7.36"
"Coffee","4","289","Georgia","6/4/20","261","28","13069","10.73"
"Colquitt","9","523","Georgia","6/4/20","461","62","13071","13.45"
"Columbia","3","266","Georgia","6/4/20","243","23","13073","9.47"
"Cook","0","47","Georgia","6/4/20","48","-1","13075","-2.08"
"Coweta","5","440","Georgia","6/4/20","403","37","13077","9.18"
"Crawford","0","28","Georgia","6/4/20","28","0","13079","0"
"Crisp","1","238","Georgia","6/4/20","228","10","13081","4.39"
"Dade","2","40","Georgia","6/4/20","28","12","13083","42.86"
"Dawson","0","110","Georgia","6/4/20","108","2","13085","1.85"
"Decatur","4","206","Georgia","6/4/20","181","25","13087","13.81"
"DeKalb","43","3939","Georgia","6/4/20","3635","304","13089","8.36"
"Dodge","0","52","Georgia","6/4/20","51","1","13091","1.96"
"Dooly","1","186","Georgia","6/4/20","177","9","13093","5.08"
"Dougherty","4","1794","Georgia","6/4/20","1764","30","13095","1.7"
"Douglas","6","571","Georgia","6/4/20","528","43","13097","8.14"
"Early","1","247","Georgia","6/4/20","238","9","13099","3.78"
"Echols","4","130","Georgia","6/4/20","104","26","13101","25"
"Effingham","0","77","Georgia","6/4/20","75","2","13103","2.67"
"Elbert","0","76","Georgia","6/4/20","73","3","13105","4.11"
"Emanuel","0","28","Georgia","6/4/20","27","1","13107","3.7"
"Evans","0","6","Georgia","6/4/20","5","1","13109","20"
"Fannin","1","50","Georgia","6/4/20","41","9","13111","21.95"
"Fayette","1","241","Georgia","6/4/20","231","10","13113","4.33"
"Floyd","5","292","Georgia","6/4/20","258","34","13115","13.18"
"Forsyth","4","535","Georgia","6/4/20","507","28","13117","5.52"
"Franklin","11","123","Georgia","6/4/20","45","78","13119","173.33"
"Fulton","51","4724","Georgia","6/4/20","4367","357","13121","8.17"
"Gilmer","1","158","Georgia","6/4/20","148","10","13123","6.76"
"Glascock","0","1","Georgia","6/4/20","1","0","13125","0"
"Glynn","4","139","Georgia","6/4/20","112","27","13127","24.11"
"Gordon","5","181","Georgia","6/4/20","148","33","13129","22.3"
"Grady","4","119","Georgia","6/4/20","93","26","13131","27.96"
"Greene","1","73","Georgia","6/4/20","67","6","13133","8.96"
"Gwinnett","93","4267","Georgia","6/4/20","3619","648","13135","17.91"
"Habersham","4","545","Georgia","6/4/20","514","31","13137","6.03"
"Hall","17","2566","Georgia","6/4/20","2450","116","13139","4.73"
"Hancock","0","197","Georgia","6/4/20","194","3","13141","1.55"
"Haralson","1","50","Georgia","6/4/20","42","8","13143","19.05"
"Harris","4","120","Georgia","6/4/20","89","31","13145","34.83"
"Hart","1","36","Georgia","6/4/20","28","8","13147","28.57"
"Heard","1","37","Georgia","6/4/20","32","5","13149","15.62"
"Henry","10","742","Georgia","6/4/20","672","70","13151","10.42"
"Houston","4","390","Georgia","6/4/20","363","27","13153","7.44"
"Irwin","1","33","Georgia","6/4/20","25","8","13155","32"
"Jackson","5","210","Georgia","6/4/20","175","35","13157","20"
"Jasper","2","45","Georgia","6/4/20","32","13","13159","40.62"
"Jeff Davis","0","38","Georgia","6/4/20","38","0","13161","0"
"Jefferson","2","47","Georgia","6/4/20","33","14","13163","42.42"
"Jenkins","0","22","Georgia","6/4/20","19","3","13165","15.79"
"Johnson","0","83","Georgia","6/4/20","82","1","13167","1.22"
"Jones","2","48","Georgia","6/4/20","35","13","13169","37.14"
"Lamar","1","75","Georgia","6/4/20","66","9","13171","13.64"
"Lanier","1","27","Georgia","6/4/20","20","7","13173","35"
"Laurens","1","108","Georgia","6/4/20","104","4","13175","3.85"
"Lee","0","361","Georgia","6/4/20","361","0","13177","0"
"Liberty","2","85","Georgia","6/4/20","72","13","13179","18.06"
"Lincoln","0","16","Georgia","6/4/20","16","0","13181","0"
"Long","0","16","Georgia","6/4/20","15","1","13183","6.67"
"Lowndes","10","356","Georgia","6/4/20","283","73","13185","25.8"
"Lumpkin","1","101","Georgia","6/4/20","95","6","13187","6.32"
"Macon","1","104","Georgia","6/4/20","99","5","13193","5.05"
"Madison","2","61","Georgia","6/4/20","49","12","13195","24.49"
"Marion","1","59","Georgia","6/4/20","53","6","13197","11.32"
"McDuffie","0","70","Georgia","6/4/20","67","3","13189","4.48"
"McIntosh","0","16","Georgia","6/4/20","16","0","13191","0"
"Meriwether","2","99","Georgia","6/4/20","82","17","13199","20.73"
"Miller","0","42","Georgia","6/4/20","41","1","13201","2.44"
"Mitchell","1","416","Georgia","6/4/20","409","7","13205","1.71"
"Monroe","1","124","Georgia","6/4/20","119","5","13207","4.2"
"Montgomery","1","13","Georgia","6/4/20","9","4","13209","44.44"
"Morgan","0","38","Georgia","6/4/20","37","1","13211","2.7"
"Murray","2","100","Georgia","6/4/20","85","15","13213","17.65"
"Muscogee","15","697","Georgia","6/4/20","593","104","13215","17.54"
"Newton","5","382","Georgia","6/4/20","344","38","13217","11.05"
"Oconee","1","120","Georgia","6/4/20","111","9","13219","8.11"
"Oglethorpe","1","63","Georgia","6/4/20","58","5","13221","8.62"
"Out of GA","59","2319","Georgia","6/4/20","1903","416","80013","21.86"
"Paulding","4","340","Georgia","6/4/20","309","31","13223","10.03"
"Peach","1","76","Georgia","6/4/20","70","6","13225","8.57"
"Pickens","1","50","Georgia","6/4/20","45","5","13227","11.11"
"Pierce","2","109","Georgia","6/4/20","97","12","13229","12.37"
"Pike","0","57","Georgia","6/4/20","54","3","13231","5.56"
"Polk","4","138","Georgia","6/4/20","113","25","13233","22.12"
"Pulaski","0","43","Georgia","6/4/20","40","3","13235","7.5"
"Putnam","1","97","Georgia","6/4/20","88","9","13237","10.23"
"Quitman","0","14","Georgia","6/4/20","12","2","13239","16.67"
"Rabun","1","25","Georgia","6/4/20","19","6","13241","31.58"
"Randolph","1","181","Georgia","6/4/20","177","4","13243","2.26"
"Richmond","5","609","Georgia","6/4/20","576","33","13245","5.73"
"Rockdale","3","302","Georgia","6/4/20","278","24","13247","8.63"
"Schley","0","17","Georgia","6/4/20","16","1","13249","6.25"
"Screven","1","56","Georgia","6/4/20","50","6","13251","12"
"Seminole","0","45","Georgia","6/4/20","44","1","13253","2.27"
"Spalding","2","281","Georgia","6/4/20","267","14","13255","5.24"
"Stephens","2","147","Georgia","6/4/20","136","11","13257","8.09"
"Stewart","0","54","Georgia","6/4/20","51","3","13259","5.88"
"Sumter","3","490","Georgia","6/4/20","466","24","13261","5.15"
"Talbot","0","40","Georgia","6/4/20","38","2","13263","5.26"
"Taliaferro","0","1","Georgia","6/4/20","1","0","13265","0"
"Tattnall","1","29","Georgia","6/4/20","20","9","13267","45"
"Taylor","0","23","Georgia","6/4/20","22","1","13269","4.55"
"Telfair","0","38","Georgia","6/4/20","36","2","13271","5.56"
"Terrell","1","217","Georgia","6/4/20","213","4","13273","1.88"
"Thomas","4","349","Georgia","6/4/20","324","25","13275","7.72"
"Tift","4","277","Georgia","6/4/20","247","30","13277","12.15"
"Toombs","1","60","Georgia","6/4/20","55","5","13279","9.09"
"Towns","1","27","Georgia","6/4/20","23","4","13281","17.39"
"Treutlen","1","13","Georgia","6/4/20","8","5","13283","62.5"
"Troup","11","363","Georgia","6/4/20","283","80","13285","28.27"
"Turner","3","134","Georgia","6/4/20","114","20","13287","17.54"
"Twiggs","0","18","Georgia","6/4/20","15","3","13289","20"
"Union","1","48","Georgia","6/4/20","43","5","13291","11.63"
"Upson","1","290","Georgia","6/4/20","280","10","13293","3.57"
"Walker","9","178","Georgia","6/4/20","112","66","13295","58.93"
"Walton","6","288","Georgia","6/4/20","246","42","13297","17.07"
"Ware","2","238","Georgia","6/4/20","225","13","13299","5.78"
"Warren","0","18","Georgia","6/4/20","18","0","13301","0"
"Washington","0","74","Georgia","6/4/20","74","0","13303","0"
"Wayne","1","22","Georgia","6/4/20","18","4","13305","22.22"
"Webster","0","13","Georgia","6/4/20","11","2","13307","18.18"
"Wheeler","0","13","Georgia","6/4/20","13","0","13309","0"
"White","2","110","Georgia","6/4/20","99","11","13311","11.11"
"Whitfield","15","427","Georgia","6/4/20","322","105","13313","32.61"
"Wilcox","2","117","Georgia","6/4/20","106","11","13315","10.38"
"Wilkes","0","34","Georgia","6/4/20","33","1","13317","3.03"
"Wilkinson","0","70","Georgia","6/4/20","68","2","13319","2.94"
"Worth","3","228","Georgia","6/4/20","208","20","13321","9.62"
"","0","103","Grand Princess","6/4/20","103","0",,"0"
"","1","179","Guam","6/4/20","171","8",,"4.68"
"Hawaii","0","81","Hawaii","6/4/20","82","-1","15001","-1.22"
"Honolulu","1","424","Hawaii","6/4/20","417","7","15003","1.68"
"Kauai","0","20","Hawaii","6/4/20","20","0","15007","0"
"Maui","0","119","Hawaii","6/4/20","118","1","15009","0.85"
"Out of HI","0","11","Hawaii","6/4/20","10","1","80015","10"
"Ada","3","823","Idaho","6/4/20","803","20","16001","2.49"
"Adams","0","3","Idaho","6/4/20","3","0","16003","0"
"Bannock","2","37","Idaho","6/4/20","24","13","16005","54.17"
"Benewah","1","14","Idaho","6/4/20","9","5","16009","55.56"
"Bingham","1","11","Idaho","6/4/20","6","5","16011","83.33"
"Blaine","0","514","Idaho","6/4/20","512","2","16013","0.39"
"Bonner","0","6","Idaho","6/4/20","4","2","16017","50"
"Bonneville","3","56","Idaho","6/4/20","37","19","16019","51.35"
"Camas","0","1","Idaho","6/4/20","1","0","16025","0"
"Canyon","3","315","Idaho","6/4/20","294","21","16027","7.14"
"Caribou","0","3","Idaho","6/4/20","1","2","16029","200"
"Cassia","5","89","Idaho","6/4/20","56","33","16031","58.93"
"Custer","0","2","Idaho","6/4/20","2","0","16037","0"
"Elmore","0","32","Idaho","6/4/20","31","1","16039","3.23"
"Franklin","1","9","Idaho","6/4/20","0","9","16041","1"
"Fremont","0","4","Idaho","6/4/20","3","1","16043","33.33"
"Gem","0","17","Idaho","6/4/20","17","0","16045","0"
"Gooding","1","50","Idaho","6/4/20","46","4","16047","8.7"
"Idaho","0","3","Idaho","6/4/20","3","0","16049","0"
"Jefferson","0","9","Idaho","6/4/20","7","2","16051","28.57"
"Jerome","3","180","Idaho","6/4/20","161","19","16053","11.8"
"Kootenai","1","74","Idaho","6/4/20","67","7","16055","10.45"
"Latah","0","7","Idaho","6/4/20","7","0","16057","0"
"Lemhi","0","1","Idaho","6/4/20","1","0","16059","0"
"Lincoln","0","33","Idaho","6/4/20","33","0","16063","0"
"Madison","1","25","Idaho","6/4/20","21","4","16065","19.05"
"Minidoka","2","61","Idaho","6/4/20","45","16","16067","35.56"
"Nez Perce","0","83","Idaho","6/4/20","82","1","16069","1.22"
"Owyhee","0","8","Idaho","6/4/20","8","0","16073","0"
"Payette","0","25","Idaho","6/4/20","23","2","16075","8.7"
"Power","0","6","Idaho","6/4/20","3","3","16077","100"
"Teton","0","11","Idaho","6/4/20","11","0","16081","0"
"Twin Falls","3","432","Idaho","6/4/20","410","22","16083","5.37"
"Valley","0","2","Idaho","6/4/20","2","0","16085","0"
"Washington","1","44","Idaho","6/4/20","36","8","16087","22.22"
"Adams","0","44","Illinois","6/4/20","44","0","17001","0"
"Alexander","1","12","Illinois","6/4/20","8","4","17003","50"
"Bond","0","12","Illinois","6/4/20","12","0","17005","0"
"Boone","9","488","Illinois","6/4/20","424","64","17007","15.09"
"Brown","0","10","Illinois","6/4/20","10","0","17009","0"
"Bureau","0","17","Illinois","6/4/20","15","2","17011","13.33"
"Calhoun","0","1","Illinois","6/4/20","1","0","17013","0"
"Carroll","0","15","Illinois","6/4/20","14","1","17015","7.14"
"Cass","1","74","Illinois","6/4/20","69","5","17017","7.25"
"Champaign","11","671","Illinois","6/4/20","595","76","17019","12.77"
"Christian","0","35","Illinois","6/4/20","33","2","17021","6.06"
"Clark","0","11","Illinois","6/4/20","11","0","17023","0"
"Clay","0","2","Illinois","6/4/20","2","0","17025","0"
"Clinton","1","189","Illinois","6/4/20","180","9","17027","5"
"Coles","1","129","Illinois","6/4/20","123","6","17029","4.88"
"Cook","772","80713","Illinois","6/4/20","75306","5407","17031","7.18"
"Crawford","0","11","Illinois","6/4/20","11","0","17033","0"
"Cumberland","0","10","Illinois","6/4/20","10","0","17035","0"
"De Witt","0","4","Illinois","6/4/20","4","0","17039","0"
"DeKalb","10","443","Illinois","6/4/20","370","73","17037","19.73"
"Douglas","0","28","Illinois","6/4/20","26","2","17041","7.69"
"DuPage","68","7939","Illinois","6/4/20","7460","479","17043","6.42"
"Edgar","0","1","Illinois","6/4/20","0","1","17045","1"
"Edwards","0","2","Illinois","6/4/20","2","0","17047","0"
"Effingham","0","7","Illinois","6/4/20","6","1","17049","16.67"
"Fayette","0","21","Illinois","6/4/20","20","1","17051","5"
"Ford","0","20","Illinois","6/4/20","20","0","17053","0"
"Franklin","0","12","Illinois","6/4/20","12","0","17055","0"
"Fulton","0","12","Illinois","6/4/20","11","1","17057","9.09"
"Gallatin","0","2","Illinois","6/4/20","2","0","17059","0"
"Greene","0","6","Illinois","6/4/20","5","1","17061","20"
"Grundy","2","107","Illinois","6/4/20","95","12","17063","12.63"
"Hamilton","0","2","Illinois","6/4/20","2","0","17065","0"
"Hancock","0","17","Illinois","6/4/20","16","1","17067","6.25"
"Hardin","0","1","Illinois","6/4/20","1","0","17069","0"
"Henderson","0","8","Illinois","6/4/20","8","0","17071","0"
"Henry","0","70","Illinois","6/4/20","67","3","17073","4.48"
"Iroquois","0","133","Illinois","6/4/20","131","2","17075","1.53"
"Jackson","6","296","Illinois","6/4/20","256","40","17077","15.62"
"Jasper","0","46","Illinois","6/4/20","45","1","17079","2.22"
"Jefferson","0","101","Illinois","6/4/20","101","0","17081","0"
"Jersey","1","24","Illinois","6/4/20","20","4","17083","20"
"Jo Daviess","0","32","Illinois","6/4/20","32","0","17085","0"
"Johnson","1","11","Illinois","6/4/20","7","4","17087","57.14"
"Kane","71","6581","Illinois","6/4/20","6083","498","17089","8.19"
"Kankakee","20","975","Illinois","6/4/20","836","139","17091","16.63"
"Kendall","12","833","Illinois","6/4/20","751","82","17093","10.92"
"Knox","1","102","Illinois","6/4/20","96","6","17095","6.25"
"Lake","93","8584","Illinois","6/4/20","7933","651","17097","8.21"
"LaSalle","3","159","Illinois","6/4/20","141","18","17099","12.77"
"Lawrence","0","4","Illinois","6/4/20","4","0","17101","0"
"Lee","0","82","Illinois","6/4/20","79","3","17103","3.8"
"Livingston","1","36","Illinois","6/4/20","32","4","17105","12.5"
"Logan","0","11","Illinois","6/4/20","10","1","17107","10"
"Macon","1","199","Illinois","6/4/20","192","7","17115","3.65"
"Macoupin","0","46","Illinois","6/4/20","44","2","17117","4.55"
"Madison","10","612","Illinois","6/4/20","545","67","17119","12.29"
"Marion","0","51","Illinois","6/4/20","50","1","17121","2"
"Marshall","0","5","Illinois","6/4/20","5","0","17123","0"
"Mason","0","18","Illinois","6/4/20","18","0","17125","0"
"Massac","0","7","Illinois","6/4/20","7","0","17127","0"
"McDonough","1","93","Illinois","6/4/20","84","9","17109","10.71"
"McHenry","25","1660","Illinois","6/4/20","1488","172","17111","11.56"
"McLean","1","224","Illinois","6/4/20","216","8","17113","3.7"
"Menard","0","20","Illinois","6/4/20","19","1","17129","5.26"
"Mercer","0","18","Illinois","6/4/20","16","2","17131","12.5"
"Monroe","1","98","Illinois","6/4/20","93","5","17133","5.38"
"Montgomery","0","41","Illinois","6/4/20","39","2","17135","5.13"
"Morgan","1","42","Illinois","6/4/20","34","8","17137","23.53"
"Moultrie","0","12","Illinois","6/4/20","10","2","17139","20"
"Ogle","3","223","Illinois","6/4/20","200","23","17141","11.5"
"Out of IL","-9","119","Illinois","6/4/20","183","-64","80017","-34.97"
"Peoria","14","286","Illinois","6/4/20","191","95","17143","49.74"
"Perry","0","42","Illinois","6/4/20","41","1","17145","2.44"
"Piatt","0","11","Illinois","6/4/20","12","-1","17147","-8.33"
"Pike","0","1","Illinois","6/4/20","1","0","17149","0"
"Pope","0","1","Illinois","6/4/20","1","0","17151","0"
"Pulaski","2","57","Illinois","6/4/20","41","16","17153","39.02"
"Putnam","0","1","Illinois","6/4/20","1","0","17155","0"
"Randolph","1","273","Illinois","6/4/20","267","6","17157","2.25"
"Richland","0","4","Illinois","6/4/20","3","1","17159","33.33"
"Rock Island","8","694","Illinois","6/4/20","639","55","17161","8.61"
"Saline","0","7","Illinois","6/4/20","7","0","17165","0"
"Sangamon","2","359","Illinois","6/4/20","343","16","17167","4.66"
"Schuyler","0","13","Illinois","6/4/20","12","1","17169","8.33"
"Shelby","0","16","Illinois","6/4/20","16","0","17173","0"
"St. Clair","25","1227","Illinois","6/4/20","1050","177","17163","16.86"
"Stark","0","3","Illinois","6/4/20","3","0","17175","0"
"Stephenson","1","209","Illinois","6/4/20","199","10","17177","5.03"
"Tazewell","1","78","Illinois","6/4/20","70","8","17179","11.43"
"Union","3","171","Illinois","6/4/20","151","20","17181","13.25"
"Vermilion","0","41","Illinois","6/4/20","38","3","17183","7.89"
"Wabash","1","6","Illinois","6/4/20","2","4","17185","200"
"Warren","1","120","Illinois","6/4/20","113","7","17187","6.19"
"Washington","0","19","Illinois","6/4/20","18","1","17189","5.56"
"Wayne","0","9","Illinois","6/4/20","9","0","17191","0"
"White","0","2","Illinois","6/4/20","2","0","17193","0"
"Whiteside","2","147","Illinois","6/4/20","134","13","17195","9.7"
"Will","55","5742","Illinois","6/4/20","5356","386","17197","7.21"
"Williamson","2","74","Illinois","6/4/20","60","14","17199","23.33"
"Winnebago","44","2397","Illinois","6/4/20","2091","306","17201","14.63"
"Woodford","0","21","Illinois","6/4/20","18","3","17203","16.67"
"Adams","1","21","Indiana","6/4/20","13","8","18001","61.54"
"Allen","48","1753","Indiana","6/4/20","1419","334","18003","23.54"
"Bartholomew","5","527","Indiana","6/4/20","490","37","18005","7.55"
"Benton","1","32","Indiana","6/4/20","26","6","18007","23.08"
"Blackford","1","27","Indiana","6/4/20","22","5","18009","22.73"
"Boone","3","324","Indiana","6/4/20","305","19","18011","6.23"
"Brown","0","33","Indiana","6/4/20","33","0","18013","0"
"Carroll","0","94","Indiana","6/4/20","93","1","18015","1.08"
"Cass","0","1592","Indiana","6/4/20","1589","3","18017","0.19"
"Clark","7","530","Indiana","6/4/20","479","51","18019","10.65"
"Clay","1","53","Indiana","6/4/20","46","7","18021","15.22"
"Clinton","3","246","Indiana","6/4/20","222","24","18023","10.81"
"Crawford","0","24","Indiana","6/4/20","23","1","18025","4.35"
"Daviess","2","99","Indiana","6/4/20","84","15","18027","17.86"
"Dearborn","1","170","Indiana","6/4/20","165","5","18029","3.03"
"Decatur","1","231","Indiana","6/4/20","224","7","18031","3.12"
"DeKalb","2","44","Indiana","6/4/20","33","11","18033","33.33"
"Delaware","2","389","Indiana","6/4/20","376","13","18035","3.46"
"Dubois","3","209","Indiana","6/4/20","190","19","18037","10"
"Elkhart","56","1495","Indiana","6/4/20","1101","394","18039","35.79"
"Fayette","1","79","Indiana","6/4/20","74","5","18041","6.76"
"Floyd","1","323","Indiana","6/4/20","317","6","18043","1.89"
"Fountain","1","22","Indiana","6/4/20","18","4","18045","22.22"
"Franklin","1","116","Indiana","6/4/20","109","7","18047","6.42"
"Fulton","0","50","Indiana","6/4/20","47","3","18049","6.38"
"Gibson","1","19","Indiana","6/4/20","14","5","18051","35.71"
"Grant","4","225","Indiana","6/4/20","197","28","18053","14.21"
"Greene","1","172","Indiana","6/4/20","168","4","18055","2.38"
"Hamilton","7","1183","Indiana","6/4/20","1132","51","18057","4.51"
"Hancock","3","351","Indiana","6/4/20","327","24","18059","7.34"
"Harrison","1","195","Indiana","6/4/20","189","6","18061","3.17"
"Hendricks","7","1192","Indiana","6/4/20","1142","50","18063","4.38"
"Henry","2","184","Indiana","6/4/20","169","15","18065","8.88"
"Howard","9","440","Indiana","6/4/20","378","62","18067","16.4"
"Huntington","2","38","Indiana","6/4/20","26","12","18069","46.15"
"Jackson","4","399","Indiana","6/4/20","372","27","18071","7.26"
"Jasper","1","73","Indiana","6/4/20","66","7","18073","10.61"
"Jay","1","54","Indiana","6/4/20","49","5","18075","10.2"
"Jefferson","1","49","Indiana","6/4/20","43","6","18077","13.95"
"Jennings","0","132","Indiana","6/4/20","129","3","18079","2.33"
"Johnson","4","1121","Indiana","6/4/20","1092","29","18081","2.66"
"Knox","1","31","Indiana","6/4/20","25","6","18083","24"
"Kosciusko","11","179","Indiana","6/4/20","101","78","18085","77.23"
"LaGrange","7","116","Indiana","6/4/20","68","48","18087","70.59"
"Lake","48","3833","Indiana","6/4/20","3494","339","18089","9.7"
"LaPorte","4","446","Indiana","6/4/20","420","26","18091","6.19"
"Lawrence","2","167","Indiana","6/4/20","152","15","18093","9.87"
"Madison","2","599","Indiana","6/4/20","584","15","18095","2.57"
"Marion","82","10095","Indiana","6/4/20","9524","571","18097","6"
"Marshall","14","178","Indiana","6/4/20","80","98","18099","122.5"
"Martin","1","13","Indiana","6/4/20","9","4","18101","44.44"
"Miami","1","144","Indiana","6/4/20","140","4","18103","2.86"
"Monroe","1","170","Indiana","6/4/20","165","5","18105","3.03"
"Montgomery","2","248","Indiana","6/4/20","234","14","18107","5.98"
"Morgan","1","284","Indiana","6/4/20","277","7","18109","2.53"
"Newton","0","78","Indiana","6/4/20","76","2","18111","2.63"
"Noble","9","268","Indiana","6/4/20","204","64","18113","31.37"
"Ohio","0","13","Indiana","6/4/20","13","0","18115","0"
"Orange","1","131","Indiana","6/4/20","124","7","18117","5.65"
"Owen","0","34","Indiana","6/4/20","35","-1","18119","-2.86"
"Parke","0","18","Indiana","6/4/20","19","-1","18121","-5.26"
"Perry","2","39","Indiana","6/4/20","28","11","18123","39.29"
"Pike","0","6","Indiana","6/4/20","6","0","18125","0"
"Porter","8","558","Indiana","6/4/20","505","53","18127","10.5"
"Posey","0","16","Indiana","6/4/20","16","0","18129","0"
"Pulaski","1","50","Indiana","6/4/20","41","9","18131","21.95"
"Putnam","1","142","Indiana","6/4/20","135","7","18133","5.19"
"Randolph","1","52","Indiana","6/4/20","45","7","18135","15.56"
"Ripley","0","108","Indiana","6/4/20","110","-2","18137","-1.82"
"Rush","1","51","Indiana","6/4/20","45","6","18139","13.33"
"Scott","1","126","Indiana","6/4/20","120","6","18143","5"
"Shelby","4","397","Indiana","6/4/20","368","29","18145","7.88"
"Spencer","0","21","Indiana","6/4/20","19","2","18147","10.53"
"St. Joseph","17","1337","Indiana","6/4/20","1221","116","18141","9.5"
"Starke","1","39","Indiana","6/4/20","32","7","18149","21.88"
"Steuben","1","88","Indiana","6/4/20","81","7","18151","8.64"
"Sullivan","0","37","Indiana","6/4/20","34","3","18153","8.82"
"Switzerland","0","21","Indiana","6/4/20","19","2","18155","10.53"
"Tippecanoe","7","429","Indiana","6/4/20","382","47","18157","12.3"
"Tipton","0","26","Indiana","6/4/20","24","2","18159","8.33"
"Union","0","9","Indiana","6/4/20","8","1","18161","12.5"
"Vanderburgh","4","289","Indiana","6/4/20","259","30","18163","11.58"
"Vermillion","0","10","Indiana","6/4/20","10","0","18165","0"
"Vigo","4","178","Indiana","6/4/20","153","25","18167","16.34"
"Wabash","1","80","Indiana","6/4/20","74","6","18169","8.11"
"Warren","0","12","Indiana","6/4/20","12","0","18171","0"
"Warrick","0","167","Indiana","6/4/20","165","2","18173","1.21"
"Washington","0","50","Indiana","6/4/20","51","-1","18175","-1.96"
"Wayne","2","86","Indiana","6/4/20","75","11","18177","14.67"
"Wells","1","34","Indiana","6/4/20","27","7","18179","25.93"
"White","1","238","Indiana","6/4/20","230","8","18181","3.48"
"Whitley","1","45","Indiana","6/4/20","38","7","18183","18.42"
"Adair","0","9","Iowa","6/4/20","8","1","19001","12.5"
"Adams","0","7","Iowa","6/4/20","7","0","19003","0"
"Allamakee","0","120","Iowa","6/4/20","120","0","19005","0"
"Appanoose","0","17","Iowa","6/4/20","14","3","19007","21.43"
"Audubon","0","13","Iowa","6/4/20","12","1","19009","8.33"
"Benton","1","43","Iowa","6/4/20","39","4","19011","10.26"
"Black Hawk","7","1775","Iowa","6/4/20","1724","51","19013","2.96"
"Boone","2","70","Iowa","6/4/20","57","13","19015","22.81"
"Bremer","0","70","Iowa","6/4/20","67","3","19017","4.48"
"Buchanan","0","33","Iowa","6/4/20","32","1","19019","3.12"
"Buena Vista","42","997","Iowa","6/4/20","702","295","19021","42.02"
"Butler","0","16","Iowa","6/4/20","15","1","19023","6.67"
"Calhoun","1","6","Iowa","6/4/20","2","4","19025","200"
"Carroll","1","13","Iowa","6/4/20","9","4","19027","44.44"
"Cass","0","12","Iowa","6/4/20","11","1","19029","9.09"
"Cedar","0","49","Iowa","6/4/20","46","3","19031","6.52"
"Cerro Gordo","1","33","Iowa","6/4/20","25","8","19033","32"
"Cherokee","2","37","Iowa","6/4/20","24","13","19035","54.17"
"Chickasaw","1","13","Iowa","6/4/20","8","5","19037","62.5"
"Clarke","3","66","Iowa","6/4/20","45","21","19039","46.67"
"Clay","2","25","Iowa","6/4/20","13","12","19041","92.31"
"Clayton","0","34","Iowa","6/4/20","32","2","19043","6.25"
"Clinton","1","65","Iowa","6/4/20","60","5","19045","8.33"
"Crawford","8","547","Iowa","6/4/20","489","58","19047","11.86"
"Dallas","9","940","Iowa","6/4/20","875","65","19049","7.43"
"Davis","1","28","Iowa","6/4/20","20","8","19051","40"
"Decatur","0","1","Iowa","6/4/20","1","0","19053","0"
"Delaware","1","19","Iowa","6/4/20","15","4","19055","26.67"
"Des Moines","1","67","Iowa","6/4/20","59","8","19057","13.56"
"Dickinson","2","33","Iowa","6/4/20","16","17","19059","106.25"
"Dubuque","3","355","Iowa","6/4/20","334","21","19061","6.29"
"Emmet","2","24","Iowa","6/4/20","12","12","19063","100"
"Fayette","0","28","Iowa","6/4/20","26","2","19065","7.69"
"Floyd","0","19","Iowa","6/4/20","18","1","19067","5.56"
"Franklin","1","17","Iowa","6/4/20","10","7","19069","70"
"Fremont","0","4","Iowa","6/4/20","4","0","19071","0"
"Greene","0","15","Iowa","6/4/20","13","2","19073","15.38"
"Grundy","0","20","Iowa","6/4/20","19","1","19075","5.26"
"Guthrie","1","54","Iowa","6/4/20","46","8","19077","17.39"
"Hamilton","5","61","Iowa","6/4/20","29","32","19079","110.34"
"Hancock","0","16","Iowa","6/4/20","16","0","19081","0"
"Hardin","1","21","Iowa","6/4/20","16","5","19083","31.25"
"Harrison","1","26","Iowa","6/4/20","19","7","19085","36.84"
"Henry","1","72","Iowa","6/4/20","67","5","19087","7.46"
"Howard","0","12","Iowa","6/4/20","12","0","19089","0"
"Humboldt","1","19","Iowa","6/4/20","15","4","19091","26.67"
"Ida","0","15","Iowa","6/4/20","14","1","19093","7.14"
"Iowa","0","33","Iowa","6/4/20","35","-2","19095","-5.71"
"Jackson","0","13","Iowa","6/4/20","11","2","19097","18.18"
"Jasper","2","269","Iowa","6/4/20","258","11","19099","4.26"
"Jefferson","2","35","Iowa","6/4/20","19","16","19101","84.21"
"Johnson","2","618","Iowa","6/4/20","607","11","19103","1.81"
"Jones","0","37","Iowa","6/4/20","36","1","19105","2.78"
"Keokuk","0","14","Iowa","6/4/20","14","0","19107","0"
"Kossuth","1","14","Iowa","6/4/20","9","5","19109","55.56"
"Lee","1","29","Iowa","6/4/20","24","5","19111","20.83"
"Linn","4","971","Iowa","6/4/20","941","30","19113","3.19"
"Louisa","1","349","Iowa","6/4/20","342","7","19115","2.05"
"Lucas","1","22","Iowa","6/4/20","12","10","19117","83.33"
"Lyon","1","24","Iowa","6/4/20","19","5","19119","26.32"
"Madison","0","29","Iowa","6/4/20","27","2","19121","7.41"
"Mahaska","1","99","Iowa","6/4/20","91","8","19123","8.79"
"Marion","1","35","Iowa","6/4/20","31","4","19125","12.9"
"Marshall","4","912","Iowa","6/4/20","882","30","19127","3.4"
"Mills","1","20","Iowa","6/4/20","16","4","19129","25"
"Mitchell","0","4","Iowa","6/4/20","5","-1","19131","-20"
"Monona","0","25","Iowa","6/4/20","24","1","19133","4.17"
"Monroe","0","41","Iowa","6/4/20","38","3","19135","7.89"
"Montgomery","0","9","Iowa","6/4/20","6","3","19137","50"
"Muscatine","2","565","Iowa","6/4/20","549","16","19139","2.91"
"O'Brien","2","39","Iowa","6/4/20","27","12","19141","44.44"
"Osceola","0","34","Iowa","6/4/20","32","2","19143","6.25"
"Page","0","14","Iowa","6/4/20","11","3","19145","27.27"
"Palo Alto","1","7","Iowa","6/4/20","3","4","19147","133.33"
"Plymouth","4","146","Iowa","6/4/20","119","27","19149","22.69"
"Pocahontas","1","15","Iowa","6/4/20","10","5","19151","50"
"Polk","87","4541","Iowa","6/4/20","3930","611","19153","15.55"
"Pottawattamie","11","311","Iowa","6/4/20","234","77","19155","32.91"
"Poweshiek","0","92","Iowa","6/4/20","89","3","19157","3.37"
"Ringgold","0","4","Iowa","6/4/20","4","0","19159","0"
"Sac","2","28","Iowa","6/4/20","17","11","19161","64.71"
"Scott","4","380","Iowa","6/4/20","352","28","19163","7.95"
"Shelby","0","37","Iowa","6/4/20","34","3","19165","8.82"
"Sioux","12","298","Iowa","6/4/20","213","85","19167","39.91"
"Story","4","126","Iowa","6/4/20","99","27","19169","27.27"
"Tama","1","410","Iowa","6/4/20","400","10","19171","2.5"
"Taylor","2","64","Iowa","6/4/20","49","15","19173","30.61"
"Union","0","9","Iowa","6/4/20","7","2","19175","28.57"
"Van Buren","0","9","Iowa","6/4/20","9","0","19177","0"
"Wapello","12","628","Iowa","6/4/20","545","83","19179","15.23"
"Warren","7","166","Iowa","6/4/20","116","50","19181","43.1"
"Washington","1","195","Iowa","6/4/20","185","10","19183","5.41"
"Wayne","0","1","Iowa","6/4/20","1","0","19185","0"
"Webster","4","62","Iowa","6/4/20","32","30","19187","93.75"
"Winnebago","0","11","Iowa","6/4/20","11","0","19189","0"
"Winneshiek","0","24","Iowa","6/4/20","23","1","19191","4.35"
"Woodbury","24","2837","Iowa","6/4/20","2672","165","19193","6.18"
"Worth","0","3","Iowa","6/4/20","3","0","19195","0"
"Wright","10","212","Iowa","6/4/20","145","67","19197","46.21"
"Allen","0","1","Kansas","6/4/20","1","0","20001","0"
"Anderson","0","1","Kansas","6/4/20","1","0","20003","0"
"Atchison","0","23","Kansas","6/4/20","21","2","20005","9.52"
"Barber","0","1","Kansas","6/4/20","1","0","20007","0"
"Barton","0","44","Kansas","6/4/20","45","-1","20009","-2.22"
"Bourbon","0","8","Kansas","6/4/20","7","1","20011","14.29"
"Brown","0","6","Kansas","6/4/20","6","0","20013","0"
"Butler","1","37","Kansas","6/4/20","31","6","20015","19.35"
"Chase","0","4","Kansas","6/4/20","4","0","20017","0"
"Chautauqua","0","4","Kansas","6/4/20","4","0","20019","0"
"Cherokee","0","10","Kansas","6/4/20","9","1","20021","11.11"
"Cheyenne","0","2","Kansas","6/4/20","2","0","20023","0"
"Clark","0","33","Kansas","6/4/20","31","2","20025","6.45"
"Clay","0","5","Kansas","6/4/20","5","0","20027","0"
"Cloud","0","5","Kansas","6/4/20","5","0","20029","0"
"Coffey","0","51","Kansas","6/4/20","50","1","20031","2"
"Comanche","0","2","Kansas","6/4/20","1","1","20033","100"
"Cowley","2","15","Kansas","6/4/20","4","11","20035","275"
"Crawford","0","8","Kansas","6/4/20","8","0","20037","0"
"Dickinson","0","4","Kansas","6/4/20","3","1","20041","33.33"
"Doniphan","1","18","Kansas","6/4/20","14","4","20043","28.57"
"Douglas","0","67","Kansas","6/4/20","65","2","20045","3.08"
"Edwards","0","5","Kansas","6/4/20","5","0","20047","0"
"Ellis","0","9","Kansas","6/4/20","8","1","20051","12.5"
"Ellsworth","0","2","Kansas","6/4/20","2","0","20053","0"
"Finney","8","1522","Kansas","6/4/20","1466","56","20055","3.82"
"Ford","25","1794","Kansas","6/4/20","1622","172","20057","10.6"
"Franklin","0","35","Kansas","6/4/20","34","1","20059","2.94"
"Geary","0","23","Kansas","6/4/20","20","3","20061","15"
"Gove","0","1","Kansas","6/4/20","1","0","20063","0"
"Grant","0","18","Kansas","6/4/20","18","0","20067","0"
"Gray","0","23","Kansas","6/4/20","22","1","20069","4.55"
"Greenwood","1","9","Kansas","6/4/20","3","6","20073","200"
"Hamilton","1","20","Kansas","6/4/20","16","4","20075","25"
"Harper","0","2","Kansas","6/4/20","2","0","20077","0"
"Harvey","0","11","Kansas","6/4/20","11","0","20079","0"
"Haskell","1","22","Kansas","6/4/20","18","4","20081","22.22"
"Hodgeman","1","5","Kansas","6/4/20","1","4","20083","400"
"Jackson","1","102","Kansas","6/4/20","95","7","20085","7.37"
"Jefferson","0","22","Kansas","6/4/20","22","0","20087","0"
"Jewell","0","4","Kansas","6/4/20","4","0","20089","0"
"Johnson","17","887","Kansas","6/4/20","771","116","20091","15.05"
"Kearny","0","45","Kansas","6/4/20","44","1","20093","2.27"
"Kiowa","0","3","Kansas","6/4/20","2","1","20097","50"
"Labette","0","22","Kansas","6/4/20","22","0","20099","0"
"Lane","0","4","Kansas","6/4/20","3","1","20101","33.33"
"Leavenworth","3","1099","Kansas","6/4/20","1076","23","20103","2.14"
"Linn","1","11","Kansas","6/4/20","7","4","20107","57.14"
"Lyon","5","377","Kansas","6/4/20","339","38","20111","11.21"
"Marion","0","5","Kansas","6/4/20","5","0","20115","0"
"McPherson","0","30","Kansas","6/4/20","27","3","20113","11.11"
"Meade","1","31","Kansas","6/4/20","26","5","20119","19.23"
"Miami","0","8","Kansas","6/4/20","7","1","20121","14.29"
"Mitchell","0","4","Kansas","6/4/20","3","1","20123","33.33"
"Montgomery","0","20","Kansas","6/4/20","20","0","20125","0"
"Morris","0","5","Kansas","6/4/20","5","0","20127","0"
"Morton","0","6","Kansas","6/4/20","4","2","20129","50"
"Nemaha","1","19","Kansas","6/4/20","15","4","20131","26.67"
"Neosho","0","2","Kansas","6/4/20","2","0","20133","0"
"Ness","0","3","Kansas","6/4/20","1","2","20135","200"
"Norton","0","2","Kansas","6/4/20","2","0","20137","0"
"Osage","0","8","Kansas","6/4/20","7","1","20139","14.29"
"Osborne","0","2","Kansas","6/4/20","2","0","20141","0"
"Ottawa","0","4","Kansas","6/4/20","4","0","20143","0"
"Pawnee","0","1","Kansas","6/4/20","0","1","20145","1"
"Phillips","0","2","Kansas","6/4/20","2","0","20147","0"
"Pottawatomie","0","26","Kansas","6/4/20","23","3","20149","13.04"
"Pratt","0","2","Kansas","6/4/20","1","1","20151","100"
"Reno","0","44","Kansas","6/4/20","43","1","20155","2.33"
"Republic","0","4","Kansas","6/4/20","4","0","20157","0"
"Rice","0","4","Kansas","6/4/20","4","0","20159","0"
"Riley","0","67","Kansas","6/4/20","64","3","20161","4.69"
"Rooks","0","6","Kansas","6/4/20","6","0","20163","0"
"Saline","0","25","Kansas","6/4/20","25","0","20169","0"
"Scott","0","14","Kansas","6/4/20","13","1","20171","7.69"
"Sedgwick","7","625","Kansas","6/4/20","573","52","20173","9.08"
"Seward","5","891","Kansas","6/4/20","856","35","20175","4.09"
"Shawnee","11","348","Kansas","6/4/20","274","74","20177","27.01"
"Sheridan","0","2","Kansas","6/4/20","2","0","20179","0"
"Sherman","0","7","Kansas","6/4/20","7","0","20181","0"
"Smith","0","2","Kansas","6/4/20","2","0","20183","0"
"Stafford","0","1","Kansas","6/4/20","1","0","20185","0"
"Stanton","0","10","Kansas","6/4/20","9","1","20187","11.11"
"Stevens","0","30","Kansas","6/4/20","27","3","20189","11.11"
"Sumner","0","8","Kansas","6/4/20","6","2","20191","33.33"
"Trego","0","1","Kansas","6/4/20","1","0","20195","0"
"Wabaunsee","0","31","Kansas","6/4/20","31","0","20197","0"
"Wilson","0","1","Kansas","6/4/20","1","0","20205","0"
"Woodson","0","6","Kansas","6/4/20","6","0","20207","0"
"Wyandotte","18","1434","Kansas","6/4/20","1308","126","20209","9.63"
"Adair","0","97","Kentucky","6/4/20","96","1","21001","1.04"
"Allen","5","100","Kentucky","6/4/20","63","37","21003","58.73"
"Anderson","1","21","Kentucky","6/4/20","16","5","21005","31.25"
"Ballard","0","12","Kentucky","6/4/20","10","2","21007","20"
"Barren","1","50","Kentucky","6/4/20","44","6","21009","13.64"
"Bath","0","9","Kentucky","6/4/20","8","1","21011","12.5"
"Bell","0","2","Kentucky","6/4/20","1","1","21013","100"
"Boone","14","505","Kentucky","6/4/20","409","96","21015","23.47"
"Bourbon","0","12","Kentucky","6/4/20","10","2","21017","20"
"Boyd","0","41","Kentucky","6/4/20","39","2","21019","5.13"
"Boyle","1","28","Kentucky","6/4/20","23","5","21021","21.74"
"Bracken","0","13","Kentucky","6/4/20","11","2","21023","18.18"
"Breathitt","0","3","Kentucky","6/4/20","3","0","21025","0"
"Breckinridge","0","17","Kentucky","6/4/20","17","0","21027","0"
"Bullitt","1","119","Kentucky","6/4/20","109","10","21029","9.17"
"Butler","1","235","Kentucky","6/4/20","227","8","21031","3.52"
"Caldwell","0","12","Kentucky","6/4/20","12","0","21033","0"
"Calloway","1","53","Kentucky","6/4/20","48","5","21035","10.42"
"Campbell","6","194","Kentucky","6/4/20","153","41","21037","26.8"
"Carlisle","0","5","Kentucky","6/4/20","5","0","21039","0"
"Carroll","1","15","Kentucky","6/4/20","10","5","21041","50"
"Carter","1","14","Kentucky","6/4/20","9","5","21043","55.56"
"Casey","0","5","Kentucky","6/4/20","2","3","21045","150"
"Christian","2","118","Kentucky","6/4/20","107","11","21047","10.28"
"Clark","2","53","Kentucky","6/4/20","38","15","21049","39.47"
"Clay","0","7","Kentucky","6/4/20","7","0","21051","0"
"Clinton","0","5","Kentucky","6/4/20","3","2","21053","66.67"
"Crittenden","0","7","Kentucky","6/4/20","5","2","21055","40"
"Cumberland","0","5","Kentucky","6/4/20","5","0","21057","0"
"Daviess","3","337","Kentucky","6/4/20","313","24","21059","7.67"
"Edmonson","0","57","Kentucky","6/4/20","56","1","21061","1.79"
"Elliott","0","1","Kentucky","6/4/20","1","0","21063","0"
"Estill","0","1","Kentucky","6/4/20","0","1","21065","1"
"Fayette","21","808","Kentucky","6/4/20","661","147","21067","22.24"
"Fleming","0","2","Kentucky","6/4/20","3","-1","21069","-33.33"
"Floyd","0","17","Kentucky","6/4/20","16","1","21071","6.25"
"Franklin","6","68","Kentucky","6/4/20","28","40","21073","142.86"
"Fulton","0","8","Kentucky","6/4/20","5","3","21075","60"
"Gallatin","4","46","Kentucky","6/4/20","15","31","21077","206.67"
"Garrard","0","5","Kentucky","6/4/20","5","0","21079","0"
"Grant","1","47","Kentucky","6/4/20","39","8","21081","20.51"
"Graves","1","166","Kentucky","6/4/20","159","7","21083","4.4"
"Grayson","1","132","Kentucky","6/4/20","124","8","21085","6.45"
"Green","0","2","Kentucky","6/4/20","1","1","21087","100"
"Greenup","0","14","Kentucky","6/4/20","14","0","21089","0"
"Hancock","0","7","Kentucky","6/4/20","7","0","21091","0"
"Hardin","2","111","Kentucky","6/4/20","99","12","21093","12.12"
"Harlan","0","4","Kentucky","6/4/20","1","3","21095","300"
"Harrison","1","27","Kentucky","6/4/20","18","9","21097","50"
"Hart","0","23","Kentucky","6/4/20","21","2","21099","9.52"
"Henderson","2","117","Kentucky","6/4/20","103","14","21101","13.59"
"Henry","0","22","Kentucky","6/4/20","19","3","21103","15.79"
"Hickman","0","5","Kentucky","6/4/20","5","0","21105","0"
"Hopkins","0","224","Kentucky","6/4/20","221","3","21107","1.36"
"Jackson","0","61","Kentucky","6/4/20","61","0","21109","0"
"Jefferson","70","2760","Kentucky","6/4/20","2267","493","21111","21.75"
"Jessamine","2","67","Kentucky","6/4/20","56","11","21113","19.64"
"Johnson","0","5","Kentucky","6/4/20","5","0","21115","0"
"Kenton","15","653","Kentucky","6/4/20","547","106","21117","19.38"
"Knott","0","4","Kentucky","6/4/20","4","0","21119","0"
"Knox","0","10","Kentucky","6/4/20","8","2","21121","25"
"Larue","0","9","Kentucky","6/4/20","7","2","21123","28.57"
"Laurel","0","21","Kentucky","6/4/20","21","0","21125","0"
"Lawrence","0","4","Kentucky","6/4/20","2","2","21127","100"
"Lee","0","1","Kentucky","6/4/20","1","0","21129","0"
"Leslie","0","6","Kentucky","6/4/20","6","0","21131","0"
"Letcher","0","3","Kentucky","6/4/20","4","-1","21133","-25"
"Lewis","0","7","Kentucky","6/4/20","7","0","21135","0"
"Lincoln","0","9","Kentucky","6/4/20","8","1","21137","12.5"
"Livingston","0","9","Kentucky","6/4/20","9","0","21139","0"
"Logan","4","158","Kentucky","6/4/20","128","30","21141","23.44"
"Lyon","0","15","Kentucky","6/4/20","14","1","21143","7.14"
"Madison","1","57","Kentucky","6/4/20","47","10","21151","21.28"
"Magoffin","0","2","Kentucky","6/4/20","2","0","21153","0"
"Marion","1","27","Kentucky","6/4/20","20","7","21155","35"
"Marshall","0","37","Kentucky","6/4/20","37","0","21157","0"
"Martin","0","3","Kentucky","6/4/20","3","0","21159","0"
"Mason","0","10","Kentucky","6/4/20","9","1","21161","11.11"
"McCracken","2","107","Kentucky","6/4/20","95","12","21145","12.63"
"McCreary","0","13","Kentucky","6/4/20","13","0","21147","0"
"McLean","0","22","Kentucky","6/4/20","22","0","21149","0"
"Meade","0","23","Kentucky","6/4/20","21","2","21163","9.52"
"Menifee","0","10","Kentucky","6/4/20","10","0","21165","0"
"Mercer","0","14","Kentucky","6/4/20","13","1","21167","7.69"
"Metcalfe","0","7","Kentucky","6/4/20","4","3","21169","75"
"Monroe","1","25","Kentucky","6/4/20","16","9","21171","56.25"
"Montgomery","0","25","Kentucky","6/4/20","23","2","21173","8.7"
"Morgan","0","3","Kentucky","6/4/20","1","2","21175","200"
"Muhlenberg","0","479","Kentucky","6/4/20","482","-3","21177","-0.62"
"Nelson","1","44","Kentucky","6/4/20","38","6","21179","15.79"
"Nicholas","0","3","Kentucky","6/4/20","3","0","21181","0"
"Ohio","1","150","Kentucky","6/4/20","141","9","21183","6.38"
"Oldham","5","105","Kentucky","6/4/20","72","33","21185","45.83"
"Owen","0","3","Kentucky","6/4/20","2","1","21187","50"
"Owsley","0","2","Kentucky","6/4/20","2","0","21189","0"
"Pendleton","0","11","Kentucky","6/4/20","8","3","21191","37.5"
"Perry","0","22","Kentucky","6/4/20","19","3","21193","15.79"
"Pike","1","32","Kentucky","6/4/20","28","4","21195","14.29"
"Powell","0","1","Kentucky","6/4/20","1","0","21197","0"
"Pulaski","1","60","Kentucky","6/4/20","56","4","21199","7.14"
"Rockcastle","0","13","Kentucky","6/4/20","13","0","21203","0"
"Rowan","0","7","Kentucky","6/4/20","7","0","21205","0"
"Russell","0","26","Kentucky","6/4/20","23","3","21207","13.04"
"Scott","0","37","Kentucky","6/4/20","35","2","21209","5.71"
"Shelby","6","184","Kentucky","6/4/20","140","44","21211","31.43"
"Simpson","1","55","Kentucky","6/4/20","49","6","21213","12.24"
"Spencer","1","24","Kentucky","6/4/20","19","5","21215","26.32"
"Taylor","0","13","Kentucky","6/4/20","11","2","21217","18.18"
"Todd","1","23","Kentucky","6/4/20","17","6","21219","35.29"
"Trigg","0","11","Kentucky","6/4/20","10","1","21221","10"
"Trimble","0","6","Kentucky","6/4/20","5","1","21223","20"
"Union","1","15","Kentucky","6/4/20","10","5","21225","50"
"Warren","17","1081","Kentucky","6/4/20","964","117","21227","12.14"
"Washington","0","7","Kentucky","6/4/20","6","1","21229","16.67"
"Wayne","0","8","Kentucky","6/4/20","8","0","21231","0"
"Webster","0","34","Kentucky","6/4/20","32","2","21233","6.25"
"Whitley","0","13","Kentucky","6/4/20","13","0","21235","0"
"Wolfe","0","1","Kentucky","6/4/20","1","0","21237","0"
"Woodford","1","31","Kentucky","6/4/20","26","5","21239","19.23"
"Acadia","9","462","Louisiana","6/4/20","401","61","22001","15.21"
"Allen","0","186","Louisiana","6/4/20","184","2","22003","1.09"
"Ascension","7","861","Louisiana","6/4/20","810","51","22005","6.3"
"Assumption","1","252","Louisiana","6/4/20","248","4","22007","1.61"
"Avoyelles","4","149","Louisiana","6/4/20","120","29","22009","24.17"
"Beauregard","4","90","Louisiana","6/4/20","61","29","22011","47.54"
"Bienville","1","149","Louisiana","6/4/20","139","10","22013","7.19"
"Bossier","5","438","Louisiana","6/4/20","406","32","22015","7.88"
"Caddo","28","2676","Louisiana","6/4/20","2480","196","22017","7.9"
"Calcasieu","5","621","Louisiana","6/4/20","588","33","22019","5.61"
"Caldwell","2","65","Louisiana","6/4/20","52","13","22021","25"
"Cameron","1","8","Louisiana","6/4/20","3","5","22023","166.67"
"Catahoula","1","119","Louisiana","6/4/20","112","7","22025","6.25"
"Claiborne","1","66","Louisiana","6/4/20","62","4","22027","6.45"
"Concordia","1","94","Louisiana","6/4/20","86","8","22029","9.3"
"De Soto","3","260","Louisiana","6/4/20","242","18","22031","7.44"
"East Baton Rouge","42","3820","Louisiana","6/4/20","3526","294","22033","8.34"
"East Carroll","9","179","Louisiana","6/4/20","118","61","22035","51.69"
"East Feliciana","1","199","Louisiana","6/4/20","192","7","22037","3.65"
"Evangeline","1","81","Louisiana","6/4/20","75","6","22039","8"
"Franklin","10","378","Louisiana","6/4/20","311","67","22041","21.54"
"Grant","1","33","Louisiana","6/4/20","28","5","22043","17.86"
"Iberia","2","419","Louisiana","6/4/20","404","15","22045","3.71"
"Iberville","3","584","Louisiana","6/4/20","563","21","22047","3.73"
"Jackson","2","117","Louisiana","6/4/20","100","17","22049","17"
"Jefferson","48","7763","Louisiana","6/4/20","7424","339","22051","4.57"
"Jefferson Davis","1","84","Louisiana","6/4/20","75","9","22053","12"
"Lafayette","20","834","Louisiana","6/4/20","695","139","22055","20"
"Lafourche","13","882","Louisiana","6/4/20","789","93","22057","11.79"
"LaSalle","1","56","Louisiana","6/4/20","48","8","22059","16.67"
"Lincoln","3","163","Louisiana","6/4/20","144","19","22061","13.19"
"Livingston","6","453","Louisiana","6/4/20","408","45","22063","11.03"
"Madison","5","116","Louisiana","6/4/20","79","37","22065","46.84"
"Morehouse","2","132","Louisiana","6/4/20","121","11","22067","9.09"
"Natchitoches","2","173","Louisiana","6/4/20","157","16","22069","10.19"
"Orleans","18","7192","Louisiana","6/4/20","7067","125","22071","1.77"
"Ouachita","26","1346","Louisiana","6/4/20","1166","180","22073","15.44"
"Plaquemines","2","217","Louisiana","6/4/20","201","16","22075","7.96"
"Pointe Coupee","2","207","Louisiana","6/4/20","192","15","22077","7.81"
"Rapides","21","850","Louisiana","6/4/20","703","147","22079","20.91"
"Red River","0","51","Louisiana","6/4/20","49","2","22081","4.08"
"Richland","3","148","Louisiana","6/4/20","125","23","22083","18.4"
"Sabine","1","50","Louisiana","6/4/20","41","9","22085","21.95"
"St. Bernard","2","546","Louisiana","6/4/20","534","12","22087","2.25"
"St. Charles","2","647","Louisiana","6/4/20","633","14","22089","2.21"
"St. Helena","0","52","Louisiana","6/4/20","51","1","22091","1.96"
"St. James","1","303","Louisiana","6/4/20","294","9","22093","3.06"
"St. John the Baptist","3","872","Louisiana","6/4/20","850","22","22095","2.59"
"St. Landry","3","272","Louisiana","6/4/20","252","20","22097","7.94"
"St. Martin","3","311","Louisiana","6/4/20","293","18","22099","6.14"
"St. Mary","3","331","Louisiana","6/4/20","309","22","22101","7.12"
"St. Tammany","14","1799","Louisiana","6/4/20","1703","96","22103","5.64"
"Tangipahoa","10","898","Louisiana","6/4/20","831","67","22105","8.06"
"Tensas","1","16","Louisiana","6/4/20","10","6","22107","60"
"Terrebonne","9","719","Louisiana","6/4/20","653","66","22109","10.11"
"Union","4","333","Louisiana","6/4/20","306","27","22111","8.82"
"Vermilion","1","59","Louisiana","6/4/20","53","6","22113","11.32"
"Vernon","1","29","Louisiana","6/4/20","25","4","22115","16"
"Washington","6","451","Louisiana","6/4/20","410","41","22117","10"
"Webster","4","171","Louisiana","6/4/20","143","28","22119","19.58"
"West Baton Rouge","3","180","Louisiana","6/4/20","159","21","22121","13.21"
"West Carroll","2","68","Louisiana","6/4/20","56","12","22123","21.43"
"West Feliciana","2","216","Louisiana","6/4/20","205","11","22125","5.37"
"Winn","4","178","Louisiana","6/4/20","153","25","22127","16.34"
"Androscoggin","10","334","Maine","6/4/20","264","70","23001","26.52"
"Aroostook","0","10","Maine","6/4/20","8","2","23003","25"
"Cumberland","22","1244","Maine","6/4/20","1092","152","23005","13.92"
"Franklin","0","36","Maine","6/4/20","36","0","23007","0"
"Hancock","0","11","Maine","6/4/20","11","0","23009","0"
"Kennebec","0","128","Maine","6/4/20","128","0","23011","0"
"Knox","0","21","Maine","6/4/20","20","1","23013","5"
"Lincoln","0","20","Maine","6/4/20","20","0","23015","0"
"Oxford","0","32","Maine","6/4/20","29","3","23017","10.34"
"Penobscot","0","100","Maine","6/4/20","100","0","23019","0"
"Piscataquis","0","1","Maine","6/4/20","1","0","23021","0"
"Sagadahoc","0","30","Maine","6/4/20","30","0","23023","0"
"Somerset","0","22","Maine","6/4/20","22","0","23025","0"
"Waldo","0","51","Maine","6/4/20","51","0","23027","0"
"Washington","0","1","Maine","6/4/20","2","-1","23029","-50"
"York","4","401","Maine","6/4/20","370","31","23031","8.38"
"Allegany","1","182","Maryland","6/4/20","178","4","24001","2.25"
"Anne Arundel","75","4080","Maryland","6/4/20","3556","524","24003","14.74"
"Baltimore","114","6476","Maryland","6/4/20","5678","798","24005","14.05"
"Baltimore City","100","5906","Maryland","6/4/20","5203","703","24510","13.51"
"Calvert","5","352","Maryland","6/4/20","320","32","24009","10"
"Caroline","3","268","Maryland","6/4/20","245","23","24011","9.39"
"Carroll","15","947","Maryland","6/4/20","840","107","24013","12.74"
"Cecil","5","388","Maryland","6/4/20","356","32","24015","8.99"
"Charles","21","1174","Maryland","6/4/20","1027","147","24017","14.31"
"Dorchester","2","152","Maryland","6/4/20","136","16","24019","11.76"
"Frederick","31","2041","Maryland","6/4/20","1824","217","24021","11.9"
"Garrett","0","10","Maryland","6/4/20","10","0","24023","0"
"Harford","13","920","Maryland","6/4/20","827","93","24025","11.25"
"Howard","31","2033","Maryland","6/4/20","1815","218","24027","12.01"
"Kent","2","180","Maryland","6/4/20","165","15","24029","9.09"
"Montgomery","211","12226","Maryland","6/4/20","10752","1474","24031","13.71"
"Prince George's","205","15940","Maryland","6/4/20","14508","1432","24033","9.87"
"Queen Anne's","1","161","Maryland","6/4/20","152","9","24035","5.92"
"Somerset","0","76","Maryland","6/4/20","73","3","24039","4.11"
"St. Mary's","18","542","Maryland","6/4/20","417","125","24037","29.98"
"Talbot","3","106","Maryland","6/4/20","87","19","24041","21.84"
"Washington","13","516","Maryland","6/4/20","423","93","24043","21.99"
"Wicomico","6","959","Maryland","6/4/20","919","40","24045","4.35"
"Worcester","4","223","Maryland","6/4/20","198","25","24047","12.63"
"Barnstable","6","1443","Massachusetts","6/4/20","1398","45","25001","3.22"
"Berkshire","1","568","Massachusetts","6/4/20","561","7","25003","1.25"
"Bristol","72","7508","Massachusetts","6/4/20","7007","501","25005","7.15"
"Dukes and Nantucket","0","55","Massachusetts","6/4/20","52","3","00000","5.77"
"Essex","94","14969","Massachusetts","6/4/20","14309","660","25009","4.61"
"Franklin","1","337","Massachusetts","6/4/20","331","6","25011","1.81"
"Hampden","38","6268","Massachusetts","6/4/20","6003","265","25013","4.41"
"Hampshire","3","894","Massachusetts","6/4/20","873","21","25015","2.41"
"Middlesex","118","22485","Massachusetts","6/4/20","21661","824","25017","3.8"
"Norfolk","34","8625","Massachusetts","6/4/20","8390","235","25021","2.8"
"Plymouth","37","8282","Massachusetts","6/4/20","8026","256","25023","3.19"
"Suffolk","76","18790","Massachusetts","6/4/20","18259","531","25025","2.91"
"Worcester","79","11529","Massachusetts","6/4/20","10974","555","25027","5.06"
"Alcona","0","20","Michigan","6/4/20","17","3","26001","17.65"
"Allegan","2","262","Michigan","6/4/20","250","12","26005","4.8"
"Alpena","0","103","Michigan","6/4/20","101","2","26007","1.98"
"Antrim","0","13","Michigan","6/4/20","13","0","26009","0"
"Arenac","0","38","Michigan","6/4/20","37","1","26011","2.7"
"Baraga","0","1","Michigan","6/4/20","1","0","26013","0"
"Barry","1","83","Michigan","6/4/20","79","4","26015","5.06"
"Bay","5","364","Michigan","6/4/20","332","32","26017","9.64"
"Benzie","0","4","Michigan","6/4/20","4","0","26019","0"
"Berrien","8","790","Michigan","6/4/20","737","53","26021","7.19"
"Branch","3","138","Michigan","6/4/20","119","19","26023","15.97"
"Calhoun","6","446","Michigan","6/4/20","401","45","26025","11.22"
"Cass","1","98","Michigan","6/4/20","93","5","26027","5.38"
"Charlevoix","0","18","Michigan","6/4/20","18","0","26029","0"
"Cheboygan","0","26","Michigan","6/4/20","26","0","26031","0"
"Chippewa","0","3","Michigan","6/4/20","3","0","26033","0"
"Clare","0","20","Michigan","6/4/20","19","1","26035","5.26"
"Clinton","1","181","Michigan","6/4/20","175","6","26037","3.43"
"Crawford","0","63","Michigan","6/4/20","62","1","26039","1.61"
"Delta","0","20","Michigan","6/4/20","20","0","26041","0"
"Dickinson","0","5","Michigan","6/4/20","5","0","26043","0"
"Eaton","2","249","Michigan","6/4/20","235","14","26045","5.96"
"Emmet","0","26","Michigan","6/4/20","26","0","26047","0"
"Federal Correctional Institution (FCI)","1","152","Michigan","6/4/20","142","10","00000","7.04"
"Genesee","15","2524","Michigan","6/4/20","2418","106","26049","4.38"
"Gladwin","0","18","Michigan","6/4/20","18","0","26051","0"
"Gogebic","0","5","Michigan","6/4/20","5","0","26053","0"
"Grand Traverse","1","29","Michigan","6/4/20","24","5","26055","20.83"
"Gratiot","0","85","Michigan","6/4/20","83","2","26057","2.41"
"Hillsdale","0","177","Michigan","6/4/20","176","1","26059","0.57"
"Houghton","0","7","Michigan","6/4/20","5","2","26061","40"
"Huron","1","56","Michigan","6/4/20","52","4","26063","7.69"
"Ingham","4","792","Michigan","6/4/20","764","28","26065","3.66"
"Ionia","1","172","Michigan","6/4/20","165","7","26067","4.24"
"Iosco","1","110","Michigan","6/4/20","105","5","26069","4.76"
"Iron","0","1","Michigan","6/4/20","0","1","26071","1"
"Isabella","0","94","Michigan","6/4/20","91","3","26073","3.3"
"Jackson","2","481","Michigan","6/4/20","466","15","26075","3.22"
"Kalamazoo","6","912","Michigan","6/4/20","870","42","26077","4.83"
"Kalkaska","0","30","Michigan","6/4/20","30","0","26079","0"
"Kent","48","4104","Michigan","6/4/20","3765","339","26081","9"
"Lake","0","7","Michigan","6/4/20","6","1","26085","16.67"
"Lapeer","2","225","Michigan","6/4/20","214","11","26087","5.14"
"Leelanau","0","11","Michigan","6/4/20","11","0","26089","0"
"Lenawee","1","188","Michigan","6/4/20","183","5","26091","2.73"
"Livingston","4","510","Michigan","6/4/20","484","26","26093","5.37"
"Luce","0","3","Michigan","6/4/20","3","0","26095","0"
"Mackinac","0","8","Michigan","6/4/20","8","0","26097","0"
"Macomb","32","6949","Michigan","6/4/20","6726","223","26099","3.32"
"Manistee","0","12","Michigan","6/4/20","12","0","26101","0"
"Marquette","0","56","Michigan","6/4/20","54","2","26103","3.7"
"Mason","0","38","Michigan","6/4/20","37","1","26105","2.7"
"Mecosta","0","24","Michigan","6/4/20","23","1","26107","4.35"
"Menominee","0","8","Michigan","6/4/20","8","0","26109","0"
"Michigan Department of Corrections (MDOC)","55","4091","Michigan","6/4/20","3708","383","00000","10.33"
"Midland","0","121","Michigan","6/4/20","118","3","26111","2.54"
"Missaukee","0","22","Michigan","6/4/20","22","0","26113","0"
"Monroe","2","537","Michigan","6/4/20","520","17","26115","3.27"
"Montcalm","1","75","Michigan","6/4/20","71","4","26117","5.63"
"Montmorency","0","5","Michigan","6/4/20","5","0","26119","0"
"Muskegon","8","686","Michigan","6/4/20","627","59","26121","9.41"
"Newaygo","1","116","Michigan","6/4/20","106","10","26123","9.43"
"Oakland","80","11095","Michigan","6/4/20","10535","560","26125","5.32"
"Oceana","1","102","Michigan","6/4/20","93","9","26127","9.68"
"Ogemaw","0","31","Michigan","6/4/20","29","2","26129","6.9"
"Osceola","0","16","Michigan","6/4/20","14","2","26133","14.29"
"Oscoda","0","8","Michigan","6/4/20","8","0","26135","0"
"Otsego","0","120","Michigan","6/4/20","118","2","26137","1.69"
"Ottawa","10","876","Michigan","6/4/20","809","67","26139","8.28"
"Out of MI","-6","30","Michigan","6/4/20","70","-40","80026","-57.14"
"Presque Isle","0","11","Michigan","6/4/20","11","0","26141","0"
"Roscommon","0","24","Michigan","6/4/20","24","0","26143","0"
"Saginaw","8","1092","Michigan","6/4/20","1036","56","26145","5.41"
"Sanilac","0","43","Michigan","6/4/20","41","2","26151","4.88"
"Schoolcraft","0","4","Michigan","6/4/20","4","0","26153","0"
"Shiawassee","0","261","Michigan","6/4/20","260","1","26155","0.38"
"St. Clair","2","514","Michigan","6/4/20","499","15","26147","3.01"
"St. Joseph","3","137","Michigan","6/4/20","114","23","26149","20.18"
"Tuscola","0","191","Michigan","6/4/20","189","2","26157","1.06"
"Van Buren","2","171","Michigan","6/4/20","155","16","26159","10.32"
"Washtenaw","7","1534","Michigan","6/4/20","1485","49","26161","3.3"
"Wayne","82","21281","Michigan","6/4/20","20708","573","26163","2.77"
"Wexford","0","14","Michigan","6/4/20","13","1","26165","7.69"
"Aitkin","1","11","Minnesota","6/4/20","7","4","27001","57.14"
"Anoka","28","1488","Minnesota","6/4/20","1289","199","27003","15.44"
"Becker","1","43","Minnesota","6/4/20","36","7","27005","19.44"
"Beltrami","1","18","Minnesota","6/4/20","14","4","27007","28.57"
"Benton","1","182","Minnesota","6/4/20","173","9","27009","5.2"
"Big Stone","1","8","Minnesota","6/4/20","4","4","27011","100"
"Blue Earth","3","148","Minnesota","6/4/20","126","22","27013","17.46"
"Brown","0","16","Minnesota","6/4/20","14","2","27015","14.29"
"Carlton","0","75","Minnesota","6/4/20","73","2","27017","2.74"
"Carver","6","232","Minnesota","6/4/20","189","43","27019","22.75"
"Cass","0","11","Minnesota","6/4/20","13","-2","27021","-15.38"
"Chippewa","1","52","Minnesota","6/4/20","44","8","27023","18.18"
"Chisago","1","64","Minnesota","6/4/20","54","10","27025","18.52"
"Clay","4","441","Minnesota","6/4/20","416","25","27027","6.01"
"Clearwater","0","3","Minnesota","6/4/20","3","0","27029","0"
"Cottonwood","1","79","Minnesota","6/4/20","69","10","27033","14.49"
"Crow Wing","3","77","Minnesota","6/4/20","59","18","27035","30.51"
"Dakota","30","1414","Minnesota","6/4/20","1202","212","27037","17.64"
"Dodge","1","53","Minnesota","6/4/20","46","7","27039","15.22"
"Douglas","1","45","Minnesota","6/4/20","39","6","27041","15.38"
"Faribault","1","20","Minnesota","6/4/20","13","7","27043","53.85"
"Fillmore","0","17","Minnesota","6/4/20","17","0","27045","0"
"Freeborn","6","142","Minnesota","6/4/20","102","40","27047","39.22"
"Goodhue","2","71","Minnesota","6/4/20","60","11","27049","18.33"
"Grant","0","4","Minnesota","6/4/20","3","1","27051","33.33"
"Hennepin","167","8867","Minnesota","6/4/20","7695","1172","27053","15.23"
"Houston","0","2","Minnesota","6/4/20","2","0","27055","0"
"Hubbard","0","3","Minnesota","6/4/20","1","2","27057","200"
"Isanti","1","36","Minnesota","6/4/20","32","4","27059","12.5"
"Itasca","0","56","Minnesota","6/4/20","54","2","27061","3.7"
"Jackson","0","42","Minnesota","6/4/20","39","3","27063","7.69"
"Kanabec","0","12","Minnesota","6/4/20","11","1","27065","9.09"
"Kandiyohi","5","511","Minnesota","6/4/20","476","35","27067","7.35"
"Kittson","0","1","Minnesota","6/4/20","1","0","27069","0"
"Koochiching","0","9","Minnesota","6/4/20","7","2","27071","28.57"
"Lac qui Parle","0","3","Minnesota","6/4/20","3","0","27073","0"
"Lake","0","1","Minnesota","6/4/20","1","0","27075","0"
"Le Sueur","0","46","Minnesota","6/4/20","44","2","27079","4.55"
"Lincoln","0","6","Minnesota","6/4/20","5","1","27081","20"
"Lyon","6","81","Minnesota","6/4/20","38","43","27083","113.16"
"Mahnomen","0","6","Minnesota","6/4/20","5","1","27087","20"
"Marshall","0","12","Minnesota","6/4/20","9","3","27089","33.33"
"Martin","1","132","Minnesota","6/4/20","126","6","27091","4.76"
"McLeod","1","39","Minnesota","6/4/20","30","9","27085","30"
"Meeker","0","46","Minnesota","6/4/20","44","2","27093","4.55"
"Mille Lacs","1","23","Minnesota","6/4/20","19","4","27095","21.05"
"Morrison","1","48","Minnesota","6/4/20","41","7","27097","17.07"
"Mower","25","406","Minnesota","6/4/20","231","175","27099","75.76"
"Murray","1","40","Minnesota","6/4/20","36","4","27101","11.11"
"Nicollet","1","88","Minnesota","6/4/20","82","6","27103","7.32"
"Nobles","9","1562","Minnesota","6/4/20","1496","66","27105","4.41"
"Norman","1","15","Minnesota","6/4/20","11","4","27107","36.36"
"Olmsted","13","672","Minnesota","6/4/20","582","90","27109","15.46"
"Otter Tail","1","73","Minnesota","6/4/20","63","10","27111","15.87"
"Pennington","1","23","Minnesota","6/4/20","17","6","27113","35.29"
"Pine","1","93","Minnesota","6/4/20","89","4","27115","4.49"
"Pipestone","0","12","Minnesota","6/4/20","10","2","27117","20"
"Polk","0","61","Minnesota","6/4/20","59","2","27119","3.39"
"Pope","0","10","Minnesota","6/4/20","8","2","27121","25"
"Ramsey","79","3252","Minnesota","6/4/20","2698","554","27123","20.53"
"Red Lake","0","4","Minnesota","6/4/20","4","0","27125","0"
"Redwood","0","7","Minnesota","6/4/20","4","3","27127","75"
"Renville","0","7","Minnesota","6/4/20","5","2","27129","40"
"Rice","9","483","Minnesota","6/4/20","423","60","27131","14.18"
"Rock","0","23","Minnesota","6/4/20","22","1","27133","4.55"
"Roseau","0","3","Minnesota","6/4/20","2","1","27135","50"
"Scott","11","460","Minnesota","6/4/20","383","77","27139","20.1"
"Sherburne","4","248","Minnesota","6/4/20","222","26","27141","11.71"
"Sibley","0","16","Minnesota","6/4/20","15","1","27143","6.67"
"St. Louis","0","118","Minnesota","6/4/20","117","1","27137","0.85"
"Stearns","8","2050","Minnesota","6/4/20","1995","55","27145","2.76"
"Steele","3","167","Minnesota","6/4/20","149","18","27147","12.08"
"Stevens","0","1","Minnesota","6/4/20","1","0","27149","0"
"Swift","0","19","Minnesota","6/4/20","17","2","27151","11.76"
"Todd","6","336","Minnesota","6/4/20","296","40","27153","13.51"
"Traverse","0","4","Minnesota","6/4/20","3","1","27155","33.33"
"Wabasha","0","18","Minnesota","6/4/20","17","1","27157","5.88"
"Wadena","0","10","Minnesota","6/4/20","8","2","27159","25"
"Waseca","0","27","Minnesota","6/4/20","25","2","27161","8"
"Washington","15","680","Minnesota","6/4/20","576","104","27163","18.06"
"Watonwan","2","78","Minnesota","6/4/20","64","14","27165","21.88"
"Wilkin","0","11","Minnesota","6/4/20","11","0","27167","0"
"Winona","0","80","Minnesota","6/4/20","78","2","27169","2.56"
"Wright","8","339","Minnesota","6/4/20","280","59","27171","21.07"
"Yellow Medicine","0","6","Minnesota","6/4/20","6","0","27173","0"
"Adams","2","203","Mississippi","6/4/20","190","13","28001","6.84"
"Alcorn","1","19","Mississippi","6/4/20","14","5","28003","35.71"
"Amite","1","66","Mississippi","6/4/20","56","10","28005","17.86"
"Attala","4","311","Mississippi","6/4/20","284","27","28007","9.51"
"Benton","0","14","Mississippi","6/4/20","15","-1","28009","-6.67"
"Bolivar","2","169","Mississippi","6/4/20","154","15","28011","9.74"
"Calhoun","1","67","Mississippi","6/4/20","63","4","28013","6.35"
"Carroll","1","119","Mississippi","6/4/20","115","4","28015","3.48"
"Chickasaw","1","140","Mississippi","6/4/20","130","10","28017","7.69"
"Choctaw","2","50","Mississippi","6/4/20","34","16","28019","47.06"
"Claiborne","7","115","Mississippi","6/4/20","69","46","28021","66.67"
"Clarke","3","156","Mississippi","6/4/20","138","18","28023","13.04"
"Clay","2","125","Mississippi","6/4/20","108","17","28025","15.74"
"Coahoma","2","131","Mississippi","6/4/20","114","17","28027","14.91"
"Copiah","6","329","Mississippi","6/4/20","290","39","28029","13.45"
"Covington","5","179","Mississippi","6/4/20","143","36","28031","25.17"
"DeSoto","10","575","Mississippi","6/4/20","503","72","28033","14.31"
"Forrest","10","595","Mississippi","6/4/20","523","72","28035","13.77"
"Franklin","0","29","Mississippi","6/4/20","28","1","28037","3.57"
"George","1","29","Mississippi","6/4/20","21","8","28039","38.1"
"Greene","3","33","Mississippi","6/4/20","9","24","28041","266.67"
"Grenada","3","107","Mississippi","6/4/20","85","22","28043","25.88"
"Hancock","0","90","Mississippi","6/4/20","87","3","28045","3.45"
"Harrison","3","269","Mississippi","6/4/20","247","22","28047","8.91"
"Hinds","16","1074","Mississippi","6/4/20","959","115","28049","11.99"
"Holmes","8","443","Mississippi","6/4/20","385","58","28051","15.06"
"Humphreys","1","63","Mississippi","6/4/20","58","5","28053","8.62"
"Itawamba","1","89","Mississippi","6/4/20","84","5","28057","5.95"
"Jackson","2","314","Mississippi","6/4/20","303","11","28059","3.63"
"Jasper","2","167","Mississippi","6/4/20","152","15","28061","9.87"
"Jefferson","0","42","Mississippi","6/4/20","40","2","28063","5"
"Jefferson Davis","1","82","Mississippi","6/4/20","77","5","28065","6.49"
"Jones","19","701","Mississippi","6/4/20","566","135","28067","23.85"
"Kemper","3","155","Mississippi","6/4/20","136","19","28069","13.97"
"Lafayette","4","154","Mississippi","6/4/20","127","27","28071","21.26"
"Lamar","3","250","Mississippi","6/4/20","231","19","28073","8.23"
"Lauderdale","7","759","Mississippi","6/4/20","713","46","28075","6.45"
"Lawrence","1","107","Mississippi","6/4/20","102","5","28077","4.9"
"Leake","7","452","Mississippi","6/4/20","400","52","28079","13"
"Lee","10","194","Mississippi","6/4/20","124","70","28081","56.45"
"Leflore","4","277","Mississippi","6/4/20","251","26","28083","10.36"
"Lincoln","4","280","Mississippi","6/4/20","250","30","28085","12"
"Lowndes","8","247","Mississippi","6/4/20","189","58","28087","30.69"
"Madison","10","767","Mississippi","6/4/20","694","73","28089","10.52"
"Marion","0","116","Mississippi","6/4/20","114","2","28091","1.75"
"Marshall","1","87","Mississippi","6/4/20","77","10","28093","12.99"
"Monroe","2","269","Mississippi","6/4/20","252","17","28095","6.75"
"Montgomery","0","84","Mississippi","6/4/20","81","3","28097","3.7"
"Neshoba","20","728","Mississippi","6/4/20","589","139","28099","23.6"
"Newton","5","288","Mississippi","6/4/20","256","32","28101","12.5"
"Noxubee","3","193","Mississippi","6/4/20","173","20","28103","11.56"
"Oktibbeha","17","273","Mississippi","6/4/20","154","119","28105","77.27"
"Panola","3","84","Mississippi","6/4/20","64","20","28107","31.25"
"Pearl River","1","212","Mississippi","6/4/20","206","6","28109","2.91"
"Perry","0","51","Mississippi","6/4/20","50","1","28111","2"
"Pike","0","204","Mississippi","6/4/20","203","1","28113","0.49"
"Pontotoc","3","47","Mississippi","6/4/20","29","18","28115","62.07"
"Prentiss","2","53","Mississippi","6/4/20","42","11","28117","26.19"
"Quitman","1","32","Mississippi","6/4/20","25","7","28119","28"
"Rankin","10","456","Mississippi","6/4/20","385","71","28121","18.44"
"Scott","5","663","Mississippi","6/4/20","630","33","28123","5.24"
"Sharkey","0","7","Mississippi","6/4/20","7","0","28125","0"
"Simpson","1","104","Mississippi","6/4/20","95","9","28127","9.47"
"Smith","1","155","Mississippi","6/4/20","145","10","28129","6.9"
"Stone","0","32","Mississippi","6/4/20","30","2","28131","6.67"
"Sunflower","2","92","Mississippi","6/4/20","78","14","28133","17.95"
"Tallahatchie","1","30","Mississippi","6/4/20","26","4","28135","15.38"
"Tate","2","91","Mississippi","6/4/20","74","17","28137","22.97"
"Tippah","1","76","Mississippi","6/4/20","71","5","28139","7.04"
"Tishomingo","1","36","Mississippi","6/4/20","28","8","28141","28.57"
"Tunica","1","58","Mississippi","6/4/20","53","5","28143","9.43"
"Union","1","89","Mississippi","6/4/20","80","9","28145","11.25"
"Walthall","2","64","Mississippi","6/4/20","52","12","28147","23.08"
"Warren","5","196","Mississippi","6/4/20","159","37","28149","23.27"
"Washington","5","198","Mississippi","6/4/20","166","32","28151","19.28"
"Wayne","15","262","Mississippi","6/4/20","154","108","28153","70.13"
"Webster","3","84","Mississippi","6/4/20","61","23","28155","37.7"
"Wilkinson","0","85","Mississippi","6/4/20","85","0","28157","0"
"Winston","3","124","Mississippi","6/4/20","105","19","28159","18.1"
"Yalobusha","3","104","Mississippi","6/4/20","85","19","28161","22.35"
"Yazoo","10","296","Mississippi","6/4/20","227","69","28163","30.4"
"Adair","2","62","Missouri","6/4/20","49","13","29001","26.53"
"Andrew","0","31","Missouri","6/4/20","30","1","29003","3.33"
"Atchison","0","3","Missouri","6/4/20","3","0","29005","0"
"Audrain","4","102","Missouri","6/4/20","71","31","29007","43.66"
"Barry","0","9","Missouri","6/4/20","9","0","29009","0"
"Bates","1","12","Missouri","6/4/20","7","5","29013","71.43"
"Benton","0","12","Missouri","6/4/20","10","2","29015","20"
"Bollinger","0","7","Missouri","6/4/20","6","1","29017","16.67"
"Boone","4","169","Missouri","6/4/20","138","31","29019","22.46"
"Buchanan","8","736","Missouri","6/4/20","677","59","29021","8.71"
"Butler","2","45","Missouri","6/4/20","30","15","29023","50"
"Caldwell","0","6","Missouri","6/4/20","5","1","29025","20"
"Callaway","1","32","Missouri","6/4/20","27","5","29027","18.52"
"Camden","0","38","Missouri","6/4/20","38","0","29029","0"
"Cape Girardeau","1","77","Missouri","6/4/20","70","7","29031","10"
"Carroll","0","9","Missouri","6/4/20","8","1","29033","12.5"
"Carter","0","5","Missouri","6/4/20","5","0","29035","0"
"Cass","2","100","Missouri","6/4/20","85","15","29037","17.65"
"Cedar","0","9","Missouri","6/4/20","9","0","29039","0"
"Chariton","0","6","Missouri","6/4/20","6","0","29041","0"
"Christian","1","29","Missouri","6/4/20","21","8","29043","38.1"
"Clark","0","1","Missouri","6/4/20","1","0","29045","0"
"Clay","3","181","Missouri","6/4/20","162","19","29047","11.73"
"Clinton","0","20","Missouri","6/4/20","18","2","29049","11.11"
"Cole","0","61","Missouri","6/4/20","60","1","29051","1.67"
"Cooper","0","9","Missouri","6/4/20","9","0","29053","0"
"Crawford","0","9","Missouri","6/4/20","9","0","29055","0"
"Dallas","0","4","Missouri","6/4/20","3","1","29059","33.33"
"Daviess","0","4","Missouri","6/4/20","4","0","29061","0"
"DeKalb","0","6","Missouri","6/4/20","6","0","29063","0"
"Dunklin","2","47","Missouri","6/4/20","32","15","29069","46.88"
"Franklin","1","149","Missouri","6/4/20","140","9","29071","6.43"
"Gasconade","0","2","Missouri","6/4/20","2","0","29073","0"
"Gentry","3","43","Missouri","6/4/20","25","18","29075","72"
"Greene","6","167","Missouri","6/4/20","128","39","29077","30.47"
"Harrison","0","9","Missouri","6/4/20","9","0","29081","0"
"Henry","0","12","Missouri","6/4/20","10","2","29083","20"
"Holt","0","2","Missouri","6/4/20","1","1","29087","100"
"Howard","0","3","Missouri","6/4/20","3","0","29089","0"
"Howell","1","10","Missouri","6/4/20","6","4","29091","66.67"
"Iron","0","3","Missouri","6/4/20","2","1","29093","50"
"Jackson","17","676","Missouri","6/4/20","554","122","29095","22.02"
"Jasper","2","44","Missouri","6/4/20","33","11","29097","33.33"
"Jefferson","7","396","Missouri","6/4/20","348","48","29099","13.79"
"Johnson","0","77","Missouri","6/4/20","74","3","29101","4.05"
"Kansas City","47","1437","Missouri","6/4/20","1105","332","00000","30.05"
"Laclede","1","7","Missouri","6/4/20","3","4","29105","133.33"
"Lafayette","1","80","Missouri","6/4/20","73","7","29107","9.59"
"Lawrence","0","8","Missouri","6/4/20","8","0","29109","0"
"Lewis","0","7","Missouri","6/4/20","7","0","29111","0"
"Lincoln","1","118","Missouri","6/4/20","109","9","29113","8.26"
"Linn","1","10","Missouri","6/4/20","6","4","29115","66.67"
"Livingston","0","3","Missouri","6/4/20","3","0","29117","0"
"Macon","0","6","Missouri","6/4/20","3","3","29121","100"
"Madison","0","3","Missouri","6/4/20","3","0","29123","0"
"Maries","0","2","Missouri","6/4/20","2","0","29125","0"
"Marion","0","5","Missouri","6/4/20","5","0","29127","0"
"McDonald","0","22","Missouri","6/4/20","19","3","29119","15.79"
"Miller","0","4","Missouri","6/4/20","4","0","29131","0"
"Mississippi","1","61","Missouri","6/4/20","55","6","29133","10.91"
"Moniteau","0","49","Missouri","6/4/20","46","3","29135","6.52"
"Montgomery","0","10","Missouri","6/4/20","9","1","29139","11.11"
"Morgan","0","9","Missouri","6/4/20","9","0","29141","0"
"New Madrid","0","21","Missouri","6/4/20","19","2","29143","10.53"
"Newton","1","21","Missouri","6/4/20","16","5","29145","31.25"
"Nodaway","0","14","Missouri","6/4/20","12","2","29147","16.67"
"Oregon","0","2","Missouri","6/4/20","2","0","29149","0"
"Osage","0","5","Missouri","6/4/20","5","0","29151","0"
"Pemiscot","2","90","Missouri","6/4/20","76","14","29155","18.42"
"Perry","2","65","Missouri","6/4/20","50","15","29157","30"
"Pettis","0","79","Missouri","6/4/20","78","1","29159","1.28"
"Phelps","0","5","Missouri","6/4/20","4","1","29161","25"
"Pike","1","27","Missouri","6/4/20","17","10","29163","58.82"
"Platte","1","74","Missouri","6/4/20","69","5","29165","7.25"
"Polk","0","4","Missouri","6/4/20","3","1","29167","33.33"
"Pulaski","1","39","Missouri","6/4/20","34","5","29169","14.71"
"Ralls","0","5","Missouri","6/4/20","3","2","29173","66.67"
"Randolph","0","10","Missouri","6/4/20","9","1","29175","11.11"
"Ray","1","23","Missouri","6/4/20","19","4","29177","21.05"
"Reynolds","0","2","Missouri","6/4/20","2","0","29179","0"
"Ripley","0","10","Missouri","6/4/20","7","3","29181","42.86"
"Saline","2","280","Missouri","6/4/20","268","12","29195","4.48"
"Scotland","1","8","Missouri","6/4/20","4","4","29199","100"
"Scott","3","117","Missouri","6/4/20","98","19","29201","19.39"
"Shelby","0","1","Missouri","6/4/20","1","0","29205","0"
"St. Charles","8","820","Missouri","6/4/20","763","57","29183","7.47"
"St. Clair","0","3","Missouri","6/4/20","3","0","29185","0"
"St. Francois","1","38","Missouri","6/4/20","33","5","29187","15.15"
"St. Louis","42","5229","Missouri","6/4/20","4933","296","29189","6"
"St. Louis City","18","2034","Missouri","6/4/20","1906","128","29510","6.72"
"Ste. Genevieve","0","12","Missouri","6/4/20","9","3","29186","33.33"
"Stoddard","3","99","Missouri","6/4/20","76","23","29207","30.26"
"Stone","1","10","Missouri","6/4/20","4","6","29209","150"
"Sullivan","1","63","Missouri","6/4/20","54","9","29211","16.67"
"Taney","0","14","Missouri","6/4/20","14","0","29213","0"
"Texas","0","1","Missouri","6/4/20","0","1","29215","1"
"Vernon","0","10","Missouri","6/4/20","9","1","29217","11.11"
"Warren","0","28","Missouri","6/4/20","28","0","29219","0"
"Washington","0","12","Missouri","6/4/20","10","2","29221","20"
"Webster","0","18","Missouri","6/4/20","17","1","29225","5.88"
"Worth","0","4","Missouri","6/4/20","4","0","29227","0"
"Wright","0","11","Missouri","6/4/20","11","0","29229","0"
"Beaverhead","0","1","Montana","6/4/20","1","0","30001","0"
"Big Horn","3","36","Montana","6/4/20","12","24","30003","200"
"Broadwater","0","4","Montana","6/4/20","4","0","30007","0"
"Carbon","0","6","Montana","6/4/20","6","0","30009","0"
"Cascade","0","17","Montana","6/4/20","17","0","30013","0"
"Deer Lodge","0","3","Montana","6/4/20","3","0","30023","0"
"Flathead","0","37","Montana","6/4/20","37","0","30029","0"
"Gallatin","2","163","Montana","6/4/20","149","14","30031","9.4"
"Glacier","0","6","Montana","6/4/20","6","0","30035","0"
"Golden Valley","0","3","Montana","6/4/20","3","0","30037","0"
"Hill","0","1","Montana","6/4/20","1","0","30041","0"
"Jefferson","0","3","Montana","6/4/20","3","0","30043","0"
"Lake","0","5","Montana","6/4/20","5","0","30047","0"
"Lewis and Clark","0","16","Montana","6/4/20","16","0","30049","0"
"Liberty","0","1","Montana","6/4/20","1","0","30051","0"
"Lincoln","0","7","Montana","6/4/20","7","0","30053","0"
"Madison","0","8","Montana","6/4/20","8","0","30057","0"
"Meagher","0","1","Montana","6/4/20","1","0","30059","0"
"Missoula","0","40","Montana","6/4/20","39","1","30063","2.56"
"Musselshell","0","1","Montana","6/4/20","1","0","30065","0"
"Park","0","8","Montana","6/4/20","8","0","30067","0"
"Pondera","0","2","Montana","6/4/20","2","0","30073","0"
"Ravalli","0","14","Montana","6/4/20","13","1","30081","7.69"
"Richland","0","3","Montana","6/4/20","3","0","30083","0"
"Roosevelt","0","7","Montana","6/4/20","7","0","30085","0"
"Rosebud","0","1","Montana","6/4/20","0","1","30087","1"
"Silver Bow","0","11","Montana","6/4/20","11","0","30093","0"
"Stillwater","0","1","Montana","6/4/20","1","0","30095","0"
"Toole","0","29","Montana","6/4/20","29","0","30101","0"
"Wheatland","0","1","Montana","6/4/20","1","0","30107","0"
"Yellowstone","2","103","Montana","6/4/20","90","13","30111","14.44"
"Adams","1","275","Nebraska","6/4/20","265","10","31001","3.77"
"Antelope","0","8","Nebraska","6/4/20","8","0","31003","0"
"Boone","0","7","Nebraska","6/4/20","4","3","31011","75"
"Box Butte","0","2","Nebraska","6/4/20","2","0","31013","0"
"Boyd","0","1","Nebraska","6/4/20","0","1","31015","1"
"Buffalo","3","171","Nebraska","6/4/20","150","21","31019","14"
"Burt","0","9","Nebraska","6/4/20","9","0","31021","0"
"Butler","0","50","Nebraska","6/4/20","47","3","31023","6.38"
"Cass","2","53","Nebraska","6/4/20","42","11","31025","26.19"
"Cedar","0","8","Nebraska","6/4/20","7","1","31027","14.29"
"Chase","0","1","Nebraska","6/4/20","1","0","31029","0"
"Cherry","0","1","Nebraska","6/4/20","1","0","31031","0"
"Cheyenne","0","9","Nebraska","6/4/20","9","0","31033","0"
"Clay","0","24","Nebraska","6/4/20","24","0","31035","0"
"Colfax","2","626","Nebraska","6/4/20","609","17","31037","2.79"
"Cuming","0","34","Nebraska","6/4/20","31","3","31039","9.68"
"Custer","0","33","Nebraska","6/4/20","31","2","31041","6.45"
"Dakota","6","1692","Nebraska","6/4/20","1650","42","31043","2.55"
"Dawes","0","1","Nebraska","6/4/20","1","0","31045","0"
"Dawson","1","841","Nebraska","6/4/20","833","8","31047","0.96"
"Dixon","0","29","Nebraska","6/4/20","26","3","31051","11.54"
"Dodge","17","531","Nebraska","6/4/20","413","118","31053","28.57"
"Douglas","148","4769","Nebraska","6/4/20","3736","1033","31055","27.65"
"Fillmore","0","7","Nebraska","6/4/20","5","2","31059","40"
"Franklin","0","6","Nebraska","6/4/20","6","0","31061","0"
"Frontier","0","1","Nebraska","6/4/20","1","0","31063","0"
"Furnas","0","9","Nebraska","6/4/20","8","1","31065","12.5"
"Gage","0","45","Nebraska","6/4/20","44","1","31067","2.27"
"Garden","1","4","Nebraska","6/4/20","0","4","31069","1"
"Gosper","0","13","Nebraska","6/4/20","13","0","31073","0"
"Greeley","0","2","Nebraska","6/4/20","2","0","31077","0"
"Hall","8","1532","Nebraska","6/4/20","1476","56","31079","3.79"
"Hamilton","0","55","Nebraska","6/4/20","54","1","31081","1.85"
"Harlan","0","0","Nebraska","6/4/20","1","-1","31083","-100"
"Hitchcock","0","1","Nebraska","6/4/20","1","0","31087","0"
"Holt","0","1","Nebraska","6/4/20","1","0","31089","0"
"Howard","0","42","Nebraska","6/4/20","40","2","31093","5"
"Jefferson","0","7","Nebraska","6/4/20","6","1","31095","16.67"
"Johnson","0","6","Nebraska","6/4/20","7","-1","31097","-14.29"
"Kearney","0","12","Nebraska","6/4/20","12","0","31099","0"
"Keith","0","2","Nebraska","6/4/20","2","0","31101","0"
"Kimball","0","8","Nebraska","6/4/20","8","0","31105","0"
"Knox","0","10","Nebraska","6/4/20","10","0","31107","0"
"Lancaster","20","1278","Nebraska","6/4/20","1140","138","31109","12.11"
"Lincoln","0","47","Nebraska","6/4/20","47","0","31111","0"
"Madison","2","320","Nebraska","6/4/20","306","14","31119","4.58"
"Merrick","0","33","Nebraska","6/4/20","33","0","31121","0"
"Morrill","0","11","Nebraska","6/4/20","11","0","31123","0"
"Nance","0","4","Nebraska","6/4/20","5","-1","31125","-20"
"Nemaha","0","4","Nebraska","6/4/20","3","1","31127","33.33"
"Nuckolls","0","1","Nebraska","6/4/20","1","0","31129","0"
"Otoe","0","7","Nebraska","6/4/20","6","1","31131","16.67"
"Phelps","0","20","Nebraska","6/4/20","20","0","31137","0"
"Pierce","0","6","Nebraska","6/4/20","5","1","31139","20"
"Platte","10","617","Nebraska","6/4/20","549","68","31141","12.39"
"Polk","0","11","Nebraska","6/4/20","10","1","31143","10"
"Red Willow","0","5","Nebraska","6/4/20","5","0","31145","0"
"Richardson","0","1","Nebraska","6/4/20","1","0","31147","0"
"Saline","2","510","Nebraska","6/4/20","495","15","31151","3.03"
"Sarpy","29","736","Nebraska","6/4/20","531","205","31153","38.61"
"Saunders","2","46","Nebraska","6/4/20","33","13","31155","39.39"
"Scotts Bluff","6","124","Nebraska","6/4/20","84","40","31157","47.62"
"Seward","0","29","Nebraska","6/4/20","27","2","31159","7.41"
"Sherman","0","4","Nebraska","6/4/20","4","0","31163","0"
"Stanton","0","21","Nebraska","6/4/20","21","0","31167","0"
"Thayer","0","1","Nebraska","6/4/20","0","1","31169","1"
"Thomas","0","1","Nebraska","6/4/20","1","0","31171","0"
"Thurston","2","50","Nebraska","6/4/20","38","12","31173","31.58"
"Valley","0","5","Nebraska","6/4/20","3","2","31175","66.67"
"Washington","1","33","Nebraska","6/4/20","28","5","31177","17.86"
"Wayne","1","18","Nebraska","6/4/20","14","4","31179","28.57"
"Webster","0","5","Nebraska","6/4/20","5","0","31181","0"
"York","0","36","Nebraska","6/4/20","35","1","31185","2.86"
"Carson City","1","102","Nevada","6/4/20","94","8","32510","8.51"
"Churchill","0","8","Nevada","6/4/20","7","1","32001","14.29"
"Clark","101","7056","Nevada","6/4/20","6352","704","32003","11.08"
"Douglas","1","37","Nevada","6/4/20","30","7","32005","23.33"
"Elko","0","26","Nevada","6/4/20","24","2","32007","8.33"
"Humboldt","0","78","Nevada","6/4/20","78","0","32013","0"
"Lander","0","21","Nevada","6/4/20","20","1","32015","5"
"Lincoln","0","2","Nevada","6/4/20","2","0","32017","0"
"Lyon","3","80","Nevada","6/4/20","57","23","32019","40.35"
"Mineral","0","4","Nevada","6/4/20","4","0","32021","0"
"Nye","0","64","Nevada","6/4/20","61","3","32023","4.92"
"Pershing","0","2","Nevada","6/4/20","0","2","32027","1"
"Storey","0","1","Nevada","6/4/20","1","0","32029","0"
"Washoe","19","1645","Nevada","6/4/20","1514","131","32031","8.65"
"White Pine","0","3","Nevada","6/4/20","4","-1","32033","-25"
"Belknap","1","64","New Hampshire","6/4/20","57","7","33001","12.28"
"Carroll","0","48","New Hampshire","6/4/20","46","2","33003","4.35"
"Cheshire","0","57","New Hampshire","6/4/20","55","2","33005","3.64"
"Coos","0","5","New Hampshire","6/4/20","5","0","33007","0"
"Grafton","0","76","New Hampshire","6/4/20","74","2","33009","2.7"
"Hillsborough","51","2614","New Hampshire","6/4/20","2254","360","33011","15.97"
"Merrimack","4","359","New Hampshire","6/4/20","331","28","33013","8.46"
"Rockingham","10","1347","New Hampshire","6/4/20","1277","70","33015","5.48"
"Strafford","2","278","New Hampshire","6/4/20","263","15","33017","5.7"
"Sullivan","0","20","New Hampshire","6/4/20","17","3","33019","17.65"
"Atlantic","24","2286","New Jersey","6/4/20","2120","166","34001","7.83"
"Bergen","36","18408","New Jersey","6/4/20","18158","250","34003","1.38"
"Burlington","36","4725","New Jersey","6/4/20","4476","249","34005","5.56"
"Camden","53","6663","New Jersey","6/4/20","6292","371","34007","5.9"
"Cape May","4","630","New Jersey","6/4/20","602","28","34009","4.65"
"Cumberland","46","2469","New Jersey","6/4/20","2146","323","34011","15.05"
"Essex","57","17912","New Jersey","6/4/20","17516","396","34013","2.26"
"Gloucester","18","2290","New Jersey","6/4/20","2165","125","34015","5.77"
"Hudson","31","18875","New Jersey","6/4/20","18660","215","34017","1.15"
"Hunterdon","5","1009","New Jersey","6/4/20","974","35","34019","3.59"
"Mercer","57","7072","New Jersey","6/4/20","6670","402","34021","6.03"
"Middlesex","63","16072","New Jersey","6/4/20","15633","439","34023","2.81"
"Monmouth","52","8379","New Jersey","6/4/20","8012","367","34025","4.58"
"Morris","28","6548","New Jersey","6/4/20","6354","194","34027","3.05"
"Ocean","46","8900","New Jersey","6/4/20","8577","323","34029","3.77"
"Passaic","50","16311","New Jersey","6/4/20","15959","352","34031","2.21"
"Salem","10","659","New Jersey","6/4/20","592","67","34033","11.32"
"Somerset","15","4626","New Jersey","6/4/20","4522","104","34035","2.3"
"Sussex","4","1131","New Jersey","6/4/20","1104","27","34037","2.45"
"Union","68","15953","New Jersey","6/4/20","15475","478","34039","3.09"
"Warren","6","1186","New Jersey","6/4/20","1146","40","34041","3.49"
"Bernalillo","16","1543","New Mexico","6/4/20","1434","109","35001","7.6"
"Catron","0","2","New Mexico","6/4/20","2","0","35003","0"
"Chaves","1","51","New Mexico","6/4/20","42","9","35005","21.43"
"Cibola","2","148","New Mexico","6/4/20","136","12","35006","8.82"
"Colfax","0","5","New Mexico","6/4/20","5","0","35007","0"
"Curry","1","57","New Mexico","6/4/20","51","6","35009","11.76"
"Dona Ana","10","509","New Mexico","6/4/20","442","67","35013","15.16"
"Eddy","1","26","New Mexico","6/4/20","21","5","35015","23.81"
"Grant","0","15","New Mexico","6/4/20","15","0","35017","0"
"Guadalupe","0","20","New Mexico","6/4/20","20","0","35019","0"
"Harding","0","1","New Mexico","6/4/20","1","0","35021","0"
"Hidalgo","0","1","New Mexico","6/4/20","1","0","35023","0"
"Lea","0","26","New Mexico","6/4/20","24","2","35025","8.33"
"Lincoln","0","5","New Mexico","6/4/20","2","3","35027","150"
"Los Alamos","0","6","New Mexico","6/4/20","6","0","35028","0"
"Luna","0","9","New Mexico","6/4/20","7","2","35029","28.57"
"McKinley","36","2542","New Mexico","6/4/20","2291","251","35031","10.96"
"Otero","1","23","New Mexico","6/4/20","18","5","35035","27.78"
"Quay","0","5","New Mexico","6/4/20","5","0","35037","0"
"Rio Arriba","2","52","New Mexico","6/4/20","41","11","35039","26.83"
"Roosevelt","1","42","New Mexico","6/4/20","37","5","35041","13.51"
"San Juan","26","1842","New Mexico","6/4/20","1662","180","35045","10.83"
"San Miguel","0","15","New Mexico","6/4/20","14","1","35047","7.14"
"Sandoval","3","578","New Mexico","6/4/20","556","22","35043","3.96"
"Santa Fe","2","150","New Mexico","6/4/20","138","12","35049","8.7"
"Sierra","0","1","New Mexico","6/4/20","1","0","35051","0"
"Socorro","1","54","New Mexico","6/4/20","50","4","35053","8"
"Taos","1","31","New Mexico","6/4/20","24","7","35055","29.17"
"Torrance","0","33","New Mexico","6/4/20","33","0","35057","0"
"Union","0","4","New Mexico","6/4/20","3","1","35059","33.33"
"Valencia","1","80","New Mexico","6/4/20","73","7","35061","9.59"
"Albany","17","1930","New York","6/4/20","1814","116","36001","6.39"
"Allegany","1","49","New York","6/4/20","45","4","36003","8.89"
"Broome","7","593","New York","6/4/20","545","48","36007","8.81"
"Cattaraugus","1","91","New York","6/4/20","85","6","36009","7.06"
"Cayuga","2","96","New York","6/4/20","84","12","36011","14.29"
"Chautauqua","2","95","New York","6/4/20","81","14","36013","17.28"
"Chemung","0","137","New York","6/4/20","136","1","36015","0.74"
"Chenango","1","133","New York","6/4/20","126","7","36017","5.56"
"Clinton","0","97","New York","6/4/20","95","2","36019","2.11"
"Columbia","3","400","New York","6/4/20","380","20","36021","5.26"
"Cortland","0","41","New York","6/4/20","39","2","36023","5.13"
"Delaware","1","82","New York","6/4/20","78","4","36025","5.13"
"Dutchess","14","3962","New York","6/4/20","3867","95","36027","2.46"
"Erie","60","6308","New York","6/4/20","5886","422","36029","7.17"
"Essex","0","38","New York","6/4/20","36","2","36031","5.56"
"Franklin","0","23","New York","6/4/20","20","3","36033","15"
"Fulton","2","215","New York","6/4/20","200","15","36035","7.5"
"Genesee","1","205","New York","6/4/20","197","8","36037","4.06"
"Greene","1","241","New York","6/4/20","236","5","36039","2.12"
"Hamilton","0","5","New York","6/4/20","5","0","36041","0"
"Herkimer","1","113","New York","6/4/20","106","7","36043","6.6"
"Jefferson","0","74","New York","6/4/20","72","2","36045","2.78"
"Lewis","0","20","New York","6/4/20","20","0","36049","0"
"Livingston","0","120","New York","6/4/20","118","2","36051","1.69"
"Madison","1","319","New York","6/4/20","310","9","36053","2.9"
"Monroe","37","3081","New York","6/4/20","2824","257","36055","9.1"
"Montgomery","2","96","New York","6/4/20","82","14","36057","17.07"
"Nassau","82","40713","New York","6/4/20","40140","573","36059","1.43"
"New York","622","205406","New York","6/4/20","201051","4355","36061","2.17"
"Niagara","14","1085","New York","6/4/20","984","101","36063","10.26"
"Oneida","16","1069","New York","6/4/20","959","110","36065","11.47"
"Onondaga","34","2295","New York","6/4/20","2054","241","36067","11.73"
"Ontario","2","218","New York","6/4/20","201","17","36069","8.46"
"Orange","21","10471","New York","6/4/20","10325","146","36071","1.41"
"Orleans","5","247","New York","6/4/20","212","35","36073","16.51"
"Oswego","1","112","New York","6/4/20","107","5","36075","4.67"
"Otsego","0","73","New York","6/4/20","70","3","36077","4.29"
"Putnam","5","1268","New York","6/4/20","1236","32","36079","2.59"
"Rensselaer","4","495","New York","6/4/20","469","26","36083","5.54"
"Rockland","29","13280","New York","6/4/20","13076","204","36087","1.56"
"Saratoga","4","493","New York","6/4/20","468","25","36091","5.34"
"Schenectady","4","701","New York","6/4/20","676","25","36093","3.7"
"Schoharie","0","51","New York","6/4/20","49","2","36095","4.08"
"Schuyler","0","12","New York","6/4/20","11","1","36097","9.09"
"Seneca","1","60","New York","6/4/20","56","4","36099","7.14"
"St. Lawrence","1","207","New York","6/4/20","201","6","36089","2.99"
"Steuben","1","245","New York","6/4/20","241","4","36101","1.66"
"Suffolk","113","40153","New York","6/4/20","39359","794","36103","2.02"
"Sullivan","8","1405","New York","6/4/20","1351","54","36105","4"
"Tioga","1","133","New York","6/4/20","126","7","36107","5.56"
"Tompkins","1","165","New York","6/4/20","156","9","36109","5.77"
"Ulster","7","1704","New York","6/4/20","1658","46","36111","2.77"
"Warren","0","256","New York","6/4/20","253","3","36113","1.19"
"Washington","1","238","New York","6/4/20","231","7","36115","3.03"
"Wayne","1","121","New York","6/4/20","112","9","36117","8.04"
"Westchester","68","33767","New York","6/4/20","33293","474","36119","1.42"
"Wyoming","1","87","New York","6/4/20","82","5","36121","6.1"
"Yates","0","39","New York","6/4/20","39","0","36123","0"
"Alamance","13","413","North Carolina","6/4/20","325","88","37001","27.08"
"Alexander","1","38","North Carolina","6/4/20","30","8","37003","26.67"
"Alleghany","1","24","North Carolina","6/4/20","14","10","37005","71.43"
"Anson","1","68","North Carolina","6/4/20","64","4","37007","6.25"
"Ashe","1","39","North Carolina","6/4/20","35","4","37009","11.43"
"Avery","0","2","North Carolina","6/4/20","2","0","37011","0"
"Beaufort","0","39","North Carolina","6/4/20","36","3","37013","8.33"
"Bertie","1","127","North Carolina","6/4/20","118","9","37015","7.63"
"Bladen","5","132","North Carolina","6/4/20","94","38","37017","40.43"
"Brunswick","5","115","North Carolina","6/4/20","83","32","37019","38.55"
"Buncombe","10","374","North Carolina","6/4/20","303","71","37021","23.43"
"Burke","21","497","North Carolina","6/4/20","350","147","37023","42"
"Cabarrus","10","530","North Carolina","6/4/20","457","73","37025","15.97"
"Caldwell","8","173","North Carolina","6/4/20","120","53","37027","44.17"
"Camden","0","3","North Carolina","6/4/20","3","0","37029","0"
"Carteret","0","39","North Carolina","6/4/20","37","2","37031","5.41"
"Caswell","5","94","North Carolina","6/4/20","57","37","37033","64.91"
"Catawba","9","258","North Carolina","6/4/20","194","64","37035","32.99"
"Chatham","12","677","North Carolina","6/4/20","595","82","37037","13.78"
"Cherokee","0","30","North Carolina","6/4/20","30","0","37039","0"
"Chowan","0","17","North Carolina","6/4/20","17","0","37041","0"
"Clay","0","8","North Carolina","6/4/20","8","0","37043","0"
"Cleveland","4","109","North Carolina","6/4/20","78","31","37045","39.74"
"Columbus","4","349","North Carolina","6/4/20","323","26","37047","8.05"
"Craven","3","216","North Carolina","6/4/20","192","24","37049","12.5"
"Cumberland","16","733","North Carolina","6/4/20","622","111","37051","17.85"
"Currituck","0","15","North Carolina","6/4/20","15","0","37053","0"
"Dare","0","22","North Carolina","6/4/20","22","0","37055","0"
"Davidson","16","477","North Carolina","6/4/20","368","109","37057","29.62"
"Davie","4","107","North Carolina","6/4/20","82","25","37059","30.49"
"Duplin","24","915","North Carolina","6/4/20","744","171","37061","22.98"
"Durham","60","1830","North Carolina","6/4/20","1411","419","37063","29.7"
"Edgecombe","3","214","North Carolina","6/4/20","190","24","37065","12.63"
"Forsyth","68","1560","North Carolina","6/4/20","1081","479","37067","44.31"
"Franklin","2","169","North Carolina","6/4/20","156","13","37069","8.33"
"Gaston","7","301","North Carolina","6/4/20","255","46","37071","18.04"
"Gates","0","24","North Carolina","6/4/20","25","-1","37073","-4"
"Graham","0","2","North Carolina","6/4/20","2","0","37075","0"
"Granville","7","324","North Carolina","6/4/20","278","46","37077","16.55"
"Greene","2","84","North Carolina","6/4/20","68","16","37079","23.53"
"Guilford","39","1445","North Carolina","6/4/20","1173","272","37081","23.19"
"Halifax","4","197","North Carolina","6/4/20","167","30","37083","17.96"
"Harnett","4","309","North Carolina","6/4/20","281","28","37085","9.96"
"Haywood","1","55","North Carolina","6/4/20","47","8","37087","17.02"
"Henderson","4","354","North Carolina","6/4/20","327","27","37089","8.26"
"Hertford","9","132","North Carolina","6/4/20","72","60","37091","83.33"
"Hoke","5","259","North Carolina","6/4/20","227","32","37093","14.1"
"Hyde","0","1","North Carolina","6/4/20","1","0","37095","0"
"Iredell","7","289","North Carolina","6/4/20","239","50","37097","20.92"
"Jackson","1","38","North Carolina","6/4/20","33","5","37099","15.15"
"Johnston","16","519","North Carolina","6/4/20","408","111","37101","27.21"
"Jones","0","28","North Carolina","6/4/20","28","0","37103","0"
"Lee","13","490","North Carolina","6/4/20","396","94","37105","23.74"
"Lenoir","3","222","North Carolina","6/4/20","200","22","37107","11"
"Lincoln","3","87","North Carolina","6/4/20","63","24","37109","38.1"
"Macon","11","98","North Carolina","6/4/20","19","79","37113","415.79"
"Madison","0","4","North Carolina","6/4/20","4","0","37115","0"
"Martin","2","74","North Carolina","6/4/20","62","12","37117","19.35"
"McDowell","4","82","North Carolina","6/4/20","53","29","37111","54.72"
"Mecklenburg","177","4842","North Carolina","6/4/20","3605","1237","37119","34.31"
"Mitchell","1","16","North Carolina","6/4/20","9","7","37121","77.78"
"Montgomery","8","162","North Carolina","6/4/20","104","58","37123","55.77"
"Moore","3","241","North Carolina","6/4/20","220","21","37125","9.55"
"Nash","5","218","North Carolina","6/4/20","186","32","37127","17.2"
"New Hanover","8","225","North Carolina","6/4/20","171","54","37129","31.58"
"Northampton","2","165","North Carolina","6/4/20","149","16","37131","10.74"
"Onslow","3","117","North Carolina","6/4/20","98","19","37133","19.39"
"Orange","7","370","North Carolina","6/4/20","320","50","37135","15.62"
"Pamlico","0","10","North Carolina","6/4/20","10","0","37137","0"
"Pasquotank","2","115","North Carolina","6/4/20","104","11","37139","10.58"
"Pender","2","93","North Carolina","6/4/20","76","17","37141","22.37"
"Perquimans","0","25","North Carolina","6/4/20","23","2","37143","8.7"
"Person","2","55","North Carolina","6/4/20","44","11","37145","25"
"Pitt","8","326","North Carolina","6/4/20","273","53","37147","19.41"
"Polk","1","43","North Carolina","6/4/20","35","8","37149","22.86"
"Randolph","13","730","North Carolina","6/4/20","639","91","37151","14.24"
"Richmond","1","171","North Carolina","6/4/20","162","9","37153","5.56"
"Robeson","24","905","North Carolina","6/4/20","737","168","37155","22.8"
"Rockingham","4","103","North Carolina","6/4/20","76","27","37157","35.53"
"Rowan","13","707","North Carolina","6/4/20","619","88","37159","14.22"
"Rutherford","2","188","North Carolina","6/4/20","174","14","37161","8.05"
"Sampson","17","531","North Carolina","6/4/20","413","118","37163","28.57"
"Scotland","2","89","North Carolina","6/4/20","78","11","37165","14.1"
"Stanly","6","96","North Carolina","6/4/20","55","41","37167","74.55"
"Stokes","3","79","North Carolina","6/4/20","60","19","37169","31.67"
"Surry","9","251","North Carolina","6/4/20","187","64","37171","34.22"
"Swain","2","21","North Carolina","6/4/20","10","11","37173","110"
"Transylvania","0","15","North Carolina","6/4/20","12","3","37175","25"
"Tyrrell","0","4","North Carolina","6/4/20","4","0","37177","0"
"Union","17","533","North Carolina","6/4/20","417","116","37179","27.82"
"Vance","7","344","North Carolina","6/4/20","297","47","37181","15.82"
"Wake","53","1977","North Carolina","6/4/20","1604","373","37183","23.25"
"Warren","2","72","North Carolina","6/4/20","57","15","37185","26.32"
"Washington","1","32","North Carolina","6/4/20","27","5","37187","18.52"
"Watauga","3","35","North Carolina","6/4/20","15","20","37189","133.33"
"Wayne","22","1212","North Carolina","6/4/20","1061","151","37191","14.23"
"Wilkes","2","502","North Carolina","6/4/20","488","14","37193","2.87"
"Wilson","10","403","North Carolina","6/4/20","331","72","37195","21.75"
"Yadkin","7","203","North Carolina","6/4/20","154","49","37197","31.82"
"Yancey","1","18","North Carolina","6/4/20","12","6","37199","50"
"Barnes","0","6","North Dakota","6/4/20","4","2","38003","50"
"Benson","0","1","North Dakota","6/4/20","1","0","38005","0"
"Bottineau","0","3","North Dakota","6/4/20","2","1","38009","50"
"Bowman","0","1","North Dakota","6/4/20","1","0","38011","0"
"Burke","0","5","North Dakota","6/4/20","5","0","38013","0"
"Burleigh","1","134","North Dakota","6/4/20","125","9","38015","7.2"
"Cass","24","1803","North Dakota","6/4/20","1632","171","38017","10.48"
"Dickey","0","1","North Dakota","6/4/20","0","1","38021","1"
"Divide","0","1","North Dakota","6/4/20","1","0","38023","0"
"Dunn","0","11","North Dakota","6/4/20","12","-1","38025","-8.33"
"Eddy","0","4","North Dakota","6/4/20","4","0","38027","0"
"Emmons","0","4","North Dakota","6/4/20","4","0","38029","0"
"Foster","0","1","North Dakota","6/4/20","1","0","38031","0"
"Grand Forks","1","336","North Dakota","6/4/20","328","8","38035","2.44"
"Grant","0","2","North Dakota","6/4/20","2","0","38037","0"
"Griggs","0","1","North Dakota","6/4/20","1","0","38039","0"
"McHenry","0","2","North Dakota","6/4/20","2","0","38049","0"
"McIntosh","0","1","North Dakota","6/4/20","1","0","38051","0"
"McKenzie","0","17","North Dakota","6/4/20","16","1","38053","6.25"
"McLean","0","7","North Dakota","6/4/20","7","0","38055","0"
"Mercer","0","5","North Dakota","6/4/20","5","0","38057","0"
"Morton","0","60","North Dakota","6/4/20","59","1","38059","1.69"
"Mountrail","0","42","North Dakota","6/4/20","39","3","38061","7.69"
"Nelson","0","1","North Dakota","6/4/20","1","0","38063","0"
"Oliver","0","1","North Dakota","6/4/20","1","0","38065","0"
"Pembina","0","6","North Dakota","6/4/20","6","0","38067","0"
"Pierce","0","3","North Dakota","6/4/20","3","0","38069","0"
"Ramsey","0","8","North Dakota","6/4/20","8","0","38071","0"
"Ransom","0","11","North Dakota","6/4/20","8","3","38073","37.5"
"Renville","0","3","North Dakota","6/4/20","1","2","38075","200"
"Richland","0","23","North Dakota","6/4/20","20","3","38077","15"
"Rolette","0","6","North Dakota","6/4/20","5","1","38079","20"
"Sargent","0","4","North Dakota","6/4/20","3","1","38081","33.33"
"Sioux","0","1","North Dakota","6/4/20","2","-1","38085","-50"
"Slope","0","3","North Dakota","6/4/20","3","0","38087","0"
"Stark","0","62","North Dakota","6/4/20","61","1","38089","1.64"
"Steele","0","1","North Dakota","6/4/20","1","0","38091","0"
"Stutsman","2","29","North Dakota","6/4/20","18","11","38093","61.11"
"Traill","0","14","North Dakota","6/4/20","11","3","38097","27.27"
"Walsh","0","15","North Dakota","6/4/20","13","2","38099","15.38"
"Ward","0","39","North Dakota","6/4/20","37","2","38101","5.41"
"Wells","0","3","North Dakota","6/4/20","3","0","38103","0"
"Williams","0","25","North Dakota","6/4/20","24","1","38105","4.17"
"","1","26","Northern Mariana Islands","6/4/20","22","4",,"18.18"
"Adams","0","11","Ohio","6/4/20","8","3","39001","37.5"
"Allen","2","219","Ohio","6/4/20","206","13","39003","6.31"
"Ashland","0","21","Ohio","6/4/20","19","2","39005","10.53"
"Ashtabula","3","347","Ohio","6/4/20","324","23","39007","7.1"
"Athens","0","18","Ohio","6/4/20","18","0","39009","0"
"Auglaize","2","77","Ohio","6/4/20","65","12","39011","18.46"
"Belmont","5","447","Ohio","6/4/20","412","35","39013","8.5"
"Brown","0","30","Ohio","6/4/20","28","2","39015","7.14"
"Butler","14","948","Ohio","6/4/20","847","101","39017","11.92"
"Carroll","1","34","Ohio","6/4/20","30","4","39019","13.33"
"Champaign","0","28","Ohio","6/4/20","27","1","39021","3.7"
"Clark","11","313","Ohio","6/4/20","234","79","39023","33.76"
"Clermont","2","218","Ohio","6/4/20","202","16","39025","7.92"
"Clinton","0","45","Ohio","6/4/20","43","2","39027","4.65"
"Columbiana","30","891","Ohio","6/4/20","684","207","39029","30.26"
"Coshocton","1","45","Ohio","6/4/20","37","8","39031","21.62"
"Crawford","1","118","Ohio","6/4/20","110","8","39033","7.27"
"Cuyahoga","74","4732","Ohio","6/4/20","4211","521","39035","12.37"
"Darke","4","189","Ohio","6/4/20","162","27","39037","16.67"
"Defiance","0","34","Ohio","6/4/20","33","1","39039","3.03"
"Delaware","6","355","Ohio","6/4/20","310","45","39041","14.52"
"Erie","3","185","Ohio","6/4/20","165","20","39043","12.12"
"Fairfield","9","314","Ohio","6/4/20","251","63","39045","25.1"
"Fayette","0","41","Ohio","6/4/20","39","2","39047","5.13"
"Franklin","93","6216","Ohio","6/4/20","5566","650","39049","11.68"
"Fulton","1","45","Ohio","6/4/20","37","8","39051","21.62"
"Gallia","0","8","Ohio","6/4/20","7","1","39053","14.29"
"Geauga","4","300","Ohio","6/4/20","272","28","39055","10.29"
"Greene","1","105","Ohio","6/4/20","101","4","39057","3.96"
"Guernsey","1","38","Ohio","6/4/20","34","4","39059","11.76"
"Hamilton","30","2767","Ohio","6/4/20","2555","212","39061","8.3"
"Hancock","0","53","Ohio","6/4/20","51","2","39063","3.92"
"Hardin","4","71","Ohio","6/4/20","42","29","39065","69.05"
"Harrison","0","10","Ohio","6/4/20","10","0","39067","0"
"Henry","0","17","Ohio","6/4/20","15","2","39069","13.33"
"Highland","1","26","Ohio","6/4/20","22","4","39071","18.18"
"Hocking","0","70","Ohio","6/4/20","69","1","39073","1.45"
"Holmes","4","54","Ohio","6/4/20","29","25","39075","86.21"
"Huron","1","61","Ohio","6/4/20","56","5","39077","8.93"
"Jackson","0","14","Ohio","6/4/20","13","1","39079","7.69"
"Jefferson","0","67","Ohio","6/4/20","66","1","39081","1.52"
"Knox","0","25","Ohio","6/4/20","23","2","39083","8.7"
"Lake","4","320","Ohio","6/4/20","290","30","39085","10.34"
"Lawrence","0","31","Ohio","6/4/20","29","2","39087","6.9"
"Licking","6","267","Ohio","6/4/20","222","45","39089","20.27"
"Logan","1","43","Ohio","6/4/20","37","6","39091","16.22"
"Lorain","8","722","Ohio","6/4/20","667","55","39093","8.25"
"Lucas","19","2313","Ohio","6/4/20","2178","135","39095","6.2"
"Madison","2","163","Ohio","6/4/20","148","15","39097","10.14"
"Mahoning","10","1466","Ohio","6/4/20","1397","69","39099","4.94"
"Marion","6","2686","Ohio","6/4/20","2642","44","39101","1.67"
"Medina","9","376","Ohio","6/4/20","313","63","39103","20.13"
"Meigs","0","6","Ohio","6/4/20","6","0","39105","0"
"Mercer","3","223","Ohio","6/4/20","201","22","39107","10.95"
"Miami","2","366","Ohio","6/4/20","352","14","39109","3.98"
"Monroe","1","80","Ohio","6/4/20","75","5","39111","6.67"
"Montgomery","12","720","Ohio","6/4/20","637","83","39113","13.03"
"Morgan","0","5","Ohio","6/4/20","5","0","39115","0"
"Morrow","1","108","Ohio","6/4/20","104","4","39117","3.85"
"Muskingum","1","54","Ohio","6/4/20","48","6","39119","12.5"
"Noble","0","6","Ohio","6/4/20","5","1","39121","20"
"Ottawa","2","104","Ohio","6/4/20","93","11","39123","11.83"
"Paulding","0","14","Ohio","6/4/20","13","1","39125","7.69"
"Perry","0","19","Ohio","6/4/20","18","1","39127","5.56"
"Pickaway","7","2096","Ohio","6/4/20","2048","48","39129","2.34"
"Pike","0","9","Ohio","6/4/20","6","3","39131","50"
"Portage","2","333","Ohio","6/4/20","318","15","39133","4.72"
"Preble","1","39","Ohio","6/4/20","33","6","39135","18.18"
"Putnam","1","95","Ohio","6/4/20","88","7","39137","7.95"
"Richland","3","216","Ohio","6/4/20","193","23","39139","11.92"
"Ross","1","73","Ohio","6/4/20","67","6","39141","8.96"
"Sandusky","2","85","Ohio","6/4/20","72","13","39143","18.06"
"Scioto","0","17","Ohio","6/4/20","15","2","39145","13.33"
"Seneca","1","26","Ohio","6/4/20","20","6","39147","30"
"Shelby","1","46","Ohio","6/4/20","40","6","39149","15"
"Stark","11","782","Ohio","6/4/20","705","77","39151","10.92"
"Summit","24","1505","Ohio","6/4/20","1335","170","39153","12.73"
"Trumbull","6","594","Ohio","6/4/20","551","43","39155","7.8"
"Tuscarawas","4","367","Ohio","6/4/20","337","30","39157","8.9"
"Union","1","55","Ohio","6/4/20","49","6","39159","12.24"
"Van Wert","0","7","Ohio","6/4/20","6","1","39161","16.67"
"Vinton","0","21","Ohio","6/4/20","19","2","39163","10.53"
"Warren","7","398","Ohio","6/4/20","351","47","39165","13.39"
"Washington","0","118","Ohio","6/4/20","118","0","39167","0"
"Wayne","5","293","Ohio","6/4/20","260","33","39169","12.69"
"Williams","1","56","Ohio","6/4/20","51","5","39171","9.8"
"Wood","3","304","Ohio","6/4/20","282","22","39173","7.8"
"Wyandot","1","48","Ohio","6/4/20","38","10","39175","26.32"
"Adair","1","93","Oklahoma","6/4/20","84","9","40001","10.71"
"Alfalfa","0","1","Oklahoma","6/4/20","1","0","40003","0"
"Atoka","0","4","Oklahoma","6/4/20","2","2","40005","100"
"Beaver","0","24","Oklahoma","6/4/20","24","0","40007","0"
"Beckham","0","7","Oklahoma","6/4/20","6","1","40009","16.67"
"Blaine","0","8","Oklahoma","6/4/20","6","2","40011","33.33"
"Bryan","1","33","Oklahoma","6/4/20","23","10","40013","43.48"
"Caddo","2","168","Oklahoma","6/4/20","154","14","40015","9.09"
"Canadian","1","137","Oklahoma","6/4/20","128","9","40017","7.03"
"Carter","2","51","Oklahoma","6/4/20","38","13","40019","34.21"
"Cherokee","0","31","Oklahoma","6/4/20","29","2","40021","6.9"
"Choctaw","9","90","Oklahoma","6/4/20","30","60","40023","200"
"Cimarron","0","1","Oklahoma","6/4/20","1","0","40025","0"
"Cleveland","3","514","Oklahoma","6/4/20","496","18","40027","3.63"
"Coal","0","3","Oklahoma","6/4/20","1","2","40029","200"
"Comanche","2","293","Oklahoma","6/4/20","278","15","40031","5.4"
"Cotton","0","5","Oklahoma","6/4/20","5","0","40033","0"
"Craig","0","15","Oklahoma","6/4/20","15","0","40035","0"
"Creek","1","98","Oklahoma","6/4/20","93","5","40037","5.38"
"Custer","3","31","Oklahoma","6/4/20","13","18","40039","138.46"
"Delaware","0","100","Oklahoma","6/4/20","100","0","40041","0"
"Dewey","0","3","Oklahoma","6/4/20","4","-1","40043","-25"
"Garfield","0","28","Oklahoma","6/4/20","26","2","40047","7.69"
"Garvin","0","18","Oklahoma","6/4/20","16","2","40049","12.5"
"Grady","3","104","Oklahoma","6/4/20","83","21","40051","25.3"
"Grant","0","2","Oklahoma","6/4/20","2","0","40053","0"
"Greer","0","66","Oklahoma","6/4/20","66","0","40055","0"
"Harper","0","1","Oklahoma","6/4/20","1","0","40059","0"
"Haskell","0","6","Oklahoma","6/4/20","6","0","40061","0"
"Hughes","0","3","Oklahoma","6/4/20","0","3","40063","1"
"Jackson","0","27","Oklahoma","6/4/20","24","3","40065","12.5"
"Jefferson","0","4","Oklahoma","6/4/20","4","0","40067","0"
"Johnston","0","3","Oklahoma","6/4/20","3","0","40069","0"
"Kay","1","57","Oklahoma","6/4/20","52","5","40071","9.62"
"Kingfisher","0","12","Oklahoma","6/4/20","11","1","40073","9.09"
"Kiowa","0","6","Oklahoma","6/4/20","6","0","40075","0"
"Latimer","0","5","Oklahoma","6/4/20","5","0","40077","0"
"Le Flore","0","14","Oklahoma","6/4/20","14","0","40079","0"
"Lincoln","0","22","Oklahoma","6/4/20","22","0","40081","0"
"Logan","0","19","Oklahoma","6/4/20","19","0","40083","0"
"Love","0","16","Oklahoma","6/4/20","15","1","40085","6.67"
"Major","0","6","Oklahoma","6/4/20","6","0","40093","0"
"Marshall","0","10","Oklahoma","6/4/20","8","2","40095","25"
"Mayes","0","31","Oklahoma","6/4/20","30","1","40097","3.33"
"McClain","1","107","Oklahoma","6/4/20","103","4","40087","3.88"
"McCurtain","6","77","Oklahoma","6/4/20","33","44","40089","133.33"
"McIntosh","0","14","Oklahoma","6/4/20","11","3","40091","27.27"
"Murray","0","5","Oklahoma","6/4/20","4","1","40099","25"
"Muskogee","2","60","Oklahoma","6/4/20","43","17","40101","39.53"
"Noble","0","7","Oklahoma","6/4/20","7","0","40103","0"
"Nowata","0","23","Oklahoma","6/4/20","23","0","40105","0"
"Okfuskee","0","5","Oklahoma","6/4/20","3","2","40107","66.67"
"Oklahoma","12","1328","Oklahoma","6/4/20","1241","87","40109","7.01"
"Okmulgee","0","25","Oklahoma","6/4/20","23","2","40111","8.7"
"Osage","1","102","Oklahoma","6/4/20","94","8","40113","8.51"
"Ottawa","0","35","Oklahoma","6/4/20","35","0","40115","0"
"Pawnee","0","32","Oklahoma","6/4/20","30","2","40117","6.67"
"Payne","0","48","Oklahoma","6/4/20","45","3","40119","6.67"
"Pittsburg","0","41","Oklahoma","6/4/20","40","1","40121","2.5"
"Pontotoc","0","15","Oklahoma","6/4/20","12","3","40123","25"
"Pottawatomie","1","63","Oklahoma","6/4/20","59","4","40125","6.78"
"Pushmataha","0","5","Oklahoma","6/4/20","2","3","40127","150"
"Rogers","0","83","Oklahoma","6/4/20","80","3","40131","3.75"
"Seminole","1","30","Oklahoma","6/4/20","24","6","40133","25"
"Sequoyah","0","16","Oklahoma","6/4/20","14","2","40135","14.29"
"Stephens","1","41","Oklahoma","6/4/20","37","4","40137","10.81"
"Texas","6","944","Oklahoma","6/4/20","904","40","40139","4.42"
"Tillman","0","23","Oklahoma","6/4/20","23","0","40141","0"
"Tulsa","21","1109","Oklahoma","6/4/20","960","149","40143","15.52"
"Wagoner","0","151","Oklahoma","6/4/20","150","1","40145","0.67"
"Washington","3","338","Oklahoma","6/4/20","314","24","40147","7.64"
"Washita","0","2","Oklahoma","6/4/20","2","0","40149","0"
"Woods","0","3","Oklahoma","6/4/20","3","0","40151","0"
"Woodward","0","5","Oklahoma","6/4/20","4","1","40153","25"
"Baker","0","1","Oregon","6/4/20","1","0","41001","0"
"Benton","0","57","Oregon","6/4/20","55","2","41003","3.64"
"Clackamas","4","333","Oregon","6/4/20","304","29","41005","9.54"
"Clatsop","0","45","Oregon","6/4/20","45","0","41007","0"
"Columbia","0","16","Oregon","6/4/20","16","0","41009","0"
"Coos","0","32","Oregon","6/4/20","31","1","41011","3.23"
"Crook","0","7","Oregon","6/4/20","6","1","41013","16.67"
"Curry","0","7","Oregon","6/4/20","6","1","41015","16.67"
"Deschutes","2","133","Oregon","6/4/20","121","12","41017","9.92"
"Douglas","0","28","Oregon","6/4/20","25","3","41019","12"
"Grant","0","1","Oregon","6/4/20","1","0","41023","0"
"Harney","0","1","Oregon","6/4/20","1","0","41025","0"
"Hood River","2","28","Oregon","6/4/20","13","15","41027","115.38"
"Jackson","1","69","Oregon","6/4/20","65","4","41029","6.15"
"Jefferson","3","46","Oregon","6/4/20","25","21","41031","84"
"Josephine","0","23","Oregon","6/4/20","25","-2","41033","-8"
"Klamath","0","44","Oregon","6/4/20","41","3","41035","7.32"
"Lake","0","2","Oregon","6/4/20","2","0","41037","0"
"Lane","2","80","Oregon","6/4/20","67","13","41039","19.4"
"Lincoln","2","23","Oregon","6/4/20","10","13","41041","130"
"Linn","1","121","Oregon","6/4/20","115","6","41043","5.22"
"Malheur","0","32","Oregon","6/4/20","33","-1","41045","-3.03"
"Marion","11","1011","Oregon","6/4/20","931","80","41047","8.59"
"Morrow","0","12","Oregon","6/4/20","12","0","41049","0"
"Multnomah","17","1224","Oregon","6/4/20","1103","121","41051","10.97"
"Polk","0","100","Oregon","6/4/20","98","2","41053","2.04"
"Sherman","0","1","Oregon","6/4/20","1","0","41055","0"
"Tillamook","0","6","Oregon","6/4/20","6","0","41057","0"
"Umatilla","1","124","Oregon","6/4/20","114","10","41059","8.77"
"Union","0","6","Oregon","6/4/20","6","0","41061","0"
"Wallowa","0","2","Oregon","6/4/20","2","0","41063","0"
"Wasco","1","29","Oregon","6/4/20","21","8","41065","38.1"
"Washington","6","755","Oregon","6/4/20","715","40","41067","5.59"
"Yamhill","1","75","Oregon","6/4/20","69","6","41071","8.7"
"Adams","3","263","Pennsylvania","6/4/20","240","23","42001","9.58"
"Allegheny","16","1965","Pennsylvania","6/4/20","1851","114","42003","6.16"
"Armstrong","0","64","Pennsylvania","6/4/20","62","2","42005","3.23"
"Beaver","3","599","Pennsylvania","6/4/20","579","20","42007","3.45"
"Bedford","1","42","Pennsylvania","6/4/20","38","4","42009","10.53"
"Berks","26","4152","Pennsylvania","6/4/20","3973","179","42011","4.51"
"Blair","0","52","Pennsylvania","6/4/20","49","3","42013","6.12"
"Bradford","0","46","Pennsylvania","6/4/20","46","0","42015","0"
"Bucks","27","5158","Pennsylvania","6/4/20","4966","192","42017","3.87"
"Butler","2","240","Pennsylvania","6/4/20","226","14","42019","6.19"
"Cambria","0","59","Pennsylvania","6/4/20","57","2","42021","3.51"
"Cameron","0","2","Pennsylvania","6/4/20","2","0","42023","0"
"Carbon","3","250","Pennsylvania","6/4/20","232","18","42025","7.76"
"Centre","1","154","Pennsylvania","6/4/20","150","4","42027","2.67"
"Chester","50","2902","Pennsylvania","6/4/20","2555","347","42029","13.58"
"Clarion","0","27","Pennsylvania","6/4/20","25","2","42031","8"
"Clearfield","1","42","Pennsylvania","6/4/20","37","5","42033","13.51"
"Clinton","1","60","Pennsylvania","6/4/20","55","5","42035","9.09"
"Columbia","1","352","Pennsylvania","6/4/20","346","6","42037","1.73"
"Crawford","1","30","Pennsylvania","6/4/20","23","7","42039","30.43"
"Cumberland","6","657","Pennsylvania","6/4/20","618","39","42041","6.31"
"Dauphin","27","1404","Pennsylvania","6/4/20","1212","192","42043","15.84"
"Delaware","36","6587","Pennsylvania","6/4/20","6337","250","42045","3.95"
"Elk","0","6","Pennsylvania","6/4/20","6","0","42047","0"
"Erie","12","327","Pennsylvania","6/4/20","242","85","42049","35.12"
"Fayette","0","95","Pennsylvania","6/4/20","95","0","42051","0"
"Forest","0","7","Pennsylvania","6/4/20","7","0","42053","0"
"Franklin","4","785","Pennsylvania","6/4/20","759","26","42055","3.43"
"Fulton","0","16","Pennsylvania","6/4/20","15","1","42057","6.67"
"Greene","0","27","Pennsylvania","6/4/20","27","0","42059","0"
"Huntingdon","1","234","Pennsylvania","6/4/20","228","6","42061","2.63"
"Indiana","0","91","Pennsylvania","6/4/20","90","1","42063","1.11"
"Jefferson","1","14","Pennsylvania","6/4/20","7","7","42065","100"
"Juniata","0","95","Pennsylvania","6/4/20","95","0","42067","0"
"Lackawanna","8","1569","Pennsylvania","6/4/20","1516","53","42069","3.5"
"Lancaster","35","3301","Pennsylvania","6/4/20","3056","245","42071","8.02"
"Lawrence","1","82","Pennsylvania","6/4/20","74","8","42073","10.81"
"Lebanon","8","997","Pennsylvania","6/4/20","944","53","42075","5.61"
"Lehigh","14","3817","Pennsylvania","6/4/20","3719","98","42077","2.64"
"Luzerne","12","2773","Pennsylvania","6/4/20","2689","84","42079","3.12"
"Lycoming","1","166","Pennsylvania","6/4/20","162","4","42081","2.47"
"McKean","0","13","Pennsylvania","6/4/20","12","1","42083","8.33"
"Mercer","1","110","Pennsylvania","6/4/20","106","4","42085","3.77"
"Mifflin","0","59","Pennsylvania","6/4/20","58","1","42087","1.72"
"Monroe","3","1333","Pennsylvania","6/4/20","1311","22","42089","1.68"
"Montgomery","77","7351","Pennsylvania","6/4/20","6811","540","42091","7.93"
"Montour","0","53","Pennsylvania","6/4/20","50","3","42093","6"
"Northampton","15","3124","Pennsylvania","6/4/20","3022","102","42095","3.38"
"Northumberland","2","201","Pennsylvania","6/4/20","186","15","42097","8.06"
"Perry","1","64","Pennsylvania","6/4/20","54","10","42099","18.52"
"Philadelphia","162","23281","Pennsylvania","6/4/20","22150","1131","42101","5.11"
"Pike","0","478","Pennsylvania","6/4/20","476","2","42103","0.42"
"Potter","0","6","Pennsylvania","6/4/20","4","2","42105","50"
"Schuylkill","6","651","Pennsylvania","6/4/20","606","45","42107","7.43"
"Snyder","2","51","Pennsylvania","6/4/20","39","12","42109","30.77"
"Somerset","0","38","Pennsylvania","6/4/20","37","1","42111","2.7"
"Sullivan","0","3","Pennsylvania","6/4/20","2","1","42113","50"
"Susquehanna","3","123","Pennsylvania","6/4/20","99","24","42115","24.24"
"Tioga","0","19","Pennsylvania","6/4/20","16","3","42117","18.75"
"Union","1","65","Pennsylvania","6/4/20","56","9","42119","16.07"
"Venango","0","10","Pennsylvania","6/4/20","8","2","42121","25"
"Warren","0","5","Pennsylvania","6/4/20","3","2","42123","66.67"
"Washington","0","140","Pennsylvania","6/4/20","139","1","42125","0.72"
"Wayne","0","121","Pennsylvania","6/4/20","118","3","42127","2.54"
"Westmoreland","2","455","Pennsylvania","6/4/20","443","12","42129","2.71"
"Wyoming","0","34","Pennsylvania","6/4/20","34","0","42131","0"
"York","10","1038","Pennsylvania","6/4/20","970","68","42133","7.01"
"","146","4508","Puerto Rico","6/4/20","3486","1022",,"29.32"
"Bristol","0","224","Rhode Island","6/4/20","222","2","44001","0.9"
"Kent","2","1052","Rhode Island","6/4/20","1038","14","44003","1.35"
"Newport","1","244","Rhode Island","6/4/20","237","7","44005","2.95"
"Providence","12","11052","Rhode Island","6/4/20","10968","84","44007","0.77"
"Washington","0","499","Rhode Island","6/4/20","496","3","44009","0.6"
"Abbeville","1","46","South Carolina","6/4/20","37","9","45001","24.32"
"Aiken","3","208","South Carolina","6/4/20","189","19","45003","10.05"
"Allendale","1","38","South Carolina","6/4/20","34","4","45005","11.76"
"Anderson","3","244","South Carolina","6/4/20","226","18","45007","7.96"
"Bamberg","0","23","South Carolina","6/4/20","21","2","45009","9.52"
"Barnwell","1","48","South Carolina","6/4/20","44","4","45011","9.09"
"Beaufort","7","398","South Carolina","6/4/20","351","47","45013","13.39"
"Berkeley","3","242","South Carolina","6/4/20","224","18","45015","8.04"
"Calhoun","1","15","South Carolina","6/4/20","10","5","45017","50"
"Charleston","10","646","South Carolina","6/4/20","578","68","45019","11.76"
"Cherokee","2","43","South Carolina","6/4/20","32","11","45021","34.38"
"Chester","4","87","South Carolina","6/4/20","59","28","45023","47.46"
"Chesterfield","7","203","South Carolina","6/4/20","151","52","45025","34.44"
"Clarendon","1","302","South Carolina","6/4/20","296","6","45027","2.03"
"Colleton","4","114","South Carolina","6/4/20","86","28","45029","32.56"
"Darlington","7","308","South Carolina","6/4/20","262","46","45031","17.56"
"Dillon","2","170","South Carolina","6/4/20","155","15","45033","9.68"
"Dorchester","2","165","South Carolina","6/4/20","150","15","45035","10"
"Edgefield","0","51","South Carolina","6/4/20","51","0","45037","0"
"Fairfield","3","181","South Carolina","6/4/20","163","18","45039","11.04"
"Florence","8","678","South Carolina","6/4/20","622","56","45041","9"
"Georgetown","1","78","South Carolina","6/4/20","71","7","45043","9.86"
"Greenville","53","1751","South Carolina","6/4/20","1382","369","45045","26.7"
"Greenwood","4","148","South Carolina","6/4/20","121","27","45047","22.31"
"Hampton","0","38","South Carolina","6/4/20","36","2","45049","5.56"
"Horry","11","472","South Carolina","6/4/20","395","77","45051","19.49"
"Jasper","1","43","South Carolina","6/4/20","39","4","45053","10.26"
"Kershaw","3","339","South Carolina","6/4/20","317","22","45055","6.94"
"Lancaster","6","166","South Carolina","6/4/20","126","40","45057","31.75"
"Laurens","1","69","South Carolina","6/4/20","63","6","45059","9.52"
"Lee","2","221","South Carolina","6/4/20","209","12","45061","5.74"
"Lexington","13","677","South Carolina","6/4/20","589","88","45063","14.94"
"Marion","1","72","South Carolina","6/4/20","67","5","45067","7.46"
"Marlboro","7","183","South Carolina","6/4/20","137","46","45069","33.58"
"McCormick","0","9","South Carolina","6/4/20","8","1","45065","12.5"
"Newberry","2","63","South Carolina","6/4/20","51","12","45071","23.53"
"Oconee","1","55","South Carolina","6/4/20","49","6","45073","12.24"
"Orangeburg","7","210","South Carolina","6/4/20","161","49","45075","30.43"
"Pickens","6","174","South Carolina","6/4/20","129","45","45077","34.88"
"Richland","16","1542","South Carolina","6/4/20","1432","110","45079","7.68"
"Saluda","1","148","South Carolina","6/4/20","139","9","45081","6.47"
"Spartanburg","16","645","South Carolina","6/4/20","534","111","45083","20.79"
"Sumter","5","396","South Carolina","6/4/20","359","37","45085","10.31"
"Union","1","40","South Carolina","6/4/20","35","5","45087","14.29"
"Williamsburg","3","245","South Carolina","6/4/20","227","18","45089","7.93"
"York","7","421","South Carolina","6/4/20","371","50","45091","13.48"
"Aurora","1","27","South Dakota","6/4/20","23","4","46003","17.39"
"Beadle","22","341","South Dakota","6/4/20","190","151","46005","79.47"
"Bon Homme","0","8","South Dakota","6/4/20","8","0","46009","0"
"Brookings","1","20","South Dakota","6/4/20","15","5","46011","33.33"
"Brown","3","290","South Dakota","6/4/20","266","24","46013","9.02"
"Brule","0","2","South Dakota","6/4/20","0","2","46015","1"
"Buffalo","2","21","South Dakota","6/4/20","10","11","46017","110"
"Charles Mix","0","18","South Dakota","6/4/20","16","2","46023","12.5"
"Clark","0","4","South Dakota","6/4/20","4","0","46025","0"
"Clay","0","18","South Dakota","6/4/20","15","3","46027","20"
"Codington","1","39","South Dakota","6/4/20","35","4","46029","11.43"
"Corson","0","4","South Dakota","6/4/20","4","0","46031","0"
"Custer","0","1","South Dakota","6/4/20","0","1","46033","1"
"Davison","1","20","South Dakota","6/4/20","13","7","46035","53.85"
"Day","0","14","South Dakota","6/4/20","13","1","46037","7.69"
"Deuel","0","1","South Dakota","6/4/20","1","0","46039","0"
"Douglas","0","3","South Dakota","6/4/20","3","0","46043","0"
"Edmunds","0","3","South Dakota","6/4/20","0","3","46045","1"
"Fall River","0","6","South Dakota","6/4/20","4","2","46047","50"
"Faulk","0","1","South Dakota","6/4/20","1","0","46049","0"
"Grant","0","13","South Dakota","6/4/20","11","2","46051","18.18"
"Gregory","0","1","South Dakota","6/4/20","0","1","46053","1"
"Hamlin","0","5","South Dakota","6/4/20","4","1","46057","25"
"Hand","0","3","South Dakota","6/4/20","2","1","46059","50"
"Hanson","0","1","South Dakota","6/4/20","0","1","46061","1"
"Hughes","0","19","South Dakota","6/4/20","19","0","46065","0"
"Hutchinson","0","6","South Dakota","6/4/20","4","2","46067","50"
"Hyde","0","1","South Dakota","6/4/20","1","0","46069","0"
"Jackson","0","4","South Dakota","6/4/20","3","1","46071","33.33"
"Jerauld","1","39","South Dakota","6/4/20","33","6","46073","18.18"
"Kingsbury","0","3","South Dakota","6/4/20","0","3","46077","1"
"Lake","1","12","South Dakota","6/4/20","7","5","46079","71.43"
"Lawrence","0","11","South Dakota","6/4/20","9","2","46081","22.22"
"Lincoln","1","243","South Dakota","6/4/20","237","6","46083","2.53"
"Lyman","0","16","South Dakota","6/4/20","14","2","46085","14.29"
"Marshall","0","4","South Dakota","6/4/20","4","0","46091","0"
"McCook","0","6","South Dakota","6/4/20","5","1","46087","20"
"McPherson","0","1","South Dakota","6/4/20","1","0","46089","0"
"Meade","2","24","South Dakota","6/4/20","10","14","46093","140"
"Miner","0","2","South Dakota","6/4/20","1","1","46097","100"
"Minnehaha","10","3385","South Dakota","6/4/20","3317","68","46099","2.05"
"Moody","0","19","South Dakota","6/4/20","19","0","46101","0"
"Oglala Lakota","2","34","South Dakota","6/4/20","21","13","46102","61.9"
"Pennington","13","275","South Dakota","6/4/20","186","89","46103","47.85"
"Roberts","0","37","South Dakota","6/4/20","39","-2","46109","-5.13"
"Sanborn","0","13","South Dakota","6/4/20","12","1","46111","8.33"
"Spink","0","5","South Dakota","6/4/20","4","1","46115","25"
"Stanley","0","10","South Dakota","6/4/20","10","0","46117","0"
"Sully","0","1","South Dakota","6/4/20","1","0","46119","0"
"Todd","1","31","South Dakota","6/4/20","23","8","46121","34.78"
"Tripp","0","6","South Dakota","6/4/20","6","0","46123","0"
"Turner","0","25","South Dakota","6/4/20","24","1","46125","4.17"
"Union","1","93","South Dakota","6/4/20","88","5","46127","5.68"
"Walworth","0","5","South Dakota","6/4/20","5","0","46129","0"
"Yankton","0","51","South Dakota","6/4/20","51","0","46135","0"
"Ziebach","0","2","South Dakota","6/4/20","1","1","46137","100"
"Anderson","0","42","Tennessee","6/4/20","39","3","47001","7.69"
"Bedford","3","297","Tennessee","6/4/20","274","23","47003","8.39"
"Benton","0","7","Tennessee","6/4/20","7","0","47005","0"
"Bledsoe","0","610","Tennessee","6/4/20","608","2","47007","0.33"
"Blount","1","93","Tennessee","6/4/20","89","4","47009","4.49"
"Bradley","8","166","Tennessee","6/4/20","108","58","47011","53.7"
"Campbell","0","18","Tennessee","6/4/20","17","1","47013","5.88"
"Cannon","2","32","Tennessee","6/4/20","17","15","47015","88.24"
"Carroll","0","28","Tennessee","6/4/20","27","1","47017","3.7"
"Carter","0","19","Tennessee","6/4/20","19","0","47019","0"
"Cheatham","2","135","Tennessee","6/4/20","118","17","47021","14.41"
"Chester","0","12","Tennessee","6/4/20","12","0","47023","0"
"Claiborne","0","12","Tennessee","6/4/20","9","3","47025","33.33"
"Clay","0","8","Tennessee","6/4/20","6","2","47027","33.33"
"Cocke","0","21","Tennessee","6/4/20","20","1","47029","5"
"Coffee","1","78","Tennessee","6/4/20","68","10","47031","14.71"
"Crockett","0","16","Tennessee","6/4/20","16","0","47033","0"
"Cumberland","1","120","Tennessee","6/4/20","111","9","47035","8.11"
"Davidson","89","5516","Tennessee","6/4/20","4894","622","47037","12.71"
"Decatur","0","5","Tennessee","6/4/20","5","0","47039","0"
"DeKalb","0","38","Tennessee","6/4/20","37","1","47041","2.7"
"Dickson","1","120","Tennessee","6/4/20","110","10","47043","9.09"
"Dyer","1","57","Tennessee","6/4/20","50","7","47045","14"
"Fayette","4","136","Tennessee","6/4/20","110","26","47047","23.64"
"Fentress","0","12","Tennessee","6/4/20","12","0","47049","0"
"Franklin","1","54","Tennessee","6/4/20","49","5","47051","10.2"
"Gibson","0","63","Tennessee","6/4/20","61","2","47053","3.28"
"Giles","0","13","Tennessee","6/4/20","12","1","47055","8.33"
"Grainger","1","13","Tennessee","6/4/20","6","7","47057","116.67"
"Greene","1","52","Tennessee","6/4/20","48","4","47059","8.33"
"Grundy","0","31","Tennessee","6/4/20","32","-1","47061","-3.12"
"Hamblen","2","42","Tennessee","6/4/20","30","12","47063","40"
"Hamilton","35","964","Tennessee","6/4/20","719","245","47065","34.08"
"Hancock","0","1","Tennessee","6/4/20","1","0","47067","0"
"Hardeman","1","202","Tennessee","6/4/20","194","8","47069","4.12"
"Hardin","2","22","Tennessee","6/4/20","11","11","47071","100"
"Hawkins","0","34","Tennessee","6/4/20","31","3","47073","9.68"
"Haywood","0","33","Tennessee","6/4/20","30","3","47075","10"
"Henderson","0","15","Tennessee","6/4/20","14","1","47077","7.14"
"Henry","0","32","Tennessee","6/4/20","30","2","47079","6.67"
"Hickman","0","58","Tennessee","6/4/20","57","1","47081","1.75"
"Houston","0","8","Tennessee","6/4/20","8","0","47083","0"
"Humphreys","0","15","Tennessee","6/4/20","13","2","47085","15.38"
"Jackson","0","19","Tennessee","6/4/20","17","2","47087","11.76"
"Jefferson","0","29","Tennessee","6/4/20","28","1","47089","3.57"
"Johnson","0","19","Tennessee","6/4/20","16","3","47091","18.75"
"Knox","11","435","Tennessee","6/4/20","357","78","47093","21.85"
"Lake","60","835","Tennessee","6/4/20","413","422","47095","102.18"
"Lauderdale","0","59","Tennessee","6/4/20","56","3","47097","5.36"
"Lawrence","1","33","Tennessee","6/4/20","24","9","47099","37.5"
"Lewis","0","3","Tennessee","6/4/20","3","0","47101","0"
"Lincoln","1","29","Tennessee","6/4/20","25","4","47103","16"
"Loudon","3","161","Tennessee","6/4/20","137","24","47105","17.52"
"Macon","6","166","Tennessee","6/4/20","124","42","47111","33.87"
"Madison","0","173","Tennessee","6/4/20","175","-2","47113","-1.14"
"Marion","1","44","Tennessee","6/4/20","38","6","47115","15.79"
"Marshall","0","33","Tennessee","6/4/20","30","3","47117","10"
"Maury","4","107","Tennessee","6/4/20","81","26","47119","32.1"
"McMinn","1","146","Tennessee","6/4/20","136","10","47107","7.35"
"McNairy","0","15","Tennessee","6/4/20","12","3","47109","25"
"Meigs","0","27","Tennessee","6/4/20","26","1","47121","3.85"
"Monroe","1","71","Tennessee","6/4/20","61","10","47123","16.39"
"Montgomery","4","286","Tennessee","6/4/20","261","25","47125","9.58"
"Moore","0","5","Tennessee","6/4/20","3","2","47127","66.67"
"Morgan","0","17","Tennessee","6/4/20","17","0","47129","0"
"Obion","2","45","Tennessee","6/4/20","28","17","47131","60.71"
"Out of TN","7","426","Tennessee","6/4/20","379","47","80047","12.4"
"Overton","1","32","Tennessee","6/4/20","26","6","47133","23.08"
"Perry","1","24","Tennessee","6/4/20","16","8","47135","50"
"Pickett","0","3","Tennessee","6/4/20","3","0","47137","0"
"Polk","1","19","Tennessee","6/4/20","15","4","47139","26.67"
"Putnam","9","524","Tennessee","6/4/20","461","63","47141","13.67"
"Rhea","3","217","Tennessee","6/4/20","198","19","47143","9.6"
"Roane","0","16","Tennessee","6/4/20","16","0","47145","0"
"Robertson","12","523","Tennessee","6/4/20","441","82","47147","18.59"
"Rutherford","32","1343","Tennessee","6/4/20","1116","227","47149","20.34"
"Scott","0","12","Tennessee","6/4/20","11","1","47151","9.09"
"Sequatchie","1","20","Tennessee","6/4/20","15","5","47153","33.33"
"Sevier","3","97","Tennessee","6/4/20","76","21","47155","27.63"
"Shelby","118","5546","Tennessee","6/4/20","4718","828","47157","17.55"
"Smith","1","36","Tennessee","6/4/20","30","6","47159","20"
"Stewart","0","13","Tennessee","6/4/20","11","2","47161","18.18"
"Sullivan","0","60","Tennessee","6/4/20","60","0","47163","0"
"Sumner","12","938","Tennessee","6/4/20","852","86","47165","10.09"
"Tipton","4","461","Tennessee","6/4/20","430","31","47167","7.21"
"Trousdale","0","1394","Tennessee","6/4/20","1393","1","47169","0.07"
"Unicoi","6","48","Tennessee","6/4/20","4","44","47171","1100"
"Union","0","4","Tennessee","6/4/20","4","0","47173","0"
"Van Buren","0","4","Tennessee","6/4/20","4","0","47175","0"
"Warren","1","26","Tennessee","6/4/20","22","4","47177","18.18"
"Washington","0","75","Tennessee","6/4/20","75","0","47179","0"
"Wayne","0","64","Tennessee","6/4/20","63","1","47181","1.59"
"Weakley","0","26","Tennessee","6/4/20","26","0","47183","0"
"White","0","33","Tennessee","6/4/20","30","3","47185","10"
"Williamson","8","589","Tennessee","6/4/20","533","56","47187","10.51"
"Wilson","9","449","Tennessee","6/4/20","387","62","47189","16.02"
"Anderson","3","85","Texas","6/4/20","66","19","48001","28.79"
"Andrews","0","27","Texas","6/4/20","27","0","48003","0"
"Angelina","4","232","Texas","6/4/20","201","31","48005","15.42"
"Aransas","0","5","Texas","6/4/20","5","0","48007","0"
"Archer","0","1","Texas","6/4/20","1","0","48009","0"
"Armstrong","0","3","Texas","6/4/20","2","1","48011","50"
"Atascosa","0","38","Texas","6/4/20","35","3","48013","8.57"
"Austin","0","27","Texas","6/4/20","24","3","48015","12.5"
"Bailey","1","19","Texas","6/4/20","14","5","48017","35.71"
"Bandera","0","6","Texas","6/4/20","6","0","48019","0"
"Bastrop","6","240","Texas","6/4/20","196","44","48021","22.45"
"Bee","0","11","Texas","6/4/20","9","2","48025","22.22"
"Bell","13","423","Texas","6/4/20","335","88","48027","26.27"
"Bexar","43","2882","Texas","6/4/20","2583","299","48029","11.58"
"Blanco","0","11","Texas","6/4/20","8","3","48031","37.5"
"Bosque","0","7","Texas","6/4/20","6","1","48035","16.67"
"Bowie","15","296","Texas","6/4/20","189","107","48037","56.61"
"Brazoria","14","957","Texas","6/4/20","861","96","48039","11.15"
"Brazos","9","517","Texas","6/4/20","455","62","48041","13.63"
"Brewster","0","1","Texas","6/4/20","1","0","48043","0"
"Briscoe","0","1","Texas","6/4/20","1","0","48045","0"
"Brooks","0","1","Texas","6/4/20","1","0","48047","0"
"Brown","0","59","Texas","6/4/20","57","2","48049","3.51"
"Burleson","1","28","Texas","6/4/20","23","5","48051","21.74"
"Burnet","2","49","Texas","6/4/20","32","17","48053","53.12"
"Caldwell","2","73","Texas","6/4/20","57","16","48055","28.07"
"Calhoun","0","37","Texas","6/4/20","37","0","48057","0"
"Callahan","0","10","Texas","6/4/20","9","1","48059","11.11"
"Cameron","13","820","Texas","6/4/20","731","89","48061","12.18"
"Camp","2","85","Texas","6/4/20","74","11","48063","14.86"
"Carson","0","6","Texas","6/4/20","6","0","48065","0"
"Cass","0","30","Texas","6/4/20","29","1","48067","3.45"
"Castro","0","34","Texas","6/4/20","32","2","48069","6.25"
"Chambers","2","73","Texas","6/4/20","62","11","48071","17.74"
"Cherokee","1","49","Texas","6/4/20","44","5","48073","11.36"
"Childress","0","2","Texas","6/4/20","2","0","48075","0"
"Clay","0","5","Texas","6/4/20","3","2","48077","66.67"
"Cochran","0","1","Texas","6/4/20","1","0","48079","0"
"Coke","0","1","Texas","6/4/20","1","0","48081","0"
"Coleman","0","4","Texas","6/4/20","3","1","48083","33.33"
"Collin","24","1388","Texas","6/4/20","1217","171","48085","14.05"
"Collingsworth","0","5","Texas","6/4/20","5","0","48087","0"
"Colorado","0","24","Texas","6/4/20","22","2","48089","9.09"
"Comal","3","111","Texas","6/4/20","87","24","48091","27.59"
"Comanche","0","12","Texas","6/4/20","9","3","48093","33.33"
"Concho","0","1","Texas","6/4/20","1","0","48095","0"
"Cooke","1","19","Texas","6/4/20","13","6","48097","46.15"
"Coryell","9","289","Texas","6/4/20","227","62","48099","27.31"
"Cottle","0","4","Texas","6/4/20","4","0","48101","0"
"Crane","0","25","Texas","6/4/20","22","3","48103","13.64"
"Crosby","0","3","Texas","6/4/20","3","0","48107","0"
"Dallam","0","27","Texas","6/4/20","24","3","48111","12.5"
"Dallas","237","11243","Texas","6/4/20","9587","1656","48113","17.27"
"Dawson","1","45","Texas","6/4/20","40","5","48115","12.5"
"Deaf Smith","1","166","Texas","6/4/20","161","5","48117","3.11"
"Delta","0","2","Texas","6/4/20","1","1","48119","100"
"Denton","21","1435","Texas","6/4/20","1285","150","48121","11.67"
"DeWitt","0","17","Texas","6/4/20","17","0","48123","0"
"Dickens","0","1","Texas","6/4/20","1","0","48125","0"
"Dimmit","0","1","Texas","6/4/20","1","0","48127","0"
"Donley","0","27","Texas","6/4/20","26","1","48129","3.85"
"Duval","0","5","Texas","6/4/20","5","0","48131","0"
"Eastland","0","7","Texas","6/4/20","6","1","48133","16.67"
"Ector","3","175","Texas","6/4/20","152","23","48135","15.13"
"El Paso","71","3069","Texas","6/4/20","2569","500","48141","19.46"
"Ellis","5","338","Texas","6/4/20","305","33","48139","10.82"
"Erath","0","17","Texas","6/4/20","16","1","48143","6.25"
"Falls","1","10","Texas","6/4/20","6","4","48145","66.67"
"Fannin","1","41","Texas","6/4/20","37","4","48147","10.81"
"Fayette","1","38","Texas","6/4/20","34","4","48149","11.76"
"Fisher","0","2","Texas","6/4/20","2","0","48151","0"
"Floyd","1","15","Texas","6/4/20","8","7","48153","87.5"
"Fort Bend","26","1951","Texas","6/4/20","1766","185","48157","10.48"
"Franklin","1","18","Texas","6/4/20","13","5","48159","38.46"
"Freestone","0","10","Texas","6/4/20","10","0","48161","0"
"Frio","0","37","Texas","6/4/20","37","0","48163","0"
"Gaines","0","7","Texas","6/4/20","7","0","48165","0"
"Galveston","14","876","Texas","6/4/20","779","97","48167","12.45"
"Garza","0","6","Texas","6/4/20","5","1","48169","20"
"Gillespie","0","5","Texas","6/4/20","5","0","48171","0"
"Glasscock","0","1","Texas","6/4/20","1","0","48173","0"
"Goliad","0","7","Texas","6/4/20","7","0","48175","0"
"Gonzales","5","144","Texas","6/4/20","111","33","48177","29.73"
"Gray","1","101","Texas","6/4/20","96","5","48179","5.21"
"Grayson","6","355","Texas","6/4/20","316","39","48181","12.34"
"Gregg","7","249","Texas","6/4/20","201","48","48183","23.88"
"Grimes","16","226","Texas","6/4/20","113","113","48185","100"
"Guadalupe","2","142","Texas","6/4/20","126","16","48187","12.7"
"Hale","1","60","Texas","6/4/20","56","4","48189","7.14"
"Hall","0","2","Texas","6/4/20","2","0","48191","0"
"Hamilton","0","9","Texas","6/4/20","7","2","48193","28.57"
"Hansford","0","20","Texas","6/4/20","18","2","48195","11.11"
"Hardeman","0","2","Texas","6/4/20","1","1","48197","100"
"Hardin","1","142","Texas","6/4/20","137","5","48199","3.65"
"Harris","262","13603","Texas","6/4/20","11770","1833","48201","15.57"
"Harrison","2","255","Texas","6/4/20","239","16","48203","6.69"
"Hartley","0","12","Texas","6/4/20","11","1","48205","9.09"
"Haskell","0","3","Texas","6/4/20","2","1","48207","50"
"Hays","13","385","Texas","6/4/20","297","88","48209","29.63"
"Hemphill","0","1","Texas","6/4/20","1","0","48211","0"
"Henderson","1","65","Texas","6/4/20","57","8","48213","14.04"
"Hidalgo","14","634","Texas","6/4/20","537","97","48215","18.06"
"Hill","0","25","Texas","6/4/20","24","1","48217","4.17"
"Hockley","0","27","Texas","6/4/20","27","0","48219","0"
"Hood","0","27","Texas","6/4/20","26","1","48221","3.85"
"Hopkins","0","27","Texas","6/4/20","24","3","48223","12.5"
"Houston","9","145","Texas","6/4/20","84","61","48225","72.62"
"Howard","0","9","Texas","6/4/20","7","2","48227","28.57"
"Hudspeth","0","3","Texas","6/4/20","1","2","48229","200"
"Hunt","3","96","Texas","6/4/20","76","20","48231","26.32"
"Hutchinson","1","44","Texas","6/4/20","34","10","48233","29.41"
"Irion","0","1","Texas","6/4/20","0","1","48235","1"
"Jack","0","4","Texas","6/4/20","4","0","48237","0"
"Jackson","0","19","Texas","6/4/20","18","1","48239","5.56"
"Jasper","0","29","Texas","6/4/20","28","1","48241","3.57"
"Jefferson","10","585","Texas","6/4/20","518","67","48245","12.93"
"Jim Hogg","0","4","Texas","6/4/20","4","0","48247","0"
"Jim Wells","0","12","Texas","6/4/20","9","3","48249","33.33"
"Johnson","2","178","Texas","6/4/20","165","13","48251","7.88"
"Jones","45","636","Texas","6/4/20","323","313","48253","96.9"
"Karnes","0","4","Texas","6/4/20","4","0","48255","0"
"Kaufman","5","240","Texas","6/4/20","203","37","48257","18.23"
"Kendall","0","31","Texas","6/4/20","28","3","48259","10.71"
"Kerr","0","20","Texas","6/4/20","17","3","48265","17.65"
"Kimble","0","1","Texas","6/4/20","1","0","48267","0"
"Kinney","0","1","Texas","6/4/20","0","1","48271","1"
"Kleberg","0","17","Texas","6/4/20","16","1","48273","6.25"
"Knox","0","1","Texas","6/4/20","1","0","48275","0"
"La Salle","0","4","Texas","6/4/20","4","0","48283","0"
"Lamar","2","152","Texas","6/4/20","136","16","48277","11.76"
"Lamb","0","16","Texas","6/4/20","16","0","48279","0"
"Lampasas","0","9","Texas","6/4/20","8","1","48281","12.5"
"Lavaca","1","17","Texas","6/4/20","11","6","48285","54.55"
"Lee","1","25","Texas","6/4/20","21","4","48287","19.05"
"Leon","0","10","Texas","6/4/20","10","0","48289","0"
"Liberty","2","97","Texas","6/4/20","81","16","48291","19.75"
"Limestone","1","30","Texas","6/4/20","23","7","48293","30.43"
"Lipscomb","0","4","Texas","6/4/20","2","2","48295","100"
"Live Oak","0","9","Texas","6/4/20","9","0","48297","0"
"Llano","0","3","Texas","6/4/20","3","0","48299","0"
"Lubbock","4","707","Texas","6/4/20","677","30","48303","4.43"
"Lynn","0","8","Texas","6/4/20","6","2","48305","33.33"
"Madison","0","9","Texas","6/4/20","8","1","48313","12.5"
"Marion","0","17","Texas","6/4/20","16","1","48315","6.25"
"Martin","0","3","Texas","6/4/20","3","0","48317","0"
"Mason","0","32","Texas","6/4/20","31","1","48319","3.23"
"Matagorda","0","70","Texas","6/4/20","70","0","48321","0"
"Maverick","3","129","Texas","6/4/20","109","20","48323","18.35"
"McCulloch","0","3","Texas","6/4/20","3","0","48307","0"
"McLennan","1","123","Texas","6/4/20","113","10","48309","8.85"
"Medina","1","76","Texas","6/4/20","69","7","48325","10.14"
"Midland","2","141","Texas","6/4/20","126","15","48329","11.9"
"Milam","0","29","Texas","6/4/20","28","1","48331","3.57"
"Mills","0","1","Texas","6/4/20","1","0","48333","0"
"Mitchell","0","1","Texas","6/4/20","1","0","48335","0"
"Montague","0","9","Texas","6/4/20","9","0","48337","0"
"Montgomery","18","1053","Texas","6/4/20","926","127","48339","13.71"
"Moore","37","844","Texas","6/4/20","583","261","48341","44.77"
"Morris","0","27","Texas","6/4/20","27","0","48343","0"
"Motley","0","1","Texas","6/4/20","1","0","48345","0"
"Nacogdoches","4","298","Texas","6/4/20","271","27","48347","9.96"
"Navarro","2","61","Texas","6/4/20","49","12","48349","24.49"
"Newton","0","5","Texas","6/4/20","4","1","48351","25"
"Nolan","1","8","Texas","6/4/20","2","6","48353","300"
"Nueces","2","285","Texas","6/4/20","268","17","48355","6.34"
"Ochiltree","0","51","Texas","6/4/20","48","3","48357","6.25"
"Oldham","0","4","Texas","6/4/20","3","1","48359","33.33"
"Orange","1","101","Texas","6/4/20","96","5","48361","5.21"
"Palo Pinto","0","13","Texas","6/4/20","11","2","48363","18.18"
"Panola","2","213","Texas","6/4/20","196","17","48365","8.67"
"Parker","2","81","Texas","6/4/20","70","11","48367","15.71"
"Parmer","3","71","Texas","6/4/20","53","18","48369","33.96"
"Pecos","7","103","Texas","6/4/20","56","47","48371","83.93"
"Polk","1","60","Texas","6/4/20","54","6","48373","11.11"
"Potter","32","2488","Texas","6/4/20","2266","222","48375","9.8"
"Presidio","0","1","Texas","6/4/20","1","0","48377","0"
"Rains","0","4","Texas","6/4/20","3","1","48379","33.33"
"Randall","9","715","Texas","6/4/20","655","60","48381","9.16"
"Reagan","0","2","Texas","6/4/20","1","1","48383","100"
"Red River","4","76","Texas","6/4/20","50","26","48387","52"
"Reeves","0","7","Texas","6/4/20","7","0","48389","0"
"Refugio","0","3","Texas","6/4/20","3","0","48391","0"
"Roberts","0","2","Texas","6/4/20","2","0","48393","0"
"Robertson","1","11","Texas","6/4/20","7","4","48395","57.14"
"Rockwall","2","176","Texas","6/4/20","159","17","48397","10.69"
"Runnels","0","2","Texas","6/4/20","2","0","48399","0"
"Rusk","2","59","Texas","6/4/20","45","14","48401","31.11"
"Sabine","1","15","Texas","6/4/20","6","9","48403","150"
"San Augustine","2","44","Texas","6/4/20","31","13","48405","41.94"
"San Jacinto","0","16","Texas","6/4/20","14","2","48407","14.29"
"San Patricio","1","36","Texas","6/4/20","32","4","48409","12.5"
"San Saba","0","1","Texas","6/4/20","1","0","48411","0"
"Scurry","4","33","Texas","6/4/20","2","31","48415","1550"
"Shackelford","0","1","Texas","6/4/20","1","0","48417","0"
"Shelby","3","213","Texas","6/4/20","189","24","48419","12.7"
"Sherman","1","27","Texas","6/4/20","23","4","48421","17.39"
"Smith","2","215","Texas","6/4/20","200","15","48423","7.5"
"Starr","2","42","Texas","6/4/20","27","15","48427","55.56"
"Stephens","0","4","Texas","6/4/20","4","0","48429","0"
"Swisher","0","18","Texas","6/4/20","18","0","48437","0"
"Tarrant","82","5761","Texas","6/4/20","5190","571","48439","11"
"Taylor","2","242","Texas","6/4/20","231","11","48441","4.76"
"Terry","0","13","Texas","6/4/20","13","0","48445","0"
"Titus","10","511","Texas","6/4/20","443","68","48449","15.35"
"Tom Green","2","109","Texas","6/4/20","93","16","48451","17.2"
"Travis","63","3501","Texas","6/4/20","3057","444","48453","14.52"
"Trinity","1","20","Texas","6/4/20","13","7","48455","53.85"
"Tyler","0","14","Texas","6/4/20","11","3","48457","27.27"
"Upshur","1","28","Texas","6/4/20","20","8","48459","40"
"Uvalde","2","18","Texas","6/4/20","6","12","48463","200"
"Val Verde","0","21","Texas","6/4/20","20","1","48465","5"
"Van Zandt","1","35","Texas","6/4/20","30","5","48467","16.67"
"Victoria","1","167","Texas","6/4/20","159","8","48469","5.03"
"Walker","133","1801","Texas","6/4/20","869","932","48471","107.25"
"Waller","1","64","Texas","6/4/20","55","9","48473","16.36"
"Ward","0","1","Texas","6/4/20","1","0","48475","0"
"Washington","1","206","Texas","6/4/20","197","9","48477","4.57"
"Webb","6","565","Texas","6/4/20","524","41","48479","7.82"
"Wharton","2","70","Texas","6/4/20","57","13","48481","22.81"
"Wheeler","0","15","Texas","6/4/20","15","0","48483","0"
"Wichita","0","85","Texas","6/4/20","84","1","48485","1.19"
"Wilbarger","0","7","Texas","6/4/20","6","1","48487","16.67"
"Willacy","1","21","Texas","6/4/20","14","7","48489","50"
"Williamson","9","660","Texas","6/4/20","596","64","48491","10.74"
"Wilson","0","41","Texas","6/4/20","38","3","48493","7.89"
"Winkler","0","3","Texas","6/4/20","3","0","48495","0"
"Wise","1","50","Texas","6/4/20","45","5","48497","11.11"
"Wood","2","40","Texas","6/4/20","26","14","48499","53.85"
"Yoakum","0","3","Texas","6/4/20","3","0","48501","0"
"Young","0","4","Texas","6/4/20","4","0","48503","0"
"Zapata","0","11","Texas","6/4/20","8","3","48505","37.5"
"Zavala","0","12","Texas","6/4/20","11","1","48507","9.09"
"Bear River","31","333","Utah","6/4/20","117","216","00000","184.62"
"Central Utah","1","39","Utah","6/4/20","34","5","00000","14.71"
"Davis","11","513","Utah","6/4/20","435","78","49011","17.93"
"Salt Lake","136","5756","Utah","6/4/20","4806","950","49035","19.77"
"San Juan","4","312","Utah","6/4/20","283","29","49037","10.25"
"Southeast Utah","0","26","Utah","6/4/20","23","3","00000","13.04"
"Southwest Utah","23","524","Utah","6/4/20","360","164","00000","45.56"
"Summit","1","419","Utah","6/4/20","409","10","49043","2.44"
"Tooele","3","140","Utah","6/4/20","122","18","49045","14.75"
"TriCounty","0","20","Utah","6/4/20","20","0","00000","0"
"Utah","44","2088","Utah","6/4/20","1777","311","49049","17.5"
"Wasatch","8","313","Utah","6/4/20","259","54","49051","20.85"
"Weber-Morgan","8","330","Utah","6/4/20","276","54","00000","19.57"
"Addison","0","64","Vermont","6/4/20","62","2","50001","3.23"
"Bennington","0","65","Vermont","6/4/20","62","3","50003","4.84"
"Caledonia","0","16","Vermont","6/4/20","15","1","50005","6.67"
"Chittenden","6","491","Vermont","6/4/20","449","42","50007","9.35"
"Essex","0","3","Vermont","6/4/20","3","0","50009","0"
"Franklin","0","99","Vermont","6/4/20","99","0","50011","0"
"Grand Isle","0","7","Vermont","6/4/20","7","0","50013","0"
"Lamoille","0","29","Vermont","6/4/20","29","0","50015","0"
"Orange","0","9","Vermont","6/4/20","8","1","50017","12.5"
"Orleans","0","10","Vermont","6/4/20","10","0","50019","0"
"Rutland","0","56","Vermont","6/4/20","54","2","50021","3.7"
"Washington","0","39","Vermont","6/4/20","39","0","50023","0"
"Windham","0","81","Vermont","6/4/20","81","0","50025","0"
"Windsor","0","52","Vermont","6/4/20","51","1","50027","1.96"
"","0","71","Virgin Islands","6/4/20","69","2",,"2.9"
"Accomack","23","966","Virginia","6/4/20","807","159","51001","19.7"
"Albemarle","6","213","Virginia","6/4/20","170","43","51003","25.29"
"Alexandria","21","2031","Virginia","6/4/20","1887","144","51510","7.63"
"Alleghany","1","24","Virginia","6/4/20","17","7","51005","41.18"
"Amelia","1","28","Virginia","6/4/20","23","5","51007","21.74"
"Amherst","0","27","Virginia","6/4/20","27","0","51009","0"
"Appomattox","0","31","Virginia","6/4/20","31","0","51011","0"
"Arlington","16","2150","Virginia","6/4/20","2039","111","51013","5.44"
"Augusta","2","122","Virginia","6/4/20","105","17","51015","16.19"
"Bedford","2","63","Virginia","6/4/20","47","16","51019","34.04"
"Botetourt","0","34","Virginia","6/4/20","32","2","51023","6.25"
"Bristol","0","4","Virginia","6/4/20","4","0","51520","0"
"Brunswick","1","31","Virginia","6/4/20","24","7","51025","29.17"
"Buchanan","0","18","Virginia","6/4/20","18","0","51027","0"
"Buckingham","2","469","Virginia","6/4/20","453","16","51029","3.53"
"Buena Vista","0","13","Virginia","6/4/20","13","0","51530","0"
"Campbell","0","18","Virginia","6/4/20","16","2","51031","12.5"
"Caroline","3","76","Virginia","6/4/20","56","20","51033","35.71"
"Carroll","5","122","Virginia","6/4/20","88","34","51035","38.64"
"Charles City","0","27","Virginia","6/4/20","27","0","51036","0"
"Charlotte","1","28","Virginia","6/4/20","23","5","51037","21.74"
"Charlottesville","4","131","Virginia","6/4/20","102","29","51540","28.43"
"Chesapeake","10","554","Virginia","6/4/20","481","73","51550","15.18"
"Chesterfield","56","1721","Virginia","6/4/20","1331","390","51041","29.3"
"Clarke","1","31","Virginia","6/4/20","24","7","51043","29.17"
"Colonial Heights","2","97","Virginia","6/4/20","86","11","51570","12.79"
"Covington","0","4","Virginia","6/4/20","3","1","51580","33.33"
"Craig","0","5","Virginia","6/4/20","5","0","51045","0"
"Culpeper","11","732","Virginia","6/4/20","656","76","51047","11.59"
"Cumberland","1","39","Virginia","6/4/20","32","7","51049","21.88"
"Danville","1","58","Virginia","6/4/20","50","8","51590","16"
"Dinwiddie","3","90","Virginia","6/4/20","68","22","51053","32.35"
"Emporia","2","89","Virginia","6/4/20","76","13","51595","17.11"
"Essex","1","52","Virginia","6/4/20","46","6","51057","13.04"
"Fairfax","187","11815","Virginia","6/4/20","10503","1312","51059","12.49"
"Fairfax City","1","67","Virginia","6/4/20","63","4","51600","6.35"
"Falls Church","0","56","Virginia","6/4/20","53","3","51610","5.66"
"Fauquier","4","334","Virginia","6/4/20","303","31","51061","10.23"
"Floyd","0","6","Virginia","6/4/20","5","1","51063","20"
"Fluvanna","1","94","Virginia","6/4/20","88","6","51065","6.82"
"Franklin","0","37","Virginia","6/4/20","35","2","51067","5.71"
"Franklin City","0","42","Virginia","6/4/20","41","1","51620","2.44"
"Frederick","9","384","Virginia","6/4/20","319","65","51069","20.38"
"Fredericksburg","5","178","Virginia","6/4/20","142","36","51630","25.35"
"Galax","5","140","Virginia","6/4/20","107","33","51640","30.84"
"Giles","0","5","Virginia","6/4/20","5","0","51071","0"
"Gloucester","0","31","Virginia","6/4/20","30","1","51073","3.33"
"Goochland","1","103","Virginia","6/4/20","93","10","51075","10.75"
"Grayson","2","46","Virginia","6/4/20","32","14","51077","43.75"
"Greene","1","34","Virginia","6/4/20","28","6","51079","21.43"
"Greensville","21","213","Virginia","6/4/20","63","150","51081","238.1"
"Halifax","0","31","Virginia","6/4/20","30","1","51083","3.33"
"Hampton","3","214","Virginia","6/4/20","190","24","51650","12.63"
"Hanover","3","336","Virginia","6/4/20","316","20","51085","6.33"
"Harrisonburg","8","814","Virginia","6/4/20","757","57","51660","7.53"
"Henrico","46","1946","Virginia","6/4/20","1624","322","51087","19.83"
"Henry","8","152","Virginia","6/4/20","95","57","51089","60"
"Highland","0","3","Virginia","6/4/20","3","0","51091","0"
"Hopewell","3","103","Virginia","6/4/20","81","22","51670","27.16"
"Isle of Wight","1","133","Virginia","6/4/20","126","7","51093","5.56"
"James City","1","211","Virginia","6/4/20","202","9","51095","4.46"
"King and Queen","2","21","Virginia","6/4/20","10","11","51097","110"
"King George","1","72","Virginia","6/4/20","62","10","51099","16.13"
"King William","1","31","Virginia","6/4/20","26","5","51101","19.23"
"Lancaster","0","10","Virginia","6/4/20","10","0","51103","0"
"Lee","0","9","Virginia","6/4/20","9","0","51105","0"
"Lexington","0","7","Virginia","6/4/20","7","0","51678","0"
"Loudoun","68","2794","Virginia","6/4/20","2318","476","51107","20.53"
"Louisa","1","84","Virginia","6/4/20","76","8","51109","10.53"
"Lunenburg","1","16","Virginia","6/4/20","11","5","51111","45.45"
"Lynchburg","0","80","Virginia","6/4/20","80","0","51680","0"
"Madison","0","41","Virginia","6/4/20","38","3","51113","7.89"
"Manassas","28","1166","Virginia","6/4/20","971","195","51683","20.08"
"Manassas Park","8","339","Virginia","6/4/20","281","58","51685","20.64"
"Martinsville","1","39","Virginia","6/4/20","31","8","51690","25.81"
"Mathews","0","5","Virginia","6/4/20","5","0","51115","0"
"Mecklenburg","1","219","Virginia","6/4/20","214","5","51117","2.34"
"Middlesex","0","15","Virginia","6/4/20","14","1","51119","7.14"
"Montgomery","1","82","Virginia","6/4/20","72","10","51121","13.89"
"Nelson","0","17","Virginia","6/4/20","16","1","51125","6.25"
"New Kent","0","39","Virginia","6/4/20","36","3","51127","8.33"
"Newport News","6","299","Virginia","6/4/20","257","42","51700","16.34"
"Norfolk","14","552","Virginia","6/4/20","452","100","51710","22.12"
"Northampton","3","247","Virginia","6/4/20","227","20","51131","8.81"
"Northumberland","0","25","Virginia","6/4/20","25","0","51133","0"
"Norton","0","2","Virginia","6/4/20","2","0","51720","0"
"Nottoway","2","40","Virginia","6/4/20","24","16","51135","66.67"
"Orange","3","115","Virginia","6/4/20","92","23","51137","25"
"Page","3","231","Virginia","6/4/20","213","18","51139","8.45"
"Patrick","1","22","Virginia","6/4/20","18","4","51141","22.22"
"Petersburg","6","152","Virginia","6/4/20","112","40","51730","35.71"
"Pittsylvania","1","45","Virginia","6/4/20","38","7","51143","18.42"
"Poquoson","0","8","Virginia","6/4/20","7","1","51735","14.29"
"Portsmouth","6","325","Virginia","6/4/20","284","41","51740","14.44"
"Powhatan","1","36","Virginia","6/4/20","30","6","51145","20"
"Prince Edward","2","146","Virginia","6/4/20","129","17","51147","13.18"
"Prince George","9","142","Virginia","6/4/20","81","61","51149","75.31"
"Prince William","111","5932","Virginia","6/4/20","5157","775","51153","15.03"
"Pulaski","0","21","Virginia","6/4/20","18","3","51155","16.67"
"Radford","0","6","Virginia","6/4/20","6","0","51750","0"
"Rappahannock","0","15","Virginia","6/4/20","13","2","51157","15.38"
"Richmond","2","287","Virginia","6/4/20","275","12","51159","4.36"
"Richmond City","51","1488","Virginia","6/4/20","1133","355","51760","31.33"
"Roanoke","2","113","Virginia","6/4/20","97","16","51161","16.49"
"Roanoke City","4","176","Virginia","6/4/20","147","29","51770","19.73"
"Rockbridge","0","18","Virginia","6/4/20","16","2","51163","12.5"
"Rockingham","9","555","Virginia","6/4/20","490","65","51165","13.27"
"Russell","0","8","Virginia","6/4/20","8","0","51167","0"
"Salem","1","36","Virginia","6/4/20","32","4","51775","12.5"
"Scott","0","7","Virginia","6/4/20","7","0","51169","0"
"Shenandoah","8","470","Virginia","6/4/20","414","56","51171","13.53"
"Smyth","0","15","Virginia","6/4/20","15","0","51173","0"
"Southampton","1","150","Virginia","6/4/20","146","4","51175","2.74"
"Spotsylvania","15","593","Virginia","6/4/20","487","106","51177","21.77"
"Stafford","10","742","Virginia","6/4/20","672","70","51179","10.42"
"Staunton","2","52","Virginia","6/4/20","36","16","51790","44.44"
"Suffolk","2","320","Virginia","6/4/20","308","12","51800","3.9"
"Surry","0","10","Virginia","6/4/20","9","1","51181","11.11"
"Sussex","4","173","Virginia","6/4/20","142","31","51183","21.83"
"Tazewell","0","9","Virginia","6/4/20","7","2","51185","28.57"
"Virginia Beach","15","770","Virginia","6/4/20","662","108","51810","16.31"
"Warren","11","217","Virginia","6/4/20","141","76","51187","53.9"
"Washington","0","53","Virginia","6/4/20","51","2","51191","3.92"
"Waynesboro","1","47","Virginia","6/4/20","41","6","51820","14.63"
"Westmoreland","2","80","Virginia","6/4/20","63","17","51193","26.98"
"Williamsburg","0","45","Virginia","6/4/20","44","1","51830","2.27"
"Winchester","7","215","Virginia","6/4/20","168","47","51840","27.98"
"Wise","0","27","Virginia","6/4/20","24","3","51195","12.5"
"Wythe","1","30","Virginia","6/4/20","21","9","51197","42.86"
"York","1","77","Virginia","6/4/20","72","5","51199","6.94"
"Adams","3","77","Washington","6/4/20","54","23","53001","42.59"
"Asotin","0","19","Washington","6/4/20","19","0","53003","0"
"Benton","16","852","Washington","6/4/20","742","110","53005","14.82"
"Chelan","2","255","Washington","6/4/20","238","17","53007","7.14"
"Clallam","0","27","Washington","6/4/20","25","2","53009","8"
"Clark","14","550","Washington","6/4/20","449","101","53011","22.49"
"Columbia","0","1","Washington","6/4/20","1","0","53013","0"
"Cowlitz","0","76","Washington","6/4/20","73","3","53015","4.11"
"Douglas","1","173","Washington","6/4/20","164","9","53017","5.49"
"Ferry","0","1","Washington","6/4/20","1","0","53019","0"
"Franklin","17","642","Washington","6/4/20","523","119","53021","22.75"
"Grant","2","212","Washington","6/4/20","198","14","53025","7.07"
"Grays Harbor","0","18","Washington","6/4/20","16","2","53027","12.5"
"Island","1","181","Washington","6/4/20","177","4","53029","2.26"
"Jefferson","0","31","Washington","6/4/20","30","1","53031","3.33"
"King","56","8318","Washington","6/4/20","7923","395","53033","4.99"
"Kitsap","0","163","Washington","6/4/20","161","2","53035","1.24"
"Kittitas","1","88","Washington","6/4/20","80","8","53037","10"
"Klickitat","1","29","Washington","6/4/20","24","5","53039","20.83"
"Lewis","0","37","Washington","6/4/20","35","2","53041","5.71"
"Lincoln","0","2","Washington","6/4/20","2","0","53043","0"
"Mason","0","36","Washington","6/4/20","34","2","53045","5.88"
"Okanogan","1","53","Washington","6/4/20","47","6","53047","12.77"
"Pacific","0","9","Washington","6/4/20","9","0","53049","0"
"Pend Oreille","0","3","Washington","6/4/20","3","0","53051","0"
"Pierce","15","1991","Washington","6/4/20","1884","107","53053","5.68"
"San Juan","0","15","Washington","6/4/20","15","0","53055","0"
"Skagit","3","446","Washington","6/4/20","428","18","53057","4.21"
"Skamania","0","3","Washington","6/4/20","3","0","53059","0"
"Snohomish","9","2999","Washington","6/4/20","2937","62","53061","2.11"
"Spokane","17","648","Washington","6/4/20","531","117","53063","22.03"
"Stevens","0","13","Washington","6/4/20","11","2","53065","18.18"
"Thurston","3","154","Washington","6/4/20","132","22","53067","16.67"
"Wahkiakum","0","4","Washington","6/4/20","4","0","53069","0"
"Walla Walla","0","111","Washington","6/4/20","108","3","53071","2.78"
"Whatcom","3","404","Washington","6/4/20","383","21","53073","5.48"
"Whitman","1","20","Washington","6/4/20","16","4","53075","25"
"Yakima","114","4031","Washington","6/4/20","3231","800","53077","24.76"
"Barbour","0","8","West Virginia","6/4/20","9","-1","54001","-11.11"
"Berkeley","5","336","West Virginia","6/4/20","298","38","54003","12.75"
"Boone","0","11","West Virginia","6/4/20","10","1","54005","10"
"Braxton","0","2","West Virginia","6/4/20","2","0","54007","0"
"Brooke","0","5","West Virginia","6/4/20","4","1","54009","25"
"Cabell","1","69","West Virginia","6/4/20","61","8","54011","13.11"
"Calhoun","0","2","West Virginia","6/4/20","2","0","54013","0"
"Clay","1","6","West Virginia","6/4/20","2","4","54015","200"
"Fayette","1","52","West Virginia","6/4/20","46","6","54019","13.04"
"Gilmer","0","10","West Virginia","6/4/20","10","0","54021","0"
"Grant","0","12","West Virginia","6/4/20","11","1","54023","9.09"
"Greenbrier","0","9","West Virginia","6/4/20","9","0","54025","0"
"Hampshire","0","31","West Virginia","6/4/20","29","2","54027","6.9"
"Hancock","0","20","West Virginia","6/4/20","17","3","54029","17.65"
"Hardy","0","39","West Virginia","6/4/20","38","1","54031","2.63"
"Harrison","0","40","West Virginia","6/4/20","40","0","54033","0"
"Jackson","0","138","West Virginia","6/4/20","135","3","54035","2.22"
"Jefferson","5","204","West Virginia","6/4/20","168","36","54037","21.43"
"Kanawha","2","231","West Virginia","6/4/20","218","13","54039","5.96"
"Lewis","0","9","West Virginia","6/4/20","6","3","54041","50"
"Lincoln","0","5","West Virginia","6/4/20","5","0","54043","0"
"Logan","0","19","West Virginia","6/4/20","17","2","54045","11.76"
"Marion","0","51","West Virginia","6/4/20","51","0","54049","0"
"Marshall","0","30","West Virginia","6/4/20","28","2","54051","7.14"
"Mason","0","15","West Virginia","6/4/20","15","0","54053","0"
"McDowell","0","6","West Virginia","6/4/20","6","0","54047","0"
"Mercer","0","13","West Virginia","6/4/20","13","0","54055","0"
"Mineral","1","48","West Virginia","6/4/20","44","4","54057","9.09"
"Mingo","0","8","West Virginia","6/4/20","6","2","54059","33.33"
"Monongalia","1","135","West Virginia","6/4/20","131","4","54061","3.05"
"Monroe","0","8","West Virginia","6/4/20","7","1","54063","14.29"
"Morgan","0","19","West Virginia","6/4/20","18","1","54065","5.56"
"Nicholas","0","9","West Virginia","6/4/20","8","1","54067","12.5"
"Ohio","1","47","West Virginia","6/4/20","41","6","54069","14.63"
"Pendleton","0","13","West Virginia","6/4/20","11","2","54071","18.18"
"Pleasants","0","4","West Virginia","6/4/20","4","0","54073","0"
"Pocahontas","0","21","West Virginia","6/4/20","18","3","54075","16.67"
"Preston","0","24","West Virginia","6/4/20","22","2","54077","9.09"
"Putnam","0","38","West Virginia","6/4/20","35","3","54079","8.57"
"Raleigh","0","17","West Virginia","6/4/20","16","1","54081","6.25"
"Randolph","1","132","West Virginia","6/4/20","123","9","54083","7.32"
"Ritchie","0","1","West Virginia","6/4/20","1","0","54085","0"
"Roane","0","9","West Virginia","6/4/20","9","0","54087","0"
"Summers","0","1","West Virginia","6/4/20","1","0","54089","0"
"Taylor","0","10","West Virginia","6/4/20","8","2","54091","25"
"Tucker","0","4","West Virginia","6/4/20","4","0","54093","0"
"Tyler","0","3","West Virginia","6/4/20","3","0","54095","0"
"Upshur","0","7","West Virginia","6/4/20","7","0","54097","0"
"Wayne","1","103","West Virginia","6/4/20","98","5","54099","5.1"
"Wetzel","0","9","West Virginia","6/4/20","8","1","54103","12.5"
"Wirt","0","4","West Virginia","6/4/20","4","0","54105","0"
"Wood","0","53","West Virginia","6/4/20","54","-1","54107","-1.85"
"Wyoming","0","2","West Virginia","6/4/20","3","-1","54109","-33.33"
"Adams","0","4","Wisconsin","6/4/20","4","0","55001","0"
"Ashland","0","2","Wisconsin","6/4/20","2","0","55003","0"
"Barron","1","20","Wisconsin","6/4/20","14","6","55005","42.86"
"Bayfield","0","3","Wisconsin","6/4/20","3","0","55007","0"
"Brown","9","2361","Wisconsin","6/4/20","2300","61","55009","2.65"
"Buffalo","0","6","Wisconsin","6/4/20","5","1","55011","20"
"Burnett","0","1","Wisconsin","6/4/20","1","0","55013","0"
"Calumet","1","79","Wisconsin","6/4/20","74","5","55015","6.76"
"Chippewa","1","58","Wisconsin","6/4/20","53","5","55017","9.43"
"Clark","1","37","Wisconsin","6/4/20","32","5","55019","15.62"
"Columbia","0","44","Wisconsin","6/4/20","42","2","55021","4.76"
"Crawford","0","26","Wisconsin","6/4/20","26","0","55023","0"
"Dane","16","789","Wisconsin","6/4/20","679","110","55025","16.2"
"Dodge","31","386","Wisconsin","6/4/20","172","214","55027","124.42"
"Door","0","40","Wisconsin","6/4/20","38","2","55029","5.26"
"Douglas","0","19","Wisconsin","6/4/20","19","0","55031","0"
"Dunn","0","26","Wisconsin","6/4/20","24","2","55033","8.33"
"Eau Claire","2","116","Wisconsin","6/4/20","99","17","55035","17.17"
"Florence","0","2","Wisconsin","6/4/20","2","0","55037","0"
"Fond du Lac","5","225","Wisconsin","6/4/20","192","33","55039","17.19"
"Forest","0","29","Wisconsin","6/4/20","26","3","55041","11.54"
"Grant","1","98","Wisconsin","6/4/20","93","5","55043","5.38"
"Green","1","70","Wisconsin","6/4/20","60","10","55045","16.67"
"Green Lake","1","22","Wisconsin","6/4/20","16","6","55047","37.5"
"Iowa","0","16","Wisconsin","6/4/20","14","2","55049","14.29"
"Iron","0","2","Wisconsin","6/4/20","2","0","55051","0"
"Jackson","1","19","Wisconsin","6/4/20","15","4","55053","26.67"
"Jefferson","3","116","Wisconsin","6/4/20","96","20","55055","20.83"
"Juneau","0","22","Wisconsin","6/4/20","22","0","55057","0"
"Kenosha","23","1246","Wisconsin","6/4/20","1088","158","55059","14.52"
"Kewaunee","0","36","Wisconsin","6/4/20","34","2","55061","5.88"
"La Crosse","2","64","Wisconsin","6/4/20","51","13","55063","25.49"
"Lafayette","0","28","Wisconsin","6/4/20","26","2","55065","7.69"
"Langlade","0","4","Wisconsin","6/4/20","2","2","55067","100"
"Lincoln","0","7","Wisconsin","6/4/20","7","0","55069","0"
"Manitowoc","0","38","Wisconsin","6/4/20","36","2","55071","5.56"
"Marathon","2","55","Wisconsin","6/4/20","43","12","55073","27.91"
"Marinette","0","33","Wisconsin","6/4/20","33","0","55075","0"
"Marquette","0","5","Wisconsin","6/4/20","3","2","55077","66.67"
"Menominee","0","3","Wisconsin","6/4/20","3","0","55078","0"
"Milwaukee","205","8388","Wisconsin","6/4/20","6952","1436","55079","20.66"
"Monroe","0","18","Wisconsin","6/4/20","16","2","55081","12.5"
"Oconto","1","39","Wisconsin","6/4/20","35","4","55083","11.43"
"Oneida","0","11","Wisconsin","6/4/20","9","2","55085","22.22"
"Outagamie","6","246","Wisconsin","6/4/20","204","42","55087","20.59"
"Ozaukee","3","174","Wisconsin","6/4/20","156","18","55089","11.54"
"Pepin","0","1","Wisconsin","6/4/20","1","0","55091","0"
"Pierce","1","49","Wisconsin","6/4/20","44","5","55093","11.36"
"Polk","1","28","Wisconsin","6/4/20","18","10","55095","55.56"
"Portage","0","14","Wisconsin","6/4/20","11","3","55097","27.27"
"Price","0","2","Wisconsin","6/4/20","2","0","55099","0"
"Racine","33","1838","Wisconsin","6/4/20","1605","233","55101","14.52"
"Richland","0","14","Wisconsin","6/4/20","14","0","55103","0"
"Rock","9","671","Wisconsin","6/4/20","607","64","55105","10.54"
"Rusk","0","5","Wisconsin","6/4/20","5","0","55107","0"
"Sauk","0","81","Wisconsin","6/4/20","78","3","55111","3.85"
"Sawyer","0","8","Wisconsin","6/4/20","8","0","55113","0"
"Shawano","1","53","Wisconsin","6/4/20","43","10","55115","23.26"
"Sheboygan","2","101","Wisconsin","6/4/20","84","17","55117","20.24"
"St. Croix","4","100","Wisconsin","6/4/20","74","26","55109","35.14"
"Taylor","0","2","Wisconsin","6/4/20","1","1","55119","100"
"Trempealeau","1","30","Wisconsin","6/4/20","23","7","55121","30.43"
"Vernon","0","21","Wisconsin","6/4/20","20","1","55123","5"
"Vilas","0","8","Wisconsin","6/4/20","6","2","55125","33.33"
"Walworth","7","424","Wisconsin","6/4/20","372","52","55127","13.98"
"Washburn","0","2","Wisconsin","6/4/20","2","0","55129","0"
"Washington","5","266","Wisconsin","6/4/20","233","33","55131","14.16"
"Waukesha","16","765","Wisconsin","6/4/20","650","115","55133","17.69"
"Waupaca","3","47","Wisconsin","6/4/20","27","20","55135","74.07"
"Waushara","0","9","Wisconsin","6/4/20","8","1","55137","12.5"
"Winnebago","15","309","Wisconsin","6/4/20","205","104","55139","50.73"
"Wood","0","11","Wisconsin","6/4/20","10","1","55141","10"
"Albany","0","25","Wyoming","6/4/20","24","1","56001","4.17"
"Big Horn","0","6","Wyoming","6/4/20","5","1","56003","20"
"Campbell","0","32","Wyoming","6/4/20","30","2","56005","6.67"
"Carbon","0","16","Wyoming","6/4/20","16","0","56007","0"
"Converse","0","24","Wyoming","6/4/20","24","0","56009","0"
"Crook","0","5","Wyoming","6/4/20","5","0","56011","0"
"Fremont","4","287","Wyoming","6/4/20","261","26","56013","9.96"
"Goshen","0","5","Wyoming","6/4/20","5","0","56015","0"
"Hot Springs","0","12","Wyoming","6/4/20","12","0","56017","0"
"Johnson","0","18","Wyoming","6/4/20","18","0","56019","0"
"Laramie","0","188","Wyoming","6/4/20","188","0","56021","0"
"Lincoln","0","15","Wyoming","6/4/20","15","0","56023","0"
"Natrona","1","79","Wyoming","6/4/20","75","4","56025","5.33"
"Niobrara","0","2","Wyoming","6/4/20","2","0","56027","0"
"Park","0","2","Wyoming","6/4/20","2","0","56029","0"
"Platte","0","1","Wyoming","6/4/20","1","0","56031","0"
"Sheridan","0","16","Wyoming","6/4/20","16","0","56033","0"
"Sublette","0","3","Wyoming","6/4/20","3","0","56035","0"
"Sweetwater","1","32","Wyoming","6/4/20","26","6","56037","23.08"
"Teton","0","100","Wyoming","6/4/20","100","0","56039","0"
"Uinta","0","13","Wyoming","6/4/20","12","1","56041","8.33"
"Washakie","1","39","Wyoming","6/4/20","35","4","56043","11.43"
"Weston","0","1","Wyoming","6/4/20","1","0","56045","0"
