"Locality","DailyAvgNewCasesPast7Days","TotalCases","State","Date","TotalCases7DaysAgo","NewCasesPast7Days","FIPS-Code","PercentIncreaseTotalCasesPast7Days"
"Autauga","6","259","Alabama","6/6/20","216","43","01001","19.91"
"Baldwin","3","304","Alabama","6/6/20","283","21","01003","7.42"
"Barbour","6","190","Alabama","6/6/20","150","40","01005","26.67"
"Bibb","1","77","Alabama","6/6/20","72","5","01007","6.94"
"Blount","1","70","Alabama","6/6/20","61","9","01009","14.75"
"Bullock","3","225","Alabama","6/6/20","203","22","01011","10.84"
"Butler","6","442","Alabama","6/6/20","402","40","01013","9.95"
"Calhoun","3","174","Alabama","6/6/20","154","20","01015","12.99"
"Chambers","3","373","Alabama","6/6/20","353","20","01017","5.67"
"Cherokee","0","40","Alabama","6/6/20","37","3","01019","8.11"
"Chilton","1","108","Alabama","6/6/20","100","8","01021","8"
"Choctaw","1","155","Alabama","6/6/20","151","4","01023","2.65"
"Clarke","1","151","Alabama","6/6/20","142","9","01025","6.34"
"Clay","0","29","Alabama","6/6/20","27","2","01027","7.41"
"Cleburne","0","15","Alabama","6/6/20","14","1","01029","7.14"
"Coffee","2","244","Alabama","6/6/20","229","15","01031","6.55"
"Colbert","4","206","Alabama","6/6/20","178","28","01033","15.73"
"Conecuh","1","44","Alabama","6/6/20","39","5","01035","12.82"
"Coosa","0","40","Alabama","6/6/20","38","2","01037","5.26"
"Covington","1","84","Alabama","6/6/20","77","7","01039","9.09"
"Crenshaw","1","83","Alabama","6/6/20","76","7","01041","9.21"
"Cullman","8","180","Alabama","6/6/20","126","54","01043","42.86"
"Dale","3","131","Alabama","6/6/20","110","21","01045","19.09"
"Dallas","6","302","Alabama","6/6/20","260","42","01047","16.15"
"DeKalb","4","268","Alabama","6/6/20","243","25","01049","10.29"
"Elmore","9","401","Alabama","6/6/20","339","62","01051","18.29"
"Escambia","4","82","Alabama","6/6/20","57","25","01053","43.86"
"Etowah","3","270","Alabama","6/6/20","248","22","01055","8.87"
"Fayette","0","17","Alabama","6/6/20","15","2","01057","13.33"
"Franklin","9","608","Alabama","6/6/20","545","63","01059","11.56"
"Geneva","1","46","Alabama","6/6/20","40","6","01061","15"
"Greene","1","98","Alabama","6/6/20","94","4","01063","4.26"
"Hale","5","195","Alabama","6/6/20","159","36","01065","22.64"
"Henry","2","85","Alabama","6/6/20","74","11","01067","14.86"
"Houston","4","237","Alabama","6/6/20","209","28","01069","13.4"
"Jackson","2","88","Alabama","6/6/20","77","11","01071","14.29"
"Jefferson","29","1980","Alabama","6/6/20","1780","200","01073","11.24"
"Lamar","1","28","Alabama","6/6/20","23","5","01075","21.74"
"Lauderdale","3","181","Alabama","6/6/20","161","20","01077","12.42"
"Lawrence","1","53","Alabama","6/6/20","48","5","01079","10.42"
"Lee","5","577","Alabama","6/6/20","540","37","01081","6.85"
"Limestone","4","119","Alabama","6/6/20","94","25","01083","26.6"
"Lowndes","5","276","Alabama","6/6/20","238","38","01085","15.97"
"Macon","3","96","Alabama","6/6/20","75","21","01087","28"
"Madison","6","371","Alabama","6/6/20","327","44","01089","13.46"
"Marengo","3","182","Alabama","6/6/20","163","19","01091","11.66"
"Marion","1","126","Alabama","6/6/20","121","5","01093","4.13"
"Marshall","6","730","Alabama","6/6/20","687","43","01095","6.26"
"Mobile","27","2377","Alabama","6/6/20","2191","186","01097","8.49"
"Monroe","2","54","Alabama","6/6/20","37","17","01099","45.95"
"Montgomery","52","1993","Alabama","6/6/20","1632","361","01101","22.12"
"Morgan","16","361","Alabama","6/6/20","251","110","01103","43.82"
"Perry","1","46","Alabama","6/6/20","37","9","01105","24.32"
"Pickens","2","122","Alabama","6/6/20","111","11","01107","9.91"
"Pike","6","239","Alabama","6/6/20","198","41","01109","20.71"
"Randolph","1","129","Alabama","6/6/20","125","4","01111","3.2"
"Russell","4","193","Alabama","6/6/20","167","26","01113","15.57"
"Shelby","6","542","Alabama","6/6/20","503","39","01117","7.75"
"St. Clair","3","138","Alabama","6/6/20","118","20","01115","16.95"
"Sumter","3","243","Alabama","6/6/20","220","23","01119","10.45"
"Talladega","3","127","Alabama","6/6/20","109","18","01121","16.51"
"Tallapoosa","2","439","Alabama","6/6/20","423","16","01123","3.78"
"Tuscaloosa","23","896","Alabama","6/6/20","738","158","01125","21.41"
"Walker","13","433","Alabama","6/6/20","344","89","01127","25.87"
"Washington","1","77","Alabama","6/6/20","68","9","01129","13.24"
"Wilcox","3","167","Alabama","6/6/20","144","23","01131","15.97"
"Winston","1","93","Alabama","6/6/20","88","5","01133","5.68"
"Anchorage","7","266","Alaska","6/6/20","214","52","02020","24.3"
"Bethel","0","3","Alaska","6/6/20","3","0","02050","0"
"Fairbanks North Star","0","85","Alaska","6/6/20","85","0","02090","0"
"Juneau","0","33","Alaska","6/6/20","33","0","02110","0"
"Kenai Peninsula","6","78","Alaska","6/6/20","38","40","02122","105.26"
"Ketchikan Gateway","0","16","Alaska","6/6/20","16","0","02130","0"
"Kodiak Island","0","1","Alaska","6/6/20","1","0","02150","0"
"Matanuska-Susitna","1","35","Alaska","6/6/20","25","10","02170","40"
"Nome","0","3","Alaska","6/6/20","3","0","02180","0"
"North Slope","0","1","Alaska","6/6/20","1","0","02185","0"
"Northwest Arctic","0","2","Alaska","6/6/20","2","0","02188","0"
"Petersburg","0","4","Alaska","6/6/20","4","0","02195","0"
"Prince of Wales-Hyder","0","2","Alaska","6/6/20","2","0","02198","0"
"Sitka","0","2","Alaska","6/6/20","2","0","02220","0"
"Southeast Fairbanks","0","3","Alaska","6/6/20","3","0","02240","0"
"Yukon-Koyukuk","0","1","Alaska","6/6/20","1","0","02290","0"
"Apache","29","1692","Arizona","6/6/20","1491","201","04001","13.48"
"Cochise","7","122","Arizona","6/6/20","72","50","04003","69.44"
"Coconino","21","1267","Arizona","6/6/20","1123","144","04005","12.82"
"Gila","2","43","Arizona","6/6/20","30","13","04007","43.33"
"Graham","2","39","Arizona","6/6/20","28","11","04009","39.29"
"Greenlee","1","9","Arizona","6/6/20","4","5","04011","125"
"La Paz","13","158","Arizona","6/6/20","70","88","04012","125.71"
"Maricopa","463","12761","Arizona","6/6/20","9522","3239","04013","34.02"
"Mohave","15","485","Arizona","6/6/20","383","102","04015","26.63"
"Navajo","46","2152","Arizona","6/6/20","1833","319","04017","17.4"
"Pima","94","2950","Arizona","6/6/20","2290","660","04019","28.82"
"Pinal","33","1067","Arizona","6/6/20","837","230","04021","27.48"
"Santa Cruz","33","530","Arizona","6/6/20","297","233","04023","78.45"
"Yavapai","4","326","Arizona","6/6/20","296","30","04025","10.14"
"Yuma","124","1850","Arizona","6/6/20","982","868","04027","88.39"
"Arkansas","0","7","Arkansas","6/6/20","5","2","05001","40"
"Ashley","1","29","Arkansas","6/6/20","19","10","05003","52.63"
"Baxter","0","13","Arkansas","6/6/20","11","2","05005","18.18"
"Benton","54","883","Arkansas","6/6/20","507","376","05007","74.16"
"Boone","0","7","Arkansas","6/6/20","6","1","05009","16.67"
"Bradley","1","28","Arkansas","6/6/20","18","10","05011","55.56"
"Carroll","2","35","Arkansas","6/6/20","24","11","05015","45.83"
"Chicot","1","21","Arkansas","6/6/20","15","6","05017","40"
"Clark","0","40","Arkansas","6/6/20","39","1","05019","2.56"
"Clay","0","6","Arkansas","6/6/20","4","2","05021","50"
"Cleburne","0","74","Arkansas","6/6/20","73","1","05023","1.37"
"Cleveland","0","19","Arkansas","6/6/20","19","0","05025","0"
"Columbia","0","23","Arkansas","6/6/20","25","-2","05027","-8"
"Conway","0","15","Arkansas","6/6/20","14","1","05029","7.14"
"Craighead","13","300","Arkansas","6/6/20","212","88","05031","41.51"
"Crawford","2","39","Arkansas","6/6/20","24","15","05033","62.5"
"Crittenden","12","452","Arkansas","6/6/20","367","85","05035","23.16"
"Cross","1","60","Arkansas","6/6/20","51","9","05037","17.65"
"Dallas","0","3","Arkansas","6/6/20","1","2","05039","200"
"Desha","0","20","Arkansas","6/6/20","19","1","05041","5.26"
"Drew","0","21","Arkansas","6/6/20","19","2","05043","10.53"
"Faulkner","1","110","Arkansas","6/6/20","102","8","05045","7.84"
"Franklin","0","5","Arkansas","6/6/20","4","1","05047","25"
"Fulton","0","7","Arkansas","6/6/20","7","0","05049","0"
"Garland","1","140","Arkansas","6/6/20","136","4","05051","2.94"
"Grant","0","18","Arkansas","6/6/20","18","0","05053","0"
"Greene","0","67","Arkansas","6/6/20","64","3","05055","4.69"
"Hempstead","2","27","Arkansas","6/6/20","16","11","05057","68.75"
"Hot Spring","0","34","Arkansas","6/6/20","32","2","05059","6.25"
"Howard","1","28","Arkansas","6/6/20","20","8","05061","40"
"Independence","0","33","Arkansas","6/6/20","31","2","05063","6.45"
"Izard","0","17","Arkansas","6/6/20","16","1","05065","6.25"
"Jackson","1","6","Arkansas","6/6/20","1","5","05067","500"
"Jefferson","4","547","Arkansas","6/6/20","517","30","05069","5.8"
"Johnson","2","57","Arkansas","6/6/20","43","14","05071","32.56"
"Lafayette","0","9","Arkansas","6/6/20","9","0","05073","0"
"Lawrence","1","89","Arkansas","6/6/20","84","5","05075","5.95"
"Lee","2","32","Arkansas","6/6/20","19","13","05077","68.42"
"Lincoln","1","985","Arkansas","6/6/20","978","7","05079","0.72"
"Little River","2","17","Arkansas","6/6/20","6","11","05081","183.33"
"Logan","1","12","Arkansas","6/6/20","6","6","05083","100"
"Lonoke","1","57","Arkansas","6/6/20","47","10","05085","21.28"
"Madison","4","50","Arkansas","6/6/20","22","28","05087","127.27"
"Marion","0","2","Arkansas","6/6/20","1","1","05089","100"
"Miller","1","53","Arkansas","6/6/20","43","10","05091","23.26"
"Mississippi","1","79","Arkansas","6/6/20","75","4","05093","5.33"
"Monroe","0","5","Arkansas","6/6/20","5","0","05095","0"
"Montgomery","0","2","Arkansas","6/6/20","2","0","05097","0"
"Nevada","6","50","Arkansas","6/6/20","5","45","05099","900"
"Newton","0","3","Arkansas","6/6/20","3","0","05101","0"
"Ouachita","0","12","Arkansas","6/6/20","10","2","05103","20"
"Perry","0","15","Arkansas","6/6/20","14","1","05105","7.14"
"Phillips","1","26","Arkansas","6/6/20","20","6","05107","30"
"Pike","0","6","Arkansas","6/6/20","5","1","05109","20"
"Poinsett","1","42","Arkansas","6/6/20","33","9","05111","27.27"
"Polk","2","33","Arkansas","6/6/20","17","16","05113","94.12"
"Pope","8","197","Arkansas","6/6/20","142","55","05115","38.73"
"Prairie","0","4","Arkansas","6/6/20","2","2","05117","100"
"Pulaski","31","1091","Arkansas","6/6/20","876","215","05119","24.54"
"Randolph","0","26","Arkansas","6/6/20","26","0","05121","0"
"Saline","3","130","Arkansas","6/6/20","112","18","05125","16.07"
"Scott","0","1","Arkansas","6/6/20","1","0","05127","0"
"Searcy","0","7","Arkansas","6/6/20","7","0","05129","0"
"Sebastian","6","81","Arkansas","6/6/20","38","43","05131","113.16"
"Sevier","22","326","Arkansas","6/6/20","170","156","05133","91.76"
"Sharp","0","48","Arkansas","6/6/20","46","2","05135","4.35"
"St. Francis","10","744","Arkansas","6/6/20","672","72","05123","10.71"
"Stone","0","10","Arkansas","6/6/20","9","1","05137","11.11"
"Union","2","188","Arkansas","6/6/20","171","17","05139","9.94"
"Van Buren","0","29","Arkansas","6/6/20","28","1","05141","3.57"
"Washington","66","913","Arkansas","6/6/20","452","461","05143","101.99"
"White","1","49","Arkansas","6/6/20","44","5","05145","11.36"
"Woodruff","0","1","Arkansas","6/6/20","1","0","05147","0"
"Yell","12","222","Arkansas","6/6/20","137","85","05149","62.04"
"Alameda","74","3805","California","6/6/20","3289","516","06001","15.69"
"Alpine","0","2","California","6/6/20","2","0","06003","0"
"Amador","0","10","California","6/6/20","10","0","06005","0"
"Butte","3","65","California","6/6/20","44","21","06007","47.73"
"Calaveras","1","19","California","6/6/20","15","4","06009","26.67"
"Colusa","0","7","California","6/6/20","5","2","06011","40"
"Contra Costa","30","1633","California","6/6/20","1426","207","06013","14.52"
"Del Norte","0","47","California","6/6/20","45","2","06015","4.44"
"El Dorado","2","106","California","6/6/20","90","16","06017","17.78"
"Fresno","52","2080","California","6/6/20","1714","366","06019","21.35"
"Glenn","0","18","California","6/6/20","16","2","06021","12.5"
"Humboldt","1","104","California","6/6/20","99","5","06023","5.05"
"Imperial","133","2568","California","6/6/20","1634","934","06025","57.16"
"Inyo","0","22","California","6/6/20","20","2","06027","10"
"Kern","72","2650","California","6/6/20","2145","505","06029","23.54"
"Kings","107","1483","California","6/6/20","735","748","06031","101.77"
"Lake","1","30","California","6/6/20","21","9","06033","42.86"
"Lassen","0","6","California","6/6/20","5","1","06035","20"
"Los Angeles","1234","62382","California","6/6/20","53746","8636","06037","16.07"
"Madera","7","155","California","6/6/20","104","51","06039","49.04"
"Marin","14","551","California","6/6/20","450","101","06041","22.44"
"Mariposa","0","16","California","6/6/20","16","0","06043","0"
"Mendocino","0","33","California","6/6/20","30","3","06045","10"
"Merced","7","334","California","6/6/20","283","51","06047","18.02"
"Mono","0","37","California","6/6/20","35","2","06051","5.71"
"Monterey","23","667","California","6/6/20","509","158","06053","31.04"
"Napa","4","141","California","6/6/20","112","29","06055","25.89"
"Nevada","1","50","California","6/6/20","41","9","06057","21.95"
"Orange","174","7321","California","6/6/20","6100","1221","06059","20.02"
"Placer","9","275","California","6/6/20","214","61","06061","28.5"
"Plumas","0","4","California","6/6/20","4","0","06063","0"
"Riverside","184","8777","California","6/6/20","7486","1291","06065","17.25"
"Sacramento","20","1537","California","6/6/20","1400","137","06067","9.79"
"San Benito","3","105","California","6/6/20","87","18","06069","20.69"
"San Bernardino","120","6040","California","6/6/20","5200","840","06071","16.15"
"San Diego","137","8345","California","6/6/20","7385","960","06073","13"
"San Francisco","26","2712","California","6/6/20","2532","180","06075","7.11"
"San Joaquin","37","1118","California","6/6/20","858","260","06077","30.3"
"San Luis Obispo","3","291","California","6/6/20","269","22","06079","8.18"
"San Mateo","32","2330","California","6/6/20","2104","226","06081","10.74"
"Santa Barbara","20","1787","California","6/6/20","1649","138","06083","8.37"
"Santa Clara","27","2920","California","6/6/20","2731","189","06085","6.92"
"Santa Cruz","2","226","California","6/6/20","212","14","06087","6.6"
"Shasta","1","42","California","6/6/20","37","5","06089","13.51"
"Sierra","0","1","California","6/6/20","1","0","06091","0"
"Siskiyou","0","9","California","6/6/20","7","2","06093","28.57"
"Solano","7","566","California","6/6/20","517","49","06095","9.48"
"Sonoma","11","624","California","6/6/20","548","76","06097","13.87"
"Stanislaus","20","840","California","6/6/20","699","141","06099","20.17"
"Sutter","2","55","California","6/6/20","43","12","06101","27.91"
"Tehama","1","8","California","6/6/20","4","4","06103","100"
"Trinity","0","2","California","6/6/20","1","1","06105","100"
"Tulare","39","2116","California","6/6/20","1844","272","06107","14.75"
"Tuolumne","0","7","California","6/6/20","4","3","06109","75"
"Ventura","26","1261","California","6/6/20","1078","183","06111","16.98"
"Yolo","2","221","California","6/6/20","210","11","06113","5.24"
"Yuba","0","32","California","6/6/20","30","2","06115","6.67"
"Adams","47","3552","Colorado","6/6/20","3224","328","08001","10.17"
"Alamosa","2","90","Colorado","6/6/20","74","16","08003","21.62"
"Arapahoe","39","4626","Colorado","6/6/20","4353","273","08005","6.27"
"Archuleta","0","8","Colorado","6/6/20","8","0","08007","0"
"Baca","0","12","Colorado","6/6/20","12","0","08009","0"
"Bent","0","2","Colorado","6/6/20","2","0","08011","0"
"Boulder","5","1011","Colorado","6/6/20","974","37","08013","3.8"
"Broomfield","2","253","Colorado","6/6/20","236","17","08014","7.2"
"Chaffee","1","78","Colorado","6/6/20","72","6","08015","8.33"
"Cheyenne","0","5","Colorado","6/6/20","5","0","08017","0"
"Clear Creek","0","17","Colorado","6/6/20","16","1","08019","6.25"
"Conejos","0","4","Colorado","6/6/20","1","3","08021","300"
"Costilla","0","7","Colorado","6/6/20","6","1","08023","16.67"
"Crowley","0","66","Colorado","6/6/20","64","2","08025","3.12"
"Custer","0","2","Colorado","6/6/20","2","0","08027","0"
"Delta","1","74","Colorado","6/6/20","69","5","08029","7.25"
"Denver","56","6079","Colorado","6/6/20","5690","389","08031","6.84"
"Douglas","5","753","Colorado","6/6/20","715","38","08035","5.31"
"Eagle","3","607","Colorado","6/6/20","587","20","08037","3.41"
"El Paso","14","1817","Colorado","6/6/20","1717","100","08041","5.82"
"Elbert","0","54","Colorado","6/6/20","52","2","08039","3.85"
"Fremont","0","26","Colorado","6/6/20","26","0","08043","0"
"Garfield","3","161","Colorado","6/6/20","138","23","08045","16.67"
"Gilpin","0","5","Colorado","6/6/20","3","2","08047","66.67"
"Grand","0","15","Colorado","6/6/20","14","1","08049","7.14"
"Gunnison","0","178","Colorado","6/6/20","177","1","08051","0.56"
"Hinsdale","0","3","Colorado","6/6/20","3","0","08053","0"
"Huerfano","0","3","Colorado","6/6/20","3","0","08055","0"
"Jefferson","25","2370","Colorado","6/6/20","2196","174","08059","7.92"
"Kit Carson","1","30","Colorado","6/6/20","26","4","08063","15.38"
"La Plata","0","82","Colorado","6/6/20","80","2","08067","2.5"
"Lake","1","36","Colorado","6/6/20","29","7","08065","24.14"
"Larimer","6","616","Colorado","6/6/20","576","40","08069","6.94"
"Las Animas","0","5","Colorado","6/6/20","5","0","08071","0"
"Lincoln","0","3","Colorado","6/6/20","3","0","08073","0"
"Logan","4","630","Colorado","6/6/20","602","28","08075","4.65"
"Mesa","1","62","Colorado","6/6/20","54","8","08077","14.81"
"Mineral","0","2","Colorado","6/6/20","2","0","08079","0"
"Moffat","0","8","Colorado","6/6/20","7","1","08081","14.29"
"Montezuma","1","50","Colorado","6/6/20","43","7","08083","16.28"
"Montrose","2","185","Colorado","6/6/20","169","16","08085","9.47"
"Morgan","2","641","Colorado","6/6/20","628","13","08087","2.07"
"Otero","0","21","Colorado","6/6/20","18","3","08089","16.67"
"Ouray","0","8","Colorado","6/6/20","8","0","08091","0"
"Park","0","23","Colorado","6/6/20","23","0","08093","0"
"Phillips","0","14","Colorado","6/6/20","13","1","08095","7.69"
"Pitkin","0","60","Colorado","6/6/20","58","2","08097","3.45"
"Prowers","0","15","Colorado","6/6/20","13","2","08099","15.38"
"Pueblo","3","313","Colorado","6/6/20","289","24","08101","8.3"
"Rio Blanco","0","1","Colorado","6/6/20","1","0","08103","0"
"Rio Grande","3","43","Colorado","6/6/20","23","20","08105","86.96"
"Routt","0","62","Colorado","6/6/20","61","1","08107","1.64"
"Saguache","2","93","Colorado","6/6/20","79","14","08109","17.72"
"San Juan","0","1","Colorado","6/6/20","1","0","08111","0"
"San Miguel","0","23","Colorado","6/6/20","23","0","08113","0"
"Summit","3","243","Colorado","6/6/20","224","19","08117","8.48"
"Teller","0","34","Colorado","6/6/20","32","2","08119","6.25"
"Washington","0","42","Colorado","6/6/20","40","2","08121","5"
"Weld","12","2566","Colorado","6/6/20","2480","86","08123","3.47"
"Yuma","1","44","Colorado","6/6/20","35","9","08125","25.71"
"Fairfield","74","16020","Connecticut","6/6/20","15502","518","09001","3.34"
"Hartford","77","10747","Connecticut","6/6/20","10207","540","09003","5.29"
"Litchfield","5","1413","Connecticut","6/6/20","1381","32","09005","2.32"
"Middlesex","10","1174","Connecticut","6/6/20","1104","70","09007","6.34"
"New Haven","73","11817","Connecticut","6/6/20","11309","508","09009","4.49"
"New London","5","1112","Connecticut","6/6/20","1076","36","09011","3.35"
"Tolland","4","864","Connecticut","6/6/20","833","31","09013","3.72"
"Windham","5","416","Connecticut","6/6/20","381","35","09015","9.19"
"Kent","9","1496","Delaware","6/6/20","1432","64","10001","4.47"
"New Castle","39","3995","Delaware","6/6/20","3723","272","10003","7.31"
"Sussex","18","4342","Delaware","6/6/20","4215","127","10005","3.01"
"","0","49","Diamond Princess","6/6/20","49","0",,"0"
"District of Columbia","79","9269","District of Columbia","6/6/20","8717","552","11001","6.33"
"Alachua","2","396","Florida","6/6/20","379","17","12001","4.49"
"Baker","0","29","Florida","6/6/20","29","0","12003","0"
"Bay","4","123","Florida","6/6/20","97","26","12005","26.8"
"Bradford","0","52","Florida","6/6/20","51","1","12007","1.96"
"Brevard","5","453","Florida","6/6/20","420","33","12009","7.86"
"Broward","89","7690","Florida","6/6/20","7067","623","12011","8.82"
"Calhoun","1","64","Florida","6/6/20","56","8","12013","14.29"
"Charlotte","5","488","Florida","6/6/20","450","38","12015","8.44"
"Citrus","1","125","Florida","6/6/20","121","4","12017","3.31"
"Clay","2","396","Florida","6/6/20","380","16","12019","4.21"
"Collier","65","1968","Florida","6/6/20","1514","454","12021","29.99"
"Columbia","4","171","Florida","6/6/20","144","27","12023","18.75"
"DeSoto","12","258","Florida","6/6/20","173","85","12027","49.13"
"Dixie","1","58","Florida","6/6/20","49","9","12029","18.37"
"Duval","22","1764","Florida","6/6/20","1608","156","12031","9.7"
"Escambia","10","879","Florida","6/6/20","810","69","12033","8.52"
"Flagler","1","195","Florida","6/6/20","185","10","12035","5.41"
"Franklin","0","2","Florida","6/6/20","2","0","12037","0"
"Gadsden","3","293","Florida","6/6/20","269","24","12039","8.92"
"Gilchrist","1","19","Florida","6/6/20","13","6","12041","46.15"
"Glades","8","83","Florida","6/6/20","29","54","12043","186.21"
"Gulf","0","3","Florida","6/6/20","1","2","12045","200"
"Hamilton","4","261","Florida","6/6/20","230","31","12047","13.48"
"Hardee","7","140","Florida","6/6/20","93","47","12049","50.54"
"Hendry","21","552","Florida","6/6/20","405","147","12051","36.3"
"Hernando","1","122","Florida","6/6/20","113","9","12053","7.96"
"Highlands","2","143","Florida","6/6/20","127","16","12055","12.6"
"Hillsborough","73","2643","Florida","6/6/20","2129","514","12057","24.14"
"Holmes","2","30","Florida","6/6/20","19","11","12059","57.89"
"Indian River","5","160","Florida","6/6/20","126","34","12061","26.98"
"Jackson","7","298","Florida","6/6/20","249","49","12063","19.68"
"Jefferson","0","31","Florida","6/6/20","29","2","12065","6.9"
"Lafayette","0","10","Florida","6/6/20","8","2","12067","25"
"Lake","3","321","Florida","6/6/20","298","23","12069","7.72"
"Lee","51","2253","Florida","6/6/20","1894","359","12071","18.95"
"Leon","5","438","Florida","6/6/20","406","32","12073","7.88"
"Levy","4","58","Florida","6/6/20","31","27","12075","87.1"
"Liberty","1","218","Florida","6/6/20","213","5","12077","2.35"
"Madison","0","71","Florida","6/6/20","69","2","12079","2.9"
"Manatee","20","1177","Florida","6/6/20","1037","140","12081","13.5"
"Marion","4","274","Florida","6/6/20","244","30","12083","12.3"
"Martin","32","849","Florida","6/6/20","626","223","12085","35.62"
"Miami-Dade","210","19299","Florida","6/6/20","17826","1473","12086","8.26"
"Monroe","0","110","Florida","6/6/20","108","2","12087","1.85"
"Nassau","1","82","Florida","6/6/20","75","7","12089","9.33"
"Okaloosa","6","253","Florida","6/6/20","212","41","12091","19.34"
"Okeechobee","7","125","Florida","6/6/20","76","49","12093","64.47"
"Orange","40","2256","Florida","6/6/20","1976","280","12095","14.17"
"Osceola","6","741","Florida","6/6/20","698","43","12097","6.16"
"Palm Beach","168","7074","Florida","6/6/20","5898","1176","12099","19.94"
"Pasco","5","419","Florida","6/6/20","381","38","12101","9.97"
"Pinellas","39","1532","Florida","6/6/20","1262","270","12103","21.39"
"Polk","20","1145","Florida","6/6/20","1005","140","12105","13.93"
"Putnam","3","173","Florida","6/6/20","150","23","12107","15.33"
"Santa Rosa","2","257","Florida","6/6/20","242","15","12113","6.2"
"Sarasota","6","669","Florida","6/6/20","629","40","12115","6.36"
"Seminole","5","521","Florida","6/6/20","484","37","12117","7.64"
"St. Johns","2","272","Florida","6/6/20","256","16","12109","6.25"
"St. Lucie","21","607","Florida","6/6/20","463","144","12111","31.1"
"Sumter","1","261","Florida","6/6/20","253","8","12119","3.16"
"Suwannee","1","174","Florida","6/6/20","167","7","12121","4.19"
"Taylor","4","45","Florida","6/6/20","20","25","12123","125"
"Union","1","36","Florida","6/6/20","31","5","12125","16.13"
"Volusia","11","804","Florida","6/6/20","730","74","12127","10.14"
"Wakulla","0","35","Florida","6/6/20","34","1","12129","2.94"
"Walton","2","130","Florida","6/6/20","114","16","12131","14.04"
"Washington","4","83","Florida","6/6/20","57","26","12133","45.61"
"Appling","4","185","Georgia","6/6/20","156","29","13001","18.59"
"Atkinson","2","60","Georgia","6/6/20","47","13","13003","27.66"
"Bacon","5","144","Georgia","6/6/20","108","36","13005","33.33"
"Baker","0","36","Georgia","6/6/20","34","2","13007","5.88"
"Baldwin","6","387","Georgia","6/6/20","343","44","13009","12.83"
"Banks","0","88","Georgia","6/6/20","88","0","13011","0"
"Barrow","2","341","Georgia","6/6/20","326","15","13013","4.6"
"Bartow","6","521","Georgia","6/6/20","478","43","13015","9"
"Ben Hill","2","90","Georgia","6/6/20","74","16","13017","21.62"
"Berrien","1","55","Georgia","6/6/20","46","9","13019","19.57"
"Bibb","7","504","Georgia","6/6/20","454","50","13021","11.01"
"Bleckley","1","50","Georgia","6/6/20","45","5","13023","11.11"
"Brantley","1","62","Georgia","6/6/20","56","6","13025","10.71"
"Brooks","2","79","Georgia","6/6/20","68","11","13027","16.18"
"Bryan","0","77","Georgia","6/6/20","74","3","13029","4.05"
"Bulloch","3","82","Georgia","6/6/20","60","22","13031","36.67"
"Burke","0","124","Georgia","6/6/20","121","3","13033","2.48"
"Butts","2","243","Georgia","6/6/20","229","14","13035","6.11"
"Calhoun","1","138","Georgia","6/6/20","132","6","13037","4.55"
"Camden","1","69","Georgia","6/6/20","61","8","13039","13.11"
"Candler","0","13","Georgia","6/6/20","13","0","13043","0"
"Carroll","9","580","Georgia","6/6/20","518","62","13045","11.97"
"Catoosa","3","157","Georgia","6/6/20","133","24","13047","18.05"
"Charlton","0","32","Georgia","6/6/20","32","0","13049","0"
"Chatham","6","545","Georgia","6/6/20","501","44","13051","8.78"
"Chattahoochee","18","172","Georgia","6/6/20","43","129","13053","300"
"Chattooga","0","25","Georgia","6/6/20","24","1","13055","4.17"
"Cherokee","10","958","Georgia","6/6/20","890","68","13057","7.64"
"Clarke","5","318","Georgia","6/6/20","283","35","13059","12.37"
"Clay","1","43","Georgia","6/6/20","39","4","13061","10.26"
"Clayton","15","1323","Georgia","6/6/20","1216","107","13063","8.8"
"Clinch","1","69","Georgia","6/6/20","59","10","13065","16.95"
"Cobb","33","3242","Georgia","6/6/20","3009","233","13067","7.74"
"Coffee","4","299","Georgia","6/6/20","268","31","13069","11.57"
"Colquitt","15","568","Georgia","6/6/20","465","103","13071","22.15"
"Columbia","4","274","Georgia","6/6/20","248","26","13073","10.48"
"Cook","1","56","Georgia","6/6/20","48","8","13075","16.67"
"Coweta","7","463","Georgia","6/6/20","415","48","13077","11.57"
"Crawford","0","29","Georgia","6/6/20","28","1","13079","3.57"
"Crisp","1","238","Georgia","6/6/20","232","6","13081","2.59"
"Dade","2","41","Georgia","6/6/20","28","13","13083","46.43"
"Dawson","1","113","Georgia","6/6/20","109","4","13085","3.67"
"Decatur","3","209","Georgia","6/6/20","186","23","13087","12.37"
"DeKalb","40","4008","Georgia","6/6/20","3731","277","13089","7.42"
"Dodge","0","53","Georgia","6/6/20","51","2","13091","3.92"
"Dooly","2","190","Georgia","6/6/20","179","11","13093","6.15"
"Dougherty","5","1803","Georgia","6/6/20","1770","33","13095","1.86"
"Douglas","8","592","Georgia","6/6/20","539","53","13097","9.83"
"Early","2","250","Georgia","6/6/20","238","12","13099","5.04"
"Echols","5","146","Georgia","6/6/20","110","36","13101","32.73"
"Effingham","1","78","Georgia","6/6/20","73","5","13103","6.85"
"Elbert","0","78","Georgia","6/6/20","75","3","13105","4"
"Emanuel","0","29","Georgia","6/6/20","27","2","13107","7.41"
"Evans","0","6","Georgia","6/6/20","5","1","13109","20"
"Fannin","1","51","Georgia","6/6/20","43","8","13111","18.6"
"Fayette","1","245","Georgia","6/6/20","235","10","13113","4.26"
"Floyd","8","322","Georgia","6/6/20","263","59","13115","22.43"
"Forsyth","5","546","Georgia","6/6/20","512","34","13117","6.64"
"Franklin","12","132","Georgia","6/6/20","46","86","13119","186.96"
"Fulton","45","4822","Georgia","6/6/20","4507","315","13121","6.99"
"Gilmer","2","160","Georgia","6/6/20","149","11","13123","7.38"
"Glascock","0","1","Georgia","6/6/20","1","0","13125","0"
"Glynn","6","154","Georgia","6/6/20","115","39","13127","33.91"
"Gordon","5","195","Georgia","6/6/20","160","35","13129","21.88"
"Grady","4","119","Georgia","6/6/20","94","25","13131","26.6"
"Greene","1","76","Georgia","6/6/20","68","8","13133","11.76"
"Gwinnett","95","4433","Georgia","6/6/20","3769","664","13135","17.62"
"Habersham","5","556","Georgia","6/6/20","520","36","13137","6.92"
"Hall","21","2615","Georgia","6/6/20","2467","148","13139","6"
"Hancock","0","197","Georgia","6/6/20","194","3","13141","1.55"
"Haralson","1","52","Georgia","6/6/20","43","9","13143","20.93"
"Harris","5","125","Georgia","6/6/20","91","34","13145","37.36"
"Hart","1","39","Georgia","6/6/20","30","9","13147","30"
"Heard","0","36","Georgia","6/6/20","33","3","13149","9.09"
"Henry","10","756","Georgia","6/6/20","688","68","13151","9.88"
"Houston","5","399","Georgia","6/6/20","365","34","13153","9.32"
"Irwin","1","34","Georgia","6/6/20","28","6","13155","21.43"
"Jackson","6","226","Georgia","6/6/20","184","42","13157","22.83"
"Jasper","2","47","Georgia","6/6/20","36","11","13159","30.56"
"Jeff Davis","1","45","Georgia","6/6/20","38","7","13161","18.42"
"Jefferson","1","50","Georgia","6/6/20","41","9","13163","21.95"
"Jenkins","1","27","Georgia","6/6/20","19","8","13165","42.11"
"Johnson","0","82","Georgia","6/6/20","82","0","13167","0"
"Jones","2","49","Georgia","6/6/20","37","12","13169","32.43"
"Lamar","1","76","Georgia","6/6/20","67","9","13171","13.43"
"Lanier","2","32","Georgia","6/6/20","21","11","13173","52.38"
"Laurens","1","109","Georgia","6/6/20","105","4","13175","3.81"
"Lee","1","365","Georgia","6/6/20","361","4","13177","1.11"
"Liberty","1","87","Georgia","6/6/20","82","5","13179","6.1"
"Lincoln","0","16","Georgia","6/6/20","16","0","13181","0"
"Long","0","16","Georgia","6/6/20","16","0","13183","0"
"Lowndes","19","434","Georgia","6/6/20","301","133","13185","44.19"
"Lumpkin","0","102","Georgia","6/6/20","99","3","13187","3.03"
"Macon","1","105","Georgia","6/6/20","101","4","13193","3.96"
"Madison","2","65","Georgia","6/6/20","54","11","13195","20.37"
"Marion","0","59","Georgia","6/6/20","57","2","13197","3.51"
"McDuffie","1","72","Georgia","6/6/20","67","5","13189","7.46"
"McIntosh","0","15","Georgia","6/6/20","16","-1","13191","-6.25"
"Meriwether","3","106","Georgia","6/6/20","85","21","13199","24.71"
"Miller","0","42","Georgia","6/6/20","41","1","13201","2.44"
"Mitchell","1","417","Georgia","6/6/20","408","9","13205","2.21"
"Monroe","0","123","Georgia","6/6/20","120","3","13207","2.5"
"Montgomery","1","13","Georgia","6/6/20","9","4","13209","44.44"
"Morgan","0","39","Georgia","6/6/20","37","2","13211","5.41"
"Murray","2","103","Georgia","6/6/20","90","13","13213","14.44"
"Muscogee","25","776","Georgia","6/6/20","604","172","13215","28.48"
"Newton","5","389","Georgia","6/6/20","352","37","13217","10.51"
"Oconee","1","123","Georgia","6/6/20","116","7","13219","6.03"
"Oglethorpe","1","66","Georgia","6/6/20","61","5","13221","8.2"
"Out of GA","60","2416","Georgia","6/6/20","1995","421","80013","21.1"
"Paulding","4","351","Georgia","6/6/20","326","25","13223","7.67"
"Peach","1","76","Georgia","6/6/20","72","4","13225","5.56"
"Pickens","1","51","Georgia","6/6/20","47","4","13227","8.51"
"Pierce","2","116","Georgia","6/6/20","99","17","13229","17.17"
"Pike","1","60","Georgia","6/6/20","54","6","13231","11.11"
"Polk","3","139","Georgia","6/6/20","118","21","13233","17.8"
"Pulaski","0","43","Georgia","6/6/20","42","1","13235","2.38"
"Putnam","1","100","Georgia","6/6/20","90","10","13237","11.11"
"Quitman","0","13","Georgia","6/6/20","12","1","13239","8.33"
"Rabun","1","26","Georgia","6/6/20","20","6","13241","30"
"Randolph","1","183","Georgia","6/6/20","179","4","13243","2.23"
"Richmond","5","627","Georgia","6/6/20","595","32","13245","5.38"
"Rockdale","3","308","Georgia","6/6/20","285","23","13247","8.07"
"Schley","0","19","Georgia","6/6/20","16","3","13249","18.75"
"Screven","1","57","Georgia","6/6/20","51","6","13251","11.76"
"Seminole","0","46","Georgia","6/6/20","44","2","13253","4.55"
"Spalding","3","294","Georgia","6/6/20","275","19","13255","6.91"
"Stephens","1","144","Georgia","6/6/20","138","6","13257","4.35"
"Stewart","1","56","Georgia","6/6/20","52","4","13259","7.69"
"Sumter","3","493","Georgia","6/6/20","475","18","13261","3.79"
"Talbot","0","41","Georgia","6/6/20","38","3","13263","7.89"
"Taliaferro","0","1","Georgia","6/6/20","1","0","13265","0"
"Tattnall","1","30","Georgia","6/6/20","23","7","13267","30.43"
"Taylor","0","23","Georgia","6/6/20","22","1","13269","4.55"
"Telfair","0","38","Georgia","6/6/20","37","1","13271","2.7"
"Terrell","1","217","Georgia","6/6/20","213","4","13273","1.88"
"Thomas","4","353","Georgia","6/6/20","324","29","13275","8.95"
"Tift","7","305","Georgia","6/6/20","256","49","13277","19.14"
"Toombs","1","62","Georgia","6/6/20","56","6","13279","10.71"
"Towns","1","30","Georgia","6/6/20","24","6","13281","25"
"Treutlen","1","14","Georgia","6/6/20","9","5","13283","55.56"
"Troup","16","416","Georgia","6/6/20","307","109","13285","35.5"
"Turner","3","139","Georgia","6/6/20","118","21","13287","17.8"
"Twiggs","0","18","Georgia","6/6/20","17","1","13289","5.88"
"Union","1","49","Georgia","6/6/20","44","5","13291","11.36"
"Upson","1","290","Georgia","6/6/20","280","10","13293","3.57"
"Walker","7","192","Georgia","6/6/20","141","51","13295","36.17"
"Walton","5","298","Georgia","6/6/20","265","33","13297","12.45"
"Ware","3","247","Georgia","6/6/20","228","19","13299","8.33"
"Warren","0","18","Georgia","6/6/20","18","0","13301","0"
"Washington","0","74","Georgia","6/6/20","74","0","13303","0"
"Wayne","1","25","Georgia","6/6/20","20","5","13305","25"
"Webster","0","14","Georgia","6/6/20","12","2","13307","16.67"
"Wheeler","0","14","Georgia","6/6/20","13","1","13309","7.69"
"White","2","113","Georgia","6/6/20","101","12","13311","11.88"
"Whitfield","16","462","Georgia","6/6/20","351","111","13313","31.62"
"Wilcox","1","117","Georgia","6/6/20","111","6","13315","5.41"
"Wilkes","0","34","Georgia","6/6/20","33","1","13317","3.03"
"Wilkinson","0","71","Georgia","6/6/20","69","2","13319","2.9"
"Worth","3","233","Georgia","6/6/20","210","23","13321","10.95"
"","0","103","Grand Princess","6/6/20","103","0",,"0"
"","1","179","Guam","6/6/20","172","7",,"4.07"
"Hawaii","0","81","Hawaii","6/6/20","81","0","15001","0"
"Honolulu","3","439","Hawaii","6/6/20","421","18","15003","4.28"
"Kauai","0","21","Hawaii","6/6/20","20","1","15007","5"
"Maui","0","120","Hawaii","6/6/20","119","1","15009","0.84"
"Out of HI","0","12","Hawaii","6/6/20","10","2","80015","20"
"Ada","5","838","Idaho","6/6/20","805","33","16001","4.1"
"Adams","0","3","Idaho","6/6/20","3","0","16003","0"
"Bannock","3","47","Idaho","6/6/20","27","20","16005","74.07"
"Benewah","1","18","Idaho","6/6/20","8","10","16009","125"
"Bingham","2","20","Idaho","6/6/20","6","14","16011","233.33"
"Blaine","0","514","Idaho","6/6/20","512","2","16013","0.39"
"Bonner","0","6","Idaho","6/6/20","6","0","16017","0"
"Bonneville","3","60","Idaho","6/6/20","37","23","16019","62.16"
"Camas","0","1","Idaho","6/6/20","1","0","16025","0"
"Canyon","6","340","Idaho","6/6/20","300","40","16027","13.33"
"Caribou","0","3","Idaho","6/6/20","1","2","16029","200"
"Cassia","7","112","Idaho","6/6/20","62","50","16031","80.65"
"Custer","0","2","Idaho","6/6/20","2","0","16037","0"
"Elmore","0","32","Idaho","6/6/20","31","1","16039","3.23"
"Franklin","1","9","Idaho","6/6/20","1","8","16041","800"
"Fremont","0","4","Idaho","6/6/20","3","1","16043","33.33"
"Gem","0","17","Idaho","6/6/20","17","0","16045","0"
"Gooding","1","56","Idaho","6/6/20","47","9","16047","19.15"
"Idaho","0","3","Idaho","6/6/20","3","0","16049","0"
"Jefferson","0","9","Idaho","6/6/20","7","2","16051","28.57"
"Jerome","4","194","Idaho","6/6/20","165","29","16053","17.58"
"Kootenai","2","82","Idaho","6/6/20","67","15","16055","22.39"
"Latah","0","7","Idaho","6/6/20","7","0","16057","0"
"Lemhi","0","1","Idaho","6/6/20","1","0","16059","0"
"Lincoln","0","34","Idaho","6/6/20","33","1","16063","3.03"
"Madison","1","27","Idaho","6/6/20","21","6","16065","28.57"
"Minidoka","4","72","Idaho","6/6/20","46","26","16067","56.52"
"Nez Perce","0","83","Idaho","6/6/20","82","1","16069","1.22"
"Owyhee","0","8","Idaho","6/6/20","8","0","16073","0"
"Payette","0","26","Idaho","6/6/20","23","3","16075","13.04"
"Power","0","7","Idaho","6/6/20","4","3","16077","75"
"Teton","0","11","Idaho","6/6/20","11","0","16081","0"
"Twin Falls","4","445","Idaho","6/6/20","416","29","16083","6.97"
"Valley","0","2","Idaho","6/6/20","2","0","16085","0"
"Washington","1","46","Idaho","6/6/20","38","8","16087","21.05"
"Adams","0","46","Illinois","6/6/20","44","2","17001","4.55"
"Alexander","1","15","Illinois","6/6/20","8","7","17003","87.5"
"Bond","0","12","Illinois","6/6/20","12","0","17005","0"
"Boone","8","500","Illinois","6/6/20","441","59","17007","13.38"
"Brown","0","10","Illinois","6/6/20","10","0","17009","0"
"Bureau","1","21","Illinois","6/6/20","15","6","17011","40"
"Calhoun","0","1","Illinois","6/6/20","1","0","17013","0"
"Carroll","0","17","Illinois","6/6/20","16","1","17015","6.25"
"Cass","0","73","Illinois","6/6/20","73","0","17017","0"
"Champaign","7","679","Illinois","6/6/20","627","52","17019","8.29"
"Christian","0","35","Illinois","6/6/20","35","0","17021","0"
"Clark","0","11","Illinois","6/6/20","11","0","17023","0"
"Clay","0","2","Illinois","6/6/20","2","0","17025","0"
"Clinton","1","193","Illinois","6/6/20","186","7","17027","3.76"
"Coles","2","138","Illinois","6/6/20","126","12","17029","9.52"
"Cook","686","81924","Illinois","6/6/20","77119","4805","17031","6.23"
"Crawford","0","11","Illinois","6/6/20","11","0","17033","0"
"Cumberland","0","10","Illinois","6/6/20","10","0","17035","0"
"De Witt","0","4","Illinois","6/6/20","4","0","17039","0"
"DeKalb","7","451","Illinois","6/6/20","399","52","17037","13.03"
"Douglas","0","28","Illinois","6/6/20","27","1","17041","3.7"
"DuPage","61","8046","Illinois","6/6/20","7620","426","17043","5.59"
"Edgar","0","1","Illinois","6/6/20","1","0","17045","0"
"Edwards","0","2","Illinois","6/6/20","2","0","17047","0"
"Effingham","0","8","Illinois","6/6/20","7","1","17049","14.29"
"Fayette","0","21","Illinois","6/6/20","20","1","17051","5"
"Ford","0","21","Illinois","6/6/20","20","1","17053","5"
"Franklin","0","12","Illinois","6/6/20","12","0","17055","0"
"Fulton","0","12","Illinois","6/6/20","11","1","17057","9.09"
"Gallatin","0","2","Illinois","6/6/20","2","0","17059","0"
"Greene","0","6","Illinois","6/6/20","5","1","17061","20"
"Grundy","2","113","Illinois","6/6/20","98","15","17063","15.31"
"Hamilton","0","2","Illinois","6/6/20","2","0","17065","0"
"Hancock","0","17","Illinois","6/6/20","17","0","17067","0"
"Hardin","0","1","Illinois","6/6/20","1","0","17069","0"
"Henderson","0","8","Illinois","6/6/20","8","0","17071","0"
"Henry","0","70","Illinois","6/6/20","69","1","17073","1.45"
"Iroquois","1","135","Illinois","6/6/20","131","4","17075","3.05"
"Jackson","3","300","Illinois","6/6/20","282","18","17077","6.38"
"Jasper","0","46","Illinois","6/6/20","45","1","17079","2.22"
"Jefferson","0","101","Illinois","6/6/20","101","0","17081","0"
"Jersey","1","24","Illinois","6/6/20","20","4","17083","20"
"Jo Daviess","0","33","Illinois","6/6/20","32","1","17085","3.12"
"Johnson","1","12","Illinois","6/6/20","8","4","17087","50"
"Kane","68","6734","Illinois","6/6/20","6259","475","17089","7.59"
"Kankakee","14","999","Illinois","6/6/20","900","99","17091","11"
"Kendall","10","845","Illinois","6/6/20","778","67","17093","8.61"
"Knox","1","103","Illinois","6/6/20","98","5","17095","5.1"
"Lake","65","8690","Illinois","6/6/20","8238","452","17097","5.49"
"LaSalle","1","160","Illinois","6/6/20","150","10","17099","6.67"
"Lawrence","0","4","Illinois","6/6/20","4","0","17101","0"
"Lee","1","88","Illinois","6/6/20","81","7","17103","8.64"
"Livingston","0","36","Illinois","6/6/20","34","2","17105","5.88"
"Logan","0","10","Illinois","6/6/20","10","0","17107","0"
"Macon","1","202","Illinois","6/6/20","194","8","17115","4.12"
"Macoupin","0","46","Illinois","6/6/20","45","1","17117","2.22"
"Madison","9","634","Illinois","6/6/20","572","62","17119","10.84"
"Marion","1","55","Illinois","6/6/20","50","5","17121","10"
"Marshall","0","5","Illinois","6/6/20","5","0","17123","0"
"Mason","0","18","Illinois","6/6/20","18","0","17125","0"
"Massac","0","7","Illinois","6/6/20","7","0","17127","0"
"McDonough","1","92","Illinois","6/6/20","87","5","17109","5.75"
"McHenry","24","1707","Illinois","6/6/20","1539","168","17111","10.92"
"McLean","1","226","Illinois","6/6/20","218","8","17113","3.67"
"Menard","0","22","Illinois","6/6/20","20","2","17129","10"
"Mercer","0","18","Illinois","6/6/20","17","1","17131","5.88"
"Monroe","1","100","Illinois","6/6/20","95","5","17133","5.26"
"Montgomery","0","41","Illinois","6/6/20","39","2","17135","5.13"
"Morgan","1","46","Illinois","6/6/20","36","10","17137","27.78"
"Moultrie","0","12","Illinois","6/6/20","11","1","17139","9.09"
"Ogle","3","223","Illinois","6/6/20","203","20","17141","9.85"
"Out of IL","0","115","Illinois","6/6/20","118","-3","80017","-2.54"
"Peoria","13","309","Illinois","6/6/20","221","88","17143","39.82"
"Perry","0","42","Illinois","6/6/20","42","0","17145","0"
"Piatt","0","11","Illinois","6/6/20","11","0","17147","0"
"Pike","0","1","Illinois","6/6/20","1","0","17149","0"
"Pope","0","1","Illinois","6/6/20","1","0","17151","0"
"Pulaski","0","58","Illinois","6/6/20","56","2","17153","3.57"
"Putnam","0","1","Illinois","6/6/20","1","0","17155","0"
"Randolph","1","274","Illinois","6/6/20","269","5","17157","1.86"
"Richland","0","4","Illinois","6/6/20","3","1","17159","33.33"
"Rock Island","9","711","Illinois","6/6/20","651","60","17161","9.22"
"Saline","0","7","Illinois","6/6/20","7","0","17165","0"
"Sangamon","2","362","Illinois","6/6/20","348","14","17167","4.02"
"Schuyler","0","13","Illinois","6/6/20","13","0","17169","0"
"Shelby","0","16","Illinois","6/6/20","16","0","17173","0"
"St. Clair","25","1296","Illinois","6/6/20","1121","175","17163","15.61"
"Stark","0","3","Illinois","6/6/20","3","0","17175","0"
"Stephenson","2","214","Illinois","6/6/20","201","13","17177","6.47"
"Tazewell","1","81","Illinois","6/6/20","72","9","17179","12.5"
"Union","2","170","Illinois","6/6/20","155","15","17181","9.68"
"Vermilion","0","42","Illinois","6/6/20","39","3","17183","7.69"
"Wabash","1","12","Illinois","6/6/20","2","10","17185","500"
"Warren","1","125","Illinois","6/6/20","115","10","17187","8.7"
"Washington","0","20","Illinois","6/6/20","18","2","17189","11.11"
"Wayne","0","9","Illinois","6/6/20","9","0","17191","0"
"White","0","2","Illinois","6/6/20","2","0","17193","0"
"Whiteside","2","155","Illinois","6/6/20","139","16","17195","11.51"
"Will","50","5858","Illinois","6/6/20","5510","348","17197","6.32"
"Williamson","1","76","Illinois","6/6/20","66","10","17199","15.15"
"Winnebago","43","2507","Illinois","6/6/20","2209","298","17201","13.49"
"Woodford","0","21","Illinois","6/6/20","19","2","17203","10.53"
"Adams","1","22","Indiana","6/6/20","17","5","18001","29.41"
"Allen","36","1851","Indiana","6/6/20","1600","251","18003","15.69"
"Bartholomew","3","532","Indiana","6/6/20","508","24","18005","4.72"
"Benton","0","32","Indiana","6/6/20","30","2","18007","6.67"
"Blackford","0","28","Indiana","6/6/20","25","3","18009","12"
"Boone","2","328","Indiana","6/6/20","316","12","18011","3.8"
"Brown","0","34","Indiana","6/6/20","33","1","18013","3.03"
"Carroll","0","96","Indiana","6/6/20","93","3","18015","3.23"
"Cass","1","1592","Indiana","6/6/20","1587","5","18017","0.32"
"Clark","7","545","Indiana","6/6/20","497","48","18019","9.66"
"Clay","0","53","Indiana","6/6/20","51","2","18021","3.92"
"Clinton","3","248","Indiana","6/6/20","227","21","18023","9.25"
"Crawford","0","25","Indiana","6/6/20","24","1","18025","4.17"
"Daviess","3","107","Indiana","6/6/20","85","22","18027","25.88"
"Dearborn","1","173","Indiana","6/6/20","168","5","18029","2.98"
"Decatur","1","231","Indiana","6/6/20","224","7","18031","3.12"
"DeKalb","3","55","Indiana","6/6/20","37","18","18033","48.65"
"Delaware","2","399","Indiana","6/6/20","385","14","18035","3.64"
"Dubois","2","216","Indiana","6/6/20","199","17","18037","8.54"
"Elkhart","54","1637","Indiana","6/6/20","1262","375","18039","29.71"
"Fayette","0","79","Indiana","6/6/20","77","2","18041","2.6"
"Floyd","1","323","Indiana","6/6/20","318","5","18043","1.57"
"Fountain","0","22","Indiana","6/6/20","21","1","18045","4.76"
"Franklin","1","117","Indiana","6/6/20","110","7","18047","6.36"
"Fulton","0","51","Indiana","6/6/20","49","2","18049","4.08"
"Gibson","1","20","Indiana","6/6/20","15","5","18051","33.33"
"Grant","4","235","Indiana","6/6/20","210","25","18053","11.9"
"Greene","1","174","Indiana","6/6/20","169","5","18055","2.96"
"Hamilton","7","1203","Indiana","6/6/20","1154","49","18057","4.25"
"Hancock","4","360","Indiana","6/6/20","331","29","18059","8.76"
"Harrison","0","196","Indiana","6/6/20","194","2","18061","1.03"
"Hendricks","7","1212","Indiana","6/6/20","1166","46","18063","3.95"
"Henry","2","186","Indiana","6/6/20","172","14","18065","8.14"
"Howard","6","444","Indiana","6/6/20","404","40","18067","9.9"
"Huntington","2","39","Indiana","6/6/20","27","12","18069","44.44"
"Jackson","3","401","Indiana","6/6/20","382","19","18071","4.97"
"Jasper","1","75","Indiana","6/6/20","66","9","18073","13.64"
"Jay","1","58","Indiana","6/6/20","50","8","18075","16"
"Jefferson","1","49","Indiana","6/6/20","45","4","18077","8.89"
"Jennings","0","132","Indiana","6/6/20","130","2","18079","1.54"
"Johnson","5","1129","Indiana","6/6/20","1097","32","18081","2.92"
"Knox","1","32","Indiana","6/6/20","28","4","18083","14.29"
"Kosciusko","12","209","Indiana","6/6/20","127","82","18085","64.57"
"LaGrange","9","139","Indiana","6/6/20","76","63","18087","82.89"
"Lake","49","3915","Indiana","6/6/20","3573","342","18089","9.57"
"LaPorte","4","455","Indiana","6/6/20","430","25","18091","5.81"
"Lawrence","2","171","Indiana","6/6/20","159","12","18093","7.55"
"Madison","2","603","Indiana","6/6/20","586","17","18095","2.9"
"Marion","74","10276","Indiana","6/6/20","9761","515","18097","5.28"
"Marshall","13","196","Indiana","6/6/20","102","94","18099","92.16"
"Martin","0","14","Indiana","6/6/20","11","3","18101","27.27"
"Miami","1","149","Indiana","6/6/20","140","9","18103","6.43"
"Monroe","1","174","Indiana","6/6/20","167","7","18105","4.19"
"Montgomery","2","252","Indiana","6/6/20","238","14","18107","5.88"
"Morgan","1","287","Indiana","6/6/20","278","9","18109","3.24"
"Newton","1","81","Indiana","6/6/20","77","4","18111","5.19"
"Noble","8","286","Indiana","6/6/20","228","58","18113","25.44"
"Ohio","0","13","Indiana","6/6/20","13","0","18115","0"
"Orange","1","131","Indiana","6/6/20","126","5","18117","3.97"
"Owen","0","36","Indiana","6/6/20","34","2","18119","5.88"
"Parke","0","18","Indiana","6/6/20","17","1","18121","5.88"
"Perry","1","41","Indiana","6/6/20","32","9","18123","28.12"
"Pike","0","6","Indiana","6/6/20","6","0","18125","0"
"Porter","4","564","Indiana","6/6/20","534","30","18127","5.62"
"Posey","0","16","Indiana","6/6/20","16","0","18129","0"
"Pulaski","1","51","Indiana","6/6/20","46","5","18131","10.87"
"Putnam","1","142","Indiana","6/6/20","136","6","18133","4.41"
"Randolph","1","53","Indiana","6/6/20","47","6","18135","12.77"
"Ripley","0","108","Indiana","6/6/20","108","0","18137","0"
"Rush","0","49","Indiana","6/6/20","46","3","18139","6.52"
"Scott","1","128","Indiana","6/6/20","119","9","18143","7.56"
"Shelby","4","397","Indiana","6/6/20","371","26","18145","7.01"
"Spencer","0","22","Indiana","6/6/20","20","2","18147","10"
"St. Joseph","16","1377","Indiana","6/6/20","1266","111","18141","8.77"
"Starke","1","45","Indiana","6/6/20","39","6","18149","15.38"
"Steuben","1","90","Indiana","6/6/20","83","7","18151","8.43"
"Sullivan","0","37","Indiana","6/6/20","35","2","18153","5.71"
"Switzerland","0","21","Indiana","6/6/20","20","1","18155","5"
"Tippecanoe","7","441","Indiana","6/6/20","393","48","18157","12.21"
"Tipton","0","26","Indiana","6/6/20","25","1","18159","4"
"Union","0","10","Indiana","6/6/20","9","1","18161","11.11"
"Vanderburgh","5","299","Indiana","6/6/20","266","33","18163","12.41"
"Vermillion","0","10","Indiana","6/6/20","10","0","18165","0"
"Vigo","2","185","Indiana","6/6/20","168","17","18167","10.12"
"Wabash","1","83","Indiana","6/6/20","77","6","18169","7.79"
"Warren","0","13","Indiana","6/6/20","12","1","18171","8.33"
"Warrick","0","167","Indiana","6/6/20","166","1","18173","0.6"
"Washington","0","51","Indiana","6/6/20","52","-1","18175","-1.92"
"Wayne","2","90","Indiana","6/6/20","78","12","18177","15.38"
"Wells","1","38","Indiana","6/6/20","31","7","18179","22.58"
"White","1","243","Indiana","6/6/20","233","10","18181","4.29"
"Whitley","1","48","Indiana","6/6/20","41","7","18183","17.07"
"Adair","0","9","Iowa","6/6/20","9","0","19001","0"
"Adams","0","7","Iowa","6/6/20","7","0","19003","0"
"Allamakee","0","120","Iowa","6/6/20","120","0","19005","0"
"Appanoose","0","17","Iowa","6/6/20","15","2","19007","13.33"
"Audubon","0","13","Iowa","6/6/20","12","1","19009","8.33"
"Benton","0","43","Iowa","6/6/20","41","2","19011","4.88"
"Black Hawk","7","1789","Iowa","6/6/20","1739","50","19013","2.88"
"Boone","2","72","Iowa","6/6/20","61","11","19015","18.03"
"Bremer","0","71","Iowa","6/6/20","69","2","19017","2.9"
"Buchanan","0","34","Iowa","6/6/20","33","1","19019","3.03"
"Buena Vista","54","1112","Iowa","6/6/20","735","377","19021","51.29"
"Butler","0","16","Iowa","6/6/20","15","1","19023","6.67"
"Calhoun","1","11","Iowa","6/6/20","2","9","19025","450"
"Carroll","1","16","Iowa","6/6/20","9","7","19027","77.78"
"Cass","0","13","Iowa","6/6/20","12","1","19029","8.33"
"Cedar","1","50","Iowa","6/6/20","46","4","19031","8.7"
"Cerro Gordo","1","34","Iowa","6/6/20","28","6","19033","21.43"
"Cherokee","3","46","Iowa","6/6/20","28","18","19035","64.29"
"Chickasaw","0","13","Iowa","6/6/20","10","3","19037","30"
"Clarke","3","71","Iowa","6/6/20","53","18","19039","33.96"
"Clay","2","29","Iowa","6/6/20","15","14","19041","93.33"
"Clayton","0","34","Iowa","6/6/20","34","0","19043","0"
"Clinton","1","65","Iowa","6/6/20","61","4","19045","6.56"
"Crawford","8","567","Iowa","6/6/20","514","53","19047","10.31"
"Dallas","9","957","Iowa","6/6/20","892","65","19049","7.29"
"Davis","1","28","Iowa","6/6/20","21","7","19051","33.33"
"Decatur","0","2","Iowa","6/6/20","1","1","19053","100"
"Delaware","1","19","Iowa","6/6/20","15","4","19055","26.67"
"Des Moines","1","68","Iowa","6/6/20","62","6","19057","9.68"
"Dickinson","3","41","Iowa","6/6/20","20","21","19059","105"
"Dubuque","2","362","Iowa","6/6/20","345","17","19061","4.93"
"Emmet","2","28","Iowa","6/6/20","14","14","19063","100"
"Fayette","0","27","Iowa","6/6/20","27","0","19065","0"
"Floyd","0","19","Iowa","6/6/20","19","0","19067","0"
"Franklin","2","25","Iowa","6/6/20","13","12","19069","92.31"
"Fremont","0","4","Iowa","6/6/20","4","0","19071","0"
"Greene","0","15","Iowa","6/6/20","13","2","19073","15.38"
"Grundy","0","19","Iowa","6/6/20","20","-1","19075","-5"
"Guthrie","1","55","Iowa","6/6/20","50","5","19077","10"
"Hamilton","7","81","Iowa","6/6/20","35","46","19079","131.43"
"Hancock","0","18","Iowa","6/6/20","16","2","19081","12.5"
"Hardin","2","30","Iowa","6/6/20","16","14","19083","87.5"
"Harrison","1","26","Iowa","6/6/20","22","4","19085","18.18"
"Henry","0","74","Iowa","6/6/20","71","3","19087","4.23"
"Howard","0","12","Iowa","6/6/20","12","0","19089","0"
"Humboldt","0","20","Iowa","6/6/20","17","3","19091","17.65"
"Ida","0","15","Iowa","6/6/20","14","1","19093","7.14"
"Iowa","0","33","Iowa","6/6/20","33","0","19095","0"
"Jackson","0","14","Iowa","6/6/20","12","2","19097","16.67"
"Jasper","1","269","Iowa","6/6/20","261","8","19099","3.07"
"Jefferson","2","36","Iowa","6/6/20","23","13","19101","56.52"
"Johnson","1","624","Iowa","6/6/20","614","10","19103","1.63"
"Jones","0","37","Iowa","6/6/20","36","1","19105","2.78"
"Keokuk","0","15","Iowa","6/6/20","15","0","19107","0"
"Kossuth","1","16","Iowa","6/6/20","9","7","19109","77.78"
"Lee","1","30","Iowa","6/6/20","25","5","19111","20"
"Linn","5","981","Iowa","6/6/20","949","32","19113","3.37"
"Louisa","1","350","Iowa","6/6/20","343","7","19115","2.04"
"Lucas","1","22","Iowa","6/6/20","17","5","19117","29.41"
"Lyon","1","25","Iowa","6/6/20","21","4","19119","19.05"
"Madison","0","29","Iowa","6/6/20","28","1","19121","3.57"
"Mahaska","1","99","Iowa","6/6/20","93","6","19123","6.45"
"Marion","0","35","Iowa","6/6/20","32","3","19125","9.38"
"Marshall","4","919","Iowa","6/6/20","892","27","19127","3.03"
"Mills","0","20","Iowa","6/6/20","19","1","19129","5.26"
"Mitchell","0","4","Iowa","6/6/20","4","0","19131","0"
"Monona","0","27","Iowa","6/6/20","24","3","19133","12.5"
"Monroe","1","43","Iowa","6/6/20","38","5","19135","13.16"
"Montgomery","0","9","Iowa","6/6/20","7","2","19137","28.57"
"Muscatine","2","568","Iowa","6/6/20","556","12","19139","2.16"
"O'Brien","3","46","Iowa","6/6/20","27","19","19141","70.37"
"Osceola","1","37","Iowa","6/6/20","33","4","19143","12.12"
"Page","0","16","Iowa","6/6/20","13","3","19145","23.08"
"Palo Alto","0","7","Iowa","6/6/20","6","1","19147","16.67"
"Plymouth","4","155","Iowa","6/6/20","129","26","19149","20.16"
"Pocahontas","1","20","Iowa","6/6/20","11","9","19151","81.82"
"Polk","74","4679","Iowa","6/6/20","4160","519","19153","12.48"
"Pottawattamie","12","341","Iowa","6/6/20","257","84","19155","32.68"
"Poweshiek","0","92","Iowa","6/6/20","90","2","19157","2.22"
"Ringgold","0","4","Iowa","6/6/20","4","0","19159","0"
"Sac","2","30","Iowa","6/6/20","18","12","19161","66.67"
"Scott","4","384","Iowa","6/6/20","358","26","19163","7.26"
"Shelby","0","38","Iowa","6/6/20","37","1","19165","2.7"
"Sioux","13","311","Iowa","6/6/20","219","92","19167","42.01"
"Story","5","143","Iowa","6/6/20","109","34","19169","31.19"
"Tama","2","413","Iowa","6/6/20","402","11","19171","2.74"
"Taylor","2","66","Iowa","6/6/20","54","12","19173","22.22"
"Union","0","10","Iowa","6/6/20","7","3","19175","42.86"
"Van Buren","0","9","Iowa","6/6/20","9","0","19177","0"
"Wapello","12","641","Iowa","6/6/20","558","83","19179","14.87"
"Warren","7","173","Iowa","6/6/20","126","47","19181","37.3"
"Washington","2","199","Iowa","6/6/20","188","11","19183","5.85"
"Wayne","0","2","Iowa","6/6/20","1","1","19185","100"
"Webster","6","78","Iowa","6/6/20","39","39","19187","100"
"Winnebago","0","11","Iowa","6/6/20","11","0","19189","0"
"Winneshiek","0","24","Iowa","6/6/20","24","0","19191","0"
"Woodbury","23","2900","Iowa","6/6/20","2740","160","19193","5.84"
"Worth","0","3","Iowa","6/6/20","3","0","19195","0"
"Wright","10","235","Iowa","6/6/20","167","68","19197","40.72"
"Allen","0","1","Kansas","6/6/20","1","0","20001","0"
"Anderson","0","1","Kansas","6/6/20","1","0","20003","0"
"Atchison","0","23","Kansas","6/6/20","22","1","20005","4.55"
"Barber","0","1","Kansas","6/6/20","1","0","20007","0"
"Barton","0","44","Kansas","6/6/20","45","-1","20009","-2.22"
"Bourbon","0","8","Kansas","6/6/20","7","1","20011","14.29"
"Brown","0","7","Kansas","6/6/20","6","1","20013","16.67"
"Butler","1","37","Kansas","6/6/20","31","6","20015","19.35"
"Chase","0","4","Kansas","6/6/20","4","0","20017","0"
"Chautauqua","0","4","Kansas","6/6/20","4","0","20019","0"
"Cherokee","0","10","Kansas","6/6/20","10","0","20021","0"
"Cheyenne","0","2","Kansas","6/6/20","2","0","20023","0"
"Clark","0","33","Kansas","6/6/20","33","0","20025","0"
"Clay","0","5","Kansas","6/6/20","5","0","20027","0"
"Cloud","0","5","Kansas","6/6/20","5","0","20029","0"
"Coffey","0","51","Kansas","6/6/20","50","1","20031","2"
"Comanche","0","2","Kansas","6/6/20","2","0","20033","0"
"Cowley","2","17","Kansas","6/6/20","5","12","20035","240"
"Crawford","0","8","Kansas","6/6/20","8","0","20037","0"
"Dickinson","0","5","Kansas","6/6/20","3","2","20041","66.67"
"Doniphan","0","18","Kansas","6/6/20","15","3","20043","20"
"Douglas","1","70","Kansas","6/6/20","66","4","20045","6.06"
"Edwards","0","5","Kansas","6/6/20","5","0","20047","0"
"Ellis","0","10","Kansas","6/6/20","8","2","20051","25"
"Ellsworth","0","2","Kansas","6/6/20","2","0","20053","0"
"Finney","6","1526","Kansas","6/6/20","1481","45","20055","3.04"
"Ford","12","1819","Kansas","6/6/20","1732","87","20057","5.02"
"Franklin","0","35","Kansas","6/6/20","34","1","20059","2.94"
"Geary","1","26","Kansas","6/6/20","20","6","20061","30"
"Gove","0","1","Kansas","6/6/20","1","0","20063","0"
"Grant","0","18","Kansas","6/6/20","18","0","20067","0"
"Gray","0","23","Kansas","6/6/20","22","1","20069","4.55"
"Greenwood","0","9","Kansas","6/6/20","9","0","20073","0"
"Hamilton","0","20","Kansas","6/6/20","17","3","20075","17.65"
"Harper","0","2","Kansas","6/6/20","2","0","20077","0"
"Harvey","0","11","Kansas","6/6/20","11","0","20079","0"
"Haskell","0","22","Kansas","6/6/20","21","1","20081","4.76"
"Hodgeman","0","5","Kansas","6/6/20","5","0","20083","0"
"Jackson","1","102","Kansas","6/6/20","96","6","20085","6.25"
"Jefferson","0","22","Kansas","6/6/20","22","0","20087","0"
"Jewell","0","4","Kansas","6/6/20","4","0","20089","0"
"Johnson","17","931","Kansas","6/6/20","812","119","20091","14.66"
"Kearny","0","45","Kansas","6/6/20","45","0","20093","0"
"Kiowa","0","3","Kansas","6/6/20","2","1","20097","50"
"Labette","0","22","Kansas","6/6/20","22","0","20099","0"
"Lane","0","4","Kansas","6/6/20","3","1","20101","33.33"
"Leavenworth","3","1100","Kansas","6/6/20","1082","18","20103","1.66"
"Linn","0","11","Kansas","6/6/20","11","0","20107","0"
"Lyon","5","387","Kansas","6/6/20","354","33","20111","9.32"
"Marion","0","5","Kansas","6/6/20","5","0","20115","0"
"McPherson","1","33","Kansas","6/6/20","27","6","20113","22.22"
"Meade","0","30","Kansas","6/6/20","29","1","20119","3.45"
"Miami","0","7","Kansas","6/6/20","7","0","20121","0"
"Mitchell","0","4","Kansas","6/6/20","4","0","20123","0"
"Montgomery","0","20","Kansas","6/6/20","20","0","20125","0"
"Morris","0","5","Kansas","6/6/20","5","0","20127","0"
"Morton","0","6","Kansas","6/6/20","5","1","20129","20"
"Nemaha","0","19","Kansas","6/6/20","16","3","20131","18.75"
"Neosho","0","2","Kansas","6/6/20","2","0","20133","0"
"Ness","0","4","Kansas","6/6/20","1","3","20135","300"
"Norton","0","2","Kansas","6/6/20","2","0","20137","0"
"Osage","0","9","Kansas","6/6/20","7","2","20139","28.57"
"Osborne","0","2","Kansas","6/6/20","2","0","20141","0"
"Ottawa","0","4","Kansas","6/6/20","4","0","20143","0"
"Pawnee","0","2","Kansas","6/6/20","0","2","20145","1"
"Phillips","0","2","Kansas","6/6/20","2","0","20147","0"
"Pottawatomie","0","27","Kansas","6/6/20","25","2","20149","8"
"Pratt","0","2","Kansas","6/6/20","2","0","20151","0"
"Reno","0","45","Kansas","6/6/20","43","2","20155","4.65"
"Republic","0","4","Kansas","6/6/20","4","0","20157","0"
"Rice","0","4","Kansas","6/6/20","4","0","20159","0"
"Riley","1","68","Kansas","6/6/20","64","4","20161","6.25"
"Rooks","0","7","Kansas","6/6/20","6","1","20163","16.67"
"Saline","0","25","Kansas","6/6/20","25","0","20169","0"
"Scott","0","14","Kansas","6/6/20","14","0","20171","0"
"Sedgwick","9","640","Kansas","6/6/20","580","60","20173","10.34"
"Seward","1","891","Kansas","6/6/20","883","8","20175","0.91"
"Shawnee","10","372","Kansas","6/6/20","300","72","20177","24"
"Sheridan","0","2","Kansas","6/6/20","2","0","20179","0"
"Sherman","0","7","Kansas","6/6/20","7","0","20181","0"
"Smith","0","2","Kansas","6/6/20","2","0","20183","0"
"Stafford","0","1","Kansas","6/6/20","1","0","20185","0"
"Stanton","0","10","Kansas","6/6/20","9","1","20187","11.11"
"Stevens","0","30","Kansas","6/6/20","30","0","20189","0"
"Sumner","0","8","Kansas","6/6/20","8","0","20191","0"
"Trego","0","1","Kansas","6/6/20","1","0","20195","0"
"Wabaunsee","0","31","Kansas","6/6/20","31","0","20197","0"
"Wilson","0","1","Kansas","6/6/20","1","0","20205","0"
"Woodson","0","6","Kansas","6/6/20","6","0","20207","0"
"Wyandotte","21","1486","Kansas","6/6/20","1337","149","20209","11.14"
"Adair","0","99","Kentucky","6/6/20","97","2","21001","2.06"
"Allen","5","102","Kentucky","6/6/20","70","32","21003","45.71"
"Anderson","1","25","Kentucky","6/6/20","18","7","21005","38.89"
"Ballard","0","13","Kentucky","6/6/20","12","1","21007","8.33"
"Barren","1","53","Kentucky","6/6/20","45","8","21009","17.78"
"Bath","0","9","Kentucky","6/6/20","9","0","21011","0"
"Bell","0","2","Kentucky","6/6/20","1","1","21013","100"
"Boone","11","516","Kentucky","6/6/20","436","80","21015","18.35"
"Bourbon","0","14","Kentucky","6/6/20","11","3","21017","27.27"
"Boyd","0","42","Kentucky","6/6/20","39","3","21019","7.69"
"Boyle","0","28","Kentucky","6/6/20","25","3","21021","12"
"Bracken","0","14","Kentucky","6/6/20","12","2","21023","16.67"
"Breathitt","0","3","Kentucky","6/6/20","3","0","21025","0"
"Breckinridge","0","19","Kentucky","6/6/20","17","2","21027","11.76"
"Bullitt","1","121","Kentucky","6/6/20","111","10","21029","9.01"
"Butler","1","237","Kentucky","6/6/20","228","9","21031","3.95"
"Caldwell","0","12","Kentucky","6/6/20","12","0","21033","0"
"Calloway","1","55","Kentucky","6/6/20","50","5","21035","10"
"Campbell","3","196","Kentucky","6/6/20","173","23","21037","13.29"
"Carlisle","0","5","Kentucky","6/6/20","5","0","21039","0"
"Carroll","0","15","Kentucky","6/6/20","12","3","21041","25"
"Carter","1","17","Kentucky","6/6/20","11","6","21043","54.55"
"Casey","1","8","Kentucky","6/6/20","3","5","21045","166.67"
"Christian","2","127","Kentucky","6/6/20","110","17","21047","15.45"
"Clark","2","58","Kentucky","6/6/20","41","17","21049","41.46"
"Clay","0","8","Kentucky","6/6/20","7","1","21051","14.29"
"Clinton","0","5","Kentucky","6/6/20","3","2","21053","66.67"
"Crittenden","0","7","Kentucky","6/6/20","6","1","21055","16.67"
"Cumberland","0","5","Kentucky","6/6/20","5","0","21057","0"
"Daviess","3","340","Kentucky","6/6/20","317","23","21059","7.26"
"Edmonson","0","58","Kentucky","6/6/20","56","2","21061","3.57"
"Elliott","0","1","Kentucky","6/6/20","1","0","21063","0"
"Estill","0","1","Kentucky","6/6/20","0","1","21065","1"
"Fayette","20","854","Kentucky","6/6/20","714","140","21067","19.61"
"Fleming","0","2","Kentucky","6/6/20","3","-1","21069","-33.33"
"Floyd","0","17","Kentucky","6/6/20","16","1","21071","6.25"
"Franklin","6","77","Kentucky","6/6/20","38","39","21073","102.63"
"Fulton","1","11","Kentucky","6/6/20","7","4","21075","57.14"
"Gallatin","1","46","Kentucky","6/6/20","36","10","21077","27.78"
"Garrard","0","5","Kentucky","6/6/20","5","0","21079","0"
"Grant","1","47","Kentucky","6/6/20","42","5","21081","11.9"
"Graves","0","166","Kentucky","6/6/20","165","1","21083","0.61"
"Grayson","2","135","Kentucky","6/6/20","124","11","21085","8.87"
"Green","0","2","Kentucky","6/6/20","1","1","21087","100"
"Greenup","0","14","Kentucky","6/6/20","14","0","21089","0"
"Hancock","0","7","Kentucky","6/6/20","7","0","21091","0"
"Hardin","3","120","Kentucky","6/6/20","102","18","21093","17.65"
"Harlan","0","4","Kentucky","6/6/20","1","3","21095","300"
"Harrison","1","28","Kentucky","6/6/20","18","10","21097","55.56"
"Hart","1","27","Kentucky","6/6/20","22","5","21099","22.73"
"Henderson","1","119","Kentucky","6/6/20","110","9","21101","8.18"
"Henry","0","24","Kentucky","6/6/20","22","2","21103","9.09"
"Hickman","0","5","Kentucky","6/6/20","5","0","21105","0"
"Hopkins","0","224","Kentucky","6/6/20","221","3","21107","1.36"
"Jackson","0","61","Kentucky","6/6/20","61","0","21109","0"
"Jefferson","87","3043","Kentucky","6/6/20","2437","606","21111","24.87"
"Jessamine","2","73","Kentucky","6/6/20","62","11","21113","17.74"
"Johnson","0","5","Kentucky","6/6/20","5","0","21115","0"
"Kenton","12","671","Kentucky","6/6/20","585","86","21117","14.7"
"Knott","0","4","Kentucky","6/6/20","4","0","21119","0"
"Knox","0","10","Kentucky","6/6/20","8","2","21121","25"
"Larue","0","11","Kentucky","6/6/20","8","3","21123","37.5"
"Laurel","0","21","Kentucky","6/6/20","21","0","21125","0"
"Lawrence","0","5","Kentucky","6/6/20","2","3","21127","150"
"Lee","0","1","Kentucky","6/6/20","1","0","21129","0"
"Leslie","0","6","Kentucky","6/6/20","6","0","21131","0"
"Letcher","0","3","Kentucky","6/6/20","4","-1","21133","-25"
"Lewis","0","7","Kentucky","6/6/20","7","0","21135","0"
"Lincoln","0","11","Kentucky","6/6/20","8","3","21137","37.5"
"Livingston","0","9","Kentucky","6/6/20","9","0","21139","0"
"Logan","3","168","Kentucky","6/6/20","145","23","21141","15.86"
"Lyon","0","17","Kentucky","6/6/20","15","2","21143","13.33"
"Madison","1","59","Kentucky","6/6/20","55","4","21151","7.27"
"Magoffin","0","2","Kentucky","6/6/20","2","0","21153","0"
"Marion","2","34","Kentucky","6/6/20","21","13","21155","61.9"
"Marshall","0","37","Kentucky","6/6/20","38","-1","21157","-2.63"
"Martin","0","3","Kentucky","6/6/20","3","0","21159","0"
"Mason","0","12","Kentucky","6/6/20","9","3","21161","33.33"
"McCracken","2","112","Kentucky","6/6/20","95","17","21145","17.89"
"McCreary","0","13","Kentucky","6/6/20","13","0","21147","0"
"McLean","0","22","Kentucky","6/6/20","22","0","21149","0"
"Meade","0","23","Kentucky","6/6/20","22","1","21163","4.55"
"Menifee","0","10","Kentucky","6/6/20","10","0","21165","0"
"Mercer","0","15","Kentucky","6/6/20","13","2","21167","15.38"
"Metcalfe","0","7","Kentucky","6/6/20","6","1","21169","16.67"
"Monroe","1","25","Kentucky","6/6/20","17","8","21171","47.06"
"Montgomery","1","30","Kentucky","6/6/20","24","6","21173","25"
"Morgan","0","3","Kentucky","6/6/20","1","2","21175","200"
"Muhlenberg","0","485","Kentucky","6/6/20","483","2","21177","0.41"
"Nelson","1","45","Kentucky","6/6/20","41","4","21179","9.76"
"Nicholas","0","4","Kentucky","6/6/20","3","1","21181","33.33"
"Ohio","1","151","Kentucky","6/6/20","144","7","21183","4.86"
"Oldham","4","109","Kentucky","6/6/20","83","26","21185","31.33"
"Owen","0","3","Kentucky","6/6/20","2","1","21187","50"
"Owsley","0","2","Kentucky","6/6/20","2","0","21189","0"
"Pendleton","1","14","Kentucky","6/6/20","9","5","21191","55.56"
"Perry","0","22","Kentucky","6/6/20","19","3","21193","15.79"
"Pike","1","36","Kentucky","6/6/20","29","7","21195","24.14"
"Powell","0","1","Kentucky","6/6/20","1","0","21197","0"
"Pulaski","1","65","Kentucky","6/6/20","58","7","21199","12.07"
"Rockcastle","0","13","Kentucky","6/6/20","13","0","21203","0"
"Rowan","0","8","Kentucky","6/6/20","7","1","21205","14.29"
"Russell","1","30","Kentucky","6/6/20","24","6","21207","25"
"Scott","0","37","Kentucky","6/6/20","35","2","21209","5.71"
"Shelby","7","216","Kentucky","6/6/20","164","52","21211","31.71"
"Simpson","0","54","Kentucky","6/6/20","52","2","21213","3.85"
"Spencer","0","25","Kentucky","6/6/20","22","3","21215","13.64"
"Taylor","0","13","Kentucky","6/6/20","11","2","21217","18.18"
"Todd","1","23","Kentucky","6/6/20","17","6","21219","35.29"
"Trigg","0","11","Kentucky","6/6/20","10","1","21221","10"
"Trimble","0","6","Kentucky","6/6/20","6","0","21223","0"
"Union","1","15","Kentucky","6/6/20","11","4","21225","36.36"
"Warren","15","1112","Kentucky","6/6/20","1007","105","21227","10.43"
"Washington","0","8","Kentucky","6/6/20","6","2","21229","33.33"
"Wayne","0","9","Kentucky","6/6/20","8","1","21231","12.5"
"Webster","0","34","Kentucky","6/6/20","32","2","21233","6.25"
"Whitley","0","13","Kentucky","6/6/20","13","0","21235","0"
"Wolfe","0","1","Kentucky","6/6/20","1","0","21237","0"
"Woodford","1","33","Kentucky","6/6/20","27","6","21239","22.22"
"Acadia","13","500","Louisiana","6/6/20","412","88","22001","21.36"
"Allen","0","186","Louisiana","6/6/20","184","2","22003","1.09"
"Ascension","8","876","Louisiana","6/6/20","817","59","22005","7.22"
"Assumption","0","254","Louisiana","6/6/20","251","3","22007","1.2"
"Avoyelles","4","155","Louisiana","6/6/20","125","30","22009","24"
"Beauregard","5","102","Louisiana","6/6/20","66","36","22011","54.55"
"Bienville","1","152","Louisiana","6/6/20","144","8","22013","5.56"
"Bossier","6","453","Louisiana","6/6/20","412","41","22015","9.95"
"Caddo","27","2713","Louisiana","6/6/20","2525","188","22017","7.45"
"Calcasieu","5","632","Louisiana","6/6/20","596","36","22019","6.04"
"Caldwell","3","71","Louisiana","6/6/20","53","18","22021","33.96"
"Cameron","1","9","Louisiana","6/6/20","5","4","22023","80"
"Catahoula","1","120","Louisiana","6/6/20","113","7","22025","6.19"
"Claiborne","0","66","Louisiana","6/6/20","66","0","22027","0"
"Concordia","1","96","Louisiana","6/6/20","87","9","22029","10.34"
"De Soto","2","262","Louisiana","6/6/20","246","16","22031","6.5"
"East Baton Rouge","46","3911","Louisiana","6/6/20","3591","320","22033","8.91"
"East Carroll","7","187","Louisiana","6/6/20","138","49","22035","35.51"
"East Feliciana","1","201","Louisiana","6/6/20","194","7","22037","3.61"
"Evangeline","1","82","Louisiana","6/6/20","78","4","22039","5.13"
"Franklin","10","384","Louisiana","6/6/20","314","70","22041","22.29"
"Grant","1","36","Louisiana","6/6/20","28","8","22043","28.57"
"Iberia","2","424","Louisiana","6/6/20","407","17","22045","4.18"
"Iberville","4","593","Louisiana","6/6/20","564","29","22047","5.14"
"Jackson","3","130","Louisiana","6/6/20","106","24","22049","22.64"
"Jefferson","42","7831","Louisiana","6/6/20","7536","295","22051","3.91"
"Jefferson Davis","2","89","Louisiana","6/6/20","76","13","22053","17.11"
"Lafayette","15","866","Louisiana","6/6/20","763","103","22055","13.5"
"Lafourche","12","896","Louisiana","6/6/20","809","87","22057","10.75"
"LaSalle","1","59","Louisiana","6/6/20","51","8","22059","15.69"
"Lincoln","2","169","Louisiana","6/6/20","152","17","22061","11.18"
"Livingston","6","460","Louisiana","6/6/20","417","43","22063","10.31"
"Madison","16","199","Louisiana","6/6/20","90","109","22065","121.11"
"Morehouse","2","133","Louisiana","6/6/20","121","12","22067","9.92"
"Natchitoches","1","175","Louisiana","6/6/20","168","7","22069","4.17"
"Orleans","16","7222","Louisiana","6/6/20","7108","114","22071","1.6"
"Ouachita","30","1432","Louisiana","6/6/20","1219","213","22073","17.47"
"Plaquemines","1","218","Louisiana","6/6/20","211","7","22075","3.32"
"Pointe Coupee","2","212","Louisiana","6/6/20","195","17","22077","8.72"
"Rapides","20","926","Louisiana","6/6/20","783","143","22079","18.26"
"Red River","0","51","Louisiana","6/6/20","50","1","22081","2"
"Richland","3","149","Louisiana","6/6/20","128","21","22083","16.41"
"Sabine","1","51","Louisiana","6/6/20","46","5","22085","10.87"
"St. Bernard","2","549","Louisiana","6/6/20","536","13","22087","2.43"
"St. Charles","2","649","Louisiana","6/6/20","637","12","22089","1.88"
"St. Helena","1","55","Louisiana","6/6/20","51","4","22091","7.84"
"St. James","1","304","Louisiana","6/6/20","294","10","22093","3.4"
"St. John the Baptist","2","875","Louisiana","6/6/20","858","17","22095","1.98"
"St. Landry","8","309","Louisiana","6/6/20","255","54","22097","21.18"
"St. Martin","-1","285","Louisiana","6/6/20","294","-9","22099","-3.06"
"St. Mary","3","337","Louisiana","6/6/20","317","20","22101","6.31"
"St. Tammany","16","1837","Louisiana","6/6/20","1724","113","22103","6.55"
"Tangipahoa","12","935","Louisiana","6/6/20","854","81","22105","9.48"
"Tensas","1","21","Louisiana","6/6/20","11","10","22107","90.91"
"Terrebonne","10","738","Louisiana","6/6/20","667","71","22109","10.64"
"Union","4","344","Louisiana","6/6/20","313","31","22111","9.9"
"Vermilion","1","61","Louisiana","6/6/20","53","8","22113","15.09"
"Vernon","1","33","Louisiana","6/6/20","25","8","22115","32"
"Washington","6","462","Louisiana","6/6/20","419","43","22117","10.26"
"Webster","5","179","Louisiana","6/6/20","147","32","22119","21.77"
"West Baton Rouge","3","183","Louisiana","6/6/20","161","22","22121","13.66"
"West Carroll","2","74","Louisiana","6/6/20","61","13","22123","21.31"
"West Feliciana","2","220","Louisiana","6/6/20","208","12","22125","5.77"
"Winn","3","183","Louisiana","6/6/20","163","20","22127","12.27"
"Androscoggin","8","346","Maine","6/6/20","287","59","23001","20.56"
"Aroostook","0","10","Maine","6/6/20","10","0","23003","0"
"Cumberland","21","1290","Maine","6/6/20","1146","144","23005","12.57"
"Franklin","0","36","Maine","6/6/20","36","0","23007","0"
"Hancock","0","12","Maine","6/6/20","11","1","23009","9.09"
"Kennebec","0","130","Maine","6/6/20","128","2","23011","1.56"
"Knox","0","21","Maine","6/6/20","20","1","23013","5"
"Lincoln","0","20","Maine","6/6/20","20","0","23015","0"
"Oxford","0","32","Maine","6/6/20","33","-1","23017","-3.03"
"Penobscot","0","101","Maine","6/6/20","100","1","23019","1"
"Piscataquis","0","1","Maine","6/6/20","1","0","23021","0"
"Sagadahoc","0","30","Maine","6/6/20","30","0","23023","0"
"Somerset","0","22","Maine","6/6/20","22","0","23025","0"
"Waldo","0","52","Maine","6/6/20","51","1","23027","1.96"
"Washington","0","1","Maine","6/6/20","2","-1","23029","-50"
"York","6","420","Maine","6/6/20","381","39","23031","10.24"
"Allegany","1","184","Maryland","6/6/20","177","7","24001","3.95"
"Anne Arundel","67","4210","Maryland","6/6/20","3743","467","24003","12.48"
"Baltimore","106","6696","Maryland","6/6/20","5955","741","24005","12.44"
"Baltimore City","82","6141","Maryland","6/6/20","5564","577","24510","10.37"
"Calvert","3","354","Maryland","6/6/20","334","20","24009","5.99"
"Caroline","2","270","Maryland","6/6/20","253","17","24011","6.72"
"Carroll","10","950","Maryland","6/6/20","880","70","24013","7.95"
"Cecil","5","399","Maryland","6/6/20","366","33","24015","9.02"
"Charles","16","1196","Maryland","6/6/20","1085","111","24017","10.23"
"Dorchester","2","154","Maryland","6/6/20","141","13","24019","9.22"
"Frederick","30","2100","Maryland","6/6/20","1890","210","24021","11.11"
"Garrett","0","10","Maryland","6/6/20","10","0","24023","0"
"Harford","12","947","Maryland","6/6/20","861","86","24025","9.99"
"Howard","27","2094","Maryland","6/6/20","1905","189","24027","9.92"
"Kent","2","185","Maryland","6/6/20","170","15","24029","8.82"
"Montgomery","196","12624","Maryland","6/6/20","11251","1373","24031","12.2"
"Prince George's","185","16316","Maryland","6/6/20","15022","1294","24033","8.61"
"Queen Anne's","1","168","Maryland","6/6/20","159","9","24035","5.66"
"Somerset","0","76","Maryland","6/6/20","73","3","24039","4.11"
"St. Mary's","11","548","Maryland","6/6/20","471","77","24037","16.35"
"Talbot","2","108","Maryland","6/6/20","96","12","24041","12.5"
"Washington","13","545","Maryland","6/6/20","456","89","24043","19.52"
"Wicomico","5","975","Maryland","6/6/20","943","32","24045","3.39"
"Worcester","3","232","Maryland","6/6/20","210","22","24047","10.48"
"Barnstable","5","1450","Massachusetts","6/6/20","1413","37","25001","2.62"
"Berkshire","1","573","Massachusetts","6/6/20","567","6","25003","1.06"
"Bristol","55","7635","Massachusetts","6/6/20","7251","384","25005","5.3"
"Dukes and Nantucket","0","55","Massachusetts","6/6/20","52","3","00000","5.77"
"Essex","92","15170","Massachusetts","6/6/20","14528","642","25009","4.42"
"Franklin","1","338","Massachusetts","6/6/20","334","4","25011","1.2"
"Hampden","32","6337","Massachusetts","6/6/20","6110","227","25013","3.72"
"Hampshire","3","904","Massachusetts","6/6/20","885","19","25015","2.15"
"Middlesex","101","22686","Massachusetts","6/6/20","21976","710","25017","3.23"
"Norfolk","26","8689","Massachusetts","6/6/20","8504","185","25021","2.18"
"Plymouth","31","8347","Massachusetts","6/6/20","8128","219","25023","2.69"
"Suffolk","70","18955","Massachusetts","6/6/20","18467","488","25025","2.64"
"Worcester","73","11696","Massachusetts","6/6/20","11184","512","25027","4.58"
"Alcona","0","20","Michigan","6/6/20","17","3","26001","17.65"
"Allegan","3","273","Michigan","6/6/20","254","19","26005","7.48"
"Alpena","2","112","Michigan","6/6/20","101","11","26007","10.89"
"Antrim","0","14","Michigan","6/6/20","13","1","26009","7.69"
"Arenac","0","38","Michigan","6/6/20","38","0","26011","0"
"Baraga","0","1","Michigan","6/6/20","1","0","26013","0"
"Barry","1","87","Michigan","6/6/20","79","8","26015","10.13"
"Bay","4","370","Michigan","6/6/20","339","31","26017","9.14"
"Benzie","0","5","Michigan","6/6/20","4","1","26019","25"
"Berrien","7","802","Michigan","6/6/20","752","50","26021","6.65"
"Branch","3","153","Michigan","6/6/20","129","24","26023","18.6"
"Calhoun","8","466","Michigan","6/6/20","410","56","26025","13.66"
"Cass","2","110","Michigan","6/6/20","95","15","26027","15.79"
"Charlevoix","0","19","Michigan","6/6/20","18","1","26029","5.56"
"Cheboygan","0","26","Michigan","6/6/20","26","0","26031","0"
"Chippewa","0","3","Michigan","6/6/20","3","0","26033","0"
"Clare","1","24","Michigan","6/6/20","19","5","26035","26.32"
"Clinton","1","184","Michigan","6/6/20","175","9","26037","5.14"
"Crawford","0","63","Michigan","6/6/20","62","1","26039","1.61"
"Delta","0","20","Michigan","6/6/20","20","0","26041","0"
"Dickinson","0","6","Michigan","6/6/20","5","1","26043","20"
"Eaton","2","251","Michigan","6/6/20","240","11","26045","4.58"
"Emmet","0","26","Michigan","6/6/20","26","0","26047","0"
"Federal Correctional Institution (FCI)","1","156","Michigan","6/6/20","146","10","00000","6.85"
"Genesee","15","2551","Michigan","6/6/20","2449","102","26049","4.16"
"Gladwin","0","19","Michigan","6/6/20","18","1","26051","5.56"
"Gogebic","0","5","Michigan","6/6/20","5","0","26053","0"
"Grand Traverse","1","34","Michigan","6/6/20","28","6","26055","21.43"
"Gratiot","1","88","Michigan","6/6/20","83","5","26057","6.02"
"Hillsdale","0","179","Michigan","6/6/20","176","3","26059","1.7"
"Houghton","0","7","Michigan","6/6/20","6","1","26061","16.67"
"Huron","1","58","Michigan","6/6/20","52","6","26063","11.54"
"Ingham","5","807","Michigan","6/6/20","773","34","26065","4.4"
"Ionia","2","176","Michigan","6/6/20","165","11","26067","6.67"
"Iosco","0","110","Michigan","6/6/20","109","1","26069","0.92"
"Iron","0","2","Michigan","6/6/20","0","2","26071","1"
"Isabella","0","94","Michigan","6/6/20","92","2","26073","2.17"
"Jackson","-7","482","Michigan","6/6/20","532","-50","26075","-9.4"
"Kalamazoo","7","934","Michigan","6/6/20","884","50","26077","5.66"
"Kalkaska","0","30","Michigan","6/6/20","30","0","26079","0"
"Kent","49","4222","Michigan","6/6/20","3878","344","26081","8.87"
"Lake","0","7","Michigan","6/6/20","8","-1","26085","-12.5"
"Lapeer","1","225","Michigan","6/6/20","216","9","26087","4.17"
"Leelanau","0","11","Michigan","6/6/20","11","0","26089","0"
"Lenawee","1","191","Michigan","6/6/20","184","7","26091","3.8"
"Livingston","4","517","Michigan","6/6/20","492","25","26093","5.08"
"Luce","0","3","Michigan","6/6/20","3","0","26095","0"
"Mackinac","0","8","Michigan","6/6/20","8","0","26097","0"
"Macomb","31","6989","Michigan","6/6/20","6771","218","26099","3.22"
"Manistee","0","12","Michigan","6/6/20","12","0","26101","0"
"Marquette","1","59","Michigan","6/6/20","55","4","26103","7.27"
"Mason","0","38","Michigan","6/6/20","38","0","26105","0"
"Mecosta","0","24","Michigan","6/6/20","24","0","26107","0"
"Menominee","0","9","Michigan","6/6/20","8","1","26109","12.5"
"Michigan Department of Corrections (MDOC)","15","4120","Michigan","6/6/20","4018","102","00000","2.54"
"Midland","2","137","Michigan","6/6/20","120","17","26111","14.17"
"Missaukee","0","22","Michigan","6/6/20","22","0","26113","0"
"Monroe","5","559","Michigan","6/6/20","525","34","26115","6.48"
"Montcalm","1","79","Michigan","6/6/20","71","8","26117","11.27"
"Montmorency","0","5","Michigan","6/6/20","5","0","26119","0"
"Muskegon","10","715","Michigan","6/6/20","645","70","26121","10.85"
"Newaygo","2","122","Michigan","6/6/20","110","12","26123","10.91"
"Oakland","80","11215","Michigan","6/6/20","10656","559","26125","5.25"
"Oceana","1","102","Michigan","6/6/20","93","9","26127","9.68"
"Ogemaw","0","31","Michigan","6/6/20","29","2","26129","6.9"
"Osceola","1","18","Michigan","6/6/20","14","4","26133","28.57"
"Oscoda","0","8","Michigan","6/6/20","8","0","26135","0"
"Otsego","0","120","Michigan","6/6/20","118","2","26137","1.69"
"Ottawa","10","899","Michigan","6/6/20","832","67","26139","8.05"
"Out of MI","-2","22","Michigan","6/6/20","36","-14","80026","-38.89"
"Presque Isle","0","11","Michigan","6/6/20","11","0","26141","0"
"Roscommon","0","24","Michigan","6/6/20","24","0","26143","0"
"Saginaw","12","1136","Michigan","6/6/20","1053","83","26145","7.88"
"Sanilac","0","42","Michigan","6/6/20","42","0","26151","0"
"Schoolcraft","0","4","Michigan","6/6/20","4","0","26153","0"
"Shiawassee","0","261","Michigan","6/6/20","261","0","26155","0"
"St. Clair","1","513","Michigan","6/6/20","509","4","26147","0.79"
"St. Joseph","5","158","Michigan","6/6/20","122","36","26149","29.51"
"Tuscola","2","205","Michigan","6/6/20","192","13","26157","6.77"
"Van Buren","4","189","Michigan","6/6/20","161","28","26159","17.39"
"Washtenaw","5","1545","Michigan","6/6/20","1508","37","26161","2.45"
"Wayne","85","21512","Michigan","6/6/20","20917","595","26163","2.84"
"Wexford","0","14","Michigan","6/6/20","13","1","26165","7.69"
"Aitkin","1","12","Minnesota","6/6/20","8","4","27001","50"
"Anoka","27","1555","Minnesota","6/6/20","1363","192","27003","14.09"
"Becker","1","44","Minnesota","6/6/20","39","5","27005","12.82"
"Beltrami","1","20","Minnesota","6/6/20","14","6","27007","42.86"
"Benton","2","187","Minnesota","6/6/20","175","12","27009","6.86"
"Big Stone","1","11","Minnesota","6/6/20","4","7","27011","175"
"Blue Earth","2","151","Minnesota","6/6/20","138","13","27013","9.42"
"Brown","0","17","Minnesota","6/6/20","15","2","27015","13.33"
"Carlton","0","75","Minnesota","6/6/20","73","2","27017","2.74"
"Carver","6","247","Minnesota","6/6/20","206","41","27019","19.9"
"Cass","0","11","Minnesota","6/6/20","13","-2","27021","-15.38"
"Chippewa","0","52","Minnesota","6/6/20","49","3","27023","6.12"
"Chisago","1","70","Minnesota","6/6/20","61","9","27025","14.75"
"Clay","5","457","Minnesota","6/6/20","424","33","27027","7.78"
"Clearwater","0","3","Minnesota","6/6/20","3","0","27029","0"
"Cottonwood","2","86","Minnesota","6/6/20","70","16","27033","22.86"
"Crow Wing","2","82","Minnesota","6/6/20","68","14","27035","20.59"
"Dakota","31","1481","Minnesota","6/6/20","1263","218","27037","17.26"
"Dodge","0","55","Minnesota","6/6/20","52","3","27039","5.77"
"Douglas","1","46","Minnesota","6/6/20","41","5","27041","12.2"
"Faribault","1","23","Minnesota","6/6/20","18","5","27043","27.78"
"Fillmore","0","18","Minnesota","6/6/20","17","1","27045","5.88"
"Freeborn","8","170","Minnesota","6/6/20","115","55","27047","47.83"
"Goodhue","1","76","Minnesota","6/6/20","66","10","27049","15.15"
"Grant","0","4","Minnesota","6/6/20","4","0","27051","0"
"Hennepin","153","9255","Minnesota","6/6/20","8181","1074","27053","13.13"
"Houston","0","3","Minnesota","6/6/20","2","1","27055","50"
"Hubbard","0","3","Minnesota","6/6/20","3","0","27057","0"
"Isanti","1","37","Minnesota","6/6/20","32","5","27059","15.62"
"Itasca","0","56","Minnesota","6/6/20","54","2","27061","3.7"
"Jackson","0","42","Minnesota","6/6/20","39","3","27063","7.69"
"Kanabec","0","12","Minnesota","6/6/20","11","1","27065","9.09"
"Kandiyohi","4","517","Minnesota","6/6/20","490","27","27067","5.51"
"Kittson","0","1","Minnesota","6/6/20","1","0","27069","0"
"Koochiching","0","9","Minnesota","6/6/20","7","2","27071","28.57"
"Lac qui Parle","0","3","Minnesota","6/6/20","3","0","27073","0"
"Lake","0","1","Minnesota","6/6/20","1","0","27075","0"
"Le Sueur","1","48","Minnesota","6/6/20","44","4","27079","9.09"
"Lincoln","0","6","Minnesota","6/6/20","5","1","27081","20"
"Lyon","9","110","Minnesota","6/6/20","49","61","27083","124.49"
"Mahnomen","0","6","Minnesota","6/6/20","6","0","27087","0"
"Marshall","0","12","Minnesota","6/6/20","10","2","27089","20"
"Martin","1","137","Minnesota","6/6/20","129","8","27091","6.2"
"McLeod","1","43","Minnesota","6/6/20","34","9","27085","26.47"
"Meeker","0","46","Minnesota","6/6/20","45","1","27093","2.22"
"Mille Lacs","1","24","Minnesota","6/6/20","19","5","27095","26.32"
"Morrison","1","49","Minnesota","6/6/20","45","4","27097","8.89"
"Mower","26","482","Minnesota","6/6/20","303","179","27099","59.08"
"Murray","0","41","Minnesota","6/6/20","39","2","27101","5.13"
"Nicollet","0","89","Minnesota","6/6/20","86","3","27103","3.49"
"Nobles","10","1585","Minnesota","6/6/20","1512","73","27105","4.83"
"Norman","0","15","Minnesota","6/6/20","13","2","27107","15.38"
"Olmsted","13","699","Minnesota","6/6/20","608","91","27109","14.97"
"Otter Tail","2","75","Minnesota","6/6/20","64","11","27111","17.19"
"Pennington","2","31","Minnesota","6/6/20","17","14","27113","82.35"
"Pine","1","93","Minnesota","6/6/20","89","4","27115","4.49"
"Pipestone","0","13","Minnesota","6/6/20","12","1","27117","8.33"
"Polk","0","63","Minnesota","6/6/20","61","2","27119","3.28"
"Pope","0","10","Minnesota","6/6/20","9","1","27121","11.11"
"Ramsey","83","3445","Minnesota","6/6/20","2863","582","27123","20.33"
"Red Lake","0","4","Minnesota","6/6/20","4","0","27125","0"
"Redwood","0","7","Minnesota","6/6/20","4","3","27127","75"
"Renville","0","7","Minnesota","6/6/20","5","2","27129","40"
"Rice","16","565","Minnesota","6/6/20","452","113","27131","25"
"Rock","0","23","Minnesota","6/6/20","22","1","27133","4.55"
"Roseau","0","3","Minnesota","6/6/20","3","0","27135","0"
"Scott","11","483","Minnesota","6/6/20","408","75","27139","18.38"
"Sherburne","2","253","Minnesota","6/6/20","237","16","27141","6.75"
"Sibley","0","17","Minnesota","6/6/20","16","1","27143","6.25"
"St. Louis","0","119","Minnesota","6/6/20","118","1","27137","0.85"
"Stearns","7","2063","Minnesota","6/6/20","2014","49","27145","2.43"
"Steele","2","171","Minnesota","6/6/20","159","12","27147","7.55"
"Stevens","0","1","Minnesota","6/6/20","1","0","27149","0"
"Swift","0","19","Minnesota","6/6/20","18","1","27151","5.56"
"Todd","5","346","Minnesota","6/6/20","313","33","27153","10.54"
"Traverse","0","5","Minnesota","6/6/20","3","2","27155","66.67"
"Wabasha","0","20","Minnesota","6/6/20","18","2","27157","11.11"
"Wadena","0","10","Minnesota","6/6/20","9","1","27159","11.11"
"Waseca","1","31","Minnesota","6/6/20","26","5","27161","19.23"
"Washington","14","712","Minnesota","6/6/20","617","95","27163","15.4"
"Watonwan","1","80","Minnesota","6/6/20","71","9","27165","12.68"
"Wilkin","0","11","Minnesota","6/6/20","11","0","27167","0"
"Winona","1","83","Minnesota","6/6/20","79","4","27169","5.06"
"Wright","7","351","Minnesota","6/6/20","305","46","27171","15.08"
"Yellow Medicine","0","7","Minnesota","6/6/20","6","1","27173","16.67"
"Adams","1","204","Mississippi","6/6/20","196","8","28001","4.08"
"Alcorn","0","20","Mississippi","6/6/20","17","3","28003","17.65"
"Amite","1","65","Mississippi","6/6/20","60","5","28005","8.33"
"Attala","3","315","Mississippi","6/6/20","292","23","28007","7.88"
"Benton","0","15","Mississippi","6/6/20","15","0","28009","0"
"Bolivar","1","170","Mississippi","6/6/20","160","10","28011","6.25"
"Calhoun","1","68","Mississippi","6/6/20","64","4","28013","6.25"
"Carroll","0","119","Mississippi","6/6/20","117","2","28015","1.71"
"Chickasaw","2","146","Mississippi","6/6/20","133","13","28017","9.77"
"Choctaw","1","52","Mississippi","6/6/20","43","9","28019","20.93"
"Claiborne","1","119","Mississippi","6/6/20","111","8","28021","7.21"
"Clarke","2","157","Mississippi","6/6/20","143","14","28023","9.79"
"Clay","3","130","Mississippi","6/6/20","112","18","28025","16.07"
"Coahoma","2","132","Mississippi","6/6/20","121","11","28027","9.09"
"Copiah","4","337","Mississippi","6/6/20","310","27","28029","8.71"
"Covington","3","186","Mississippi","6/6/20","165","21","28031","12.73"
"DeSoto","10","605","Mississippi","6/6/20","533","72","28033","13.51"
"Forrest","8","607","Mississippi","6/6/20","553","54","28035","9.76"
"Franklin","0","29","Mississippi","6/6/20","28","1","28037","3.57"
"George","1","30","Mississippi","6/6/20","25","5","28039","20"
"Greene","3","36","Mississippi","6/6/20","12","24","28041","200"
"Grenada","3","112","Mississippi","6/6/20","89","23","28043","25.84"
"Hancock","0","92","Mississippi","6/6/20","90","2","28045","2.22"
"Harrison","2","274","Mississippi","6/6/20","257","17","28047","6.61"
"Hinds","16","1111","Mississippi","6/6/20","999","112","28049","11.21"
"Holmes","7","444","Mississippi","6/6/20","397","47","28051","11.84"
"Humphreys","1","69","Mississippi","6/6/20","60","9","28053","15"
"Itawamba","0","89","Mississippi","6/6/20","87","2","28057","2.3"
"Jackson","2","317","Mississippi","6/6/20","305","12","28059","3.93"
"Jasper","3","175","Mississippi","6/6/20","157","18","28061","11.46"
"Jefferson","1","46","Mississippi","6/6/20","42","4","28063","9.52"
"Jefferson Davis","1","84","Mississippi","6/6/20","77","7","28065","9.09"
"Jones","17","715","Mississippi","6/6/20","598","117","28067","19.57"
"Kemper","2","159","Mississippi","6/6/20","144","15","28069","10.42"
"Lafayette","4","156","Mississippi","6/6/20","131","25","28071","19.08"
"Lamar","3","254","Mississippi","6/6/20","235","19","28073","8.09"
"Lauderdale","6","775","Mississippi","6/6/20","735","40","28075","5.44"
"Lawrence","1","108","Mississippi","6/6/20","102","6","28077","5.88"
"Leake","6","460","Mississippi","6/6/20","421","39","28079","9.26"
"Lee","10","220","Mississippi","6/6/20","149","71","28081","47.65"
"Leflore","4","287","Mississippi","6/6/20","258","29","28083","11.24"
"Lincoln","4","286","Mississippi","6/6/20","256","30","28085","11.72"
"Lowndes","7","263","Mississippi","6/6/20","211","52","28087","24.64"
"Madison","10","788","Mississippi","6/6/20","720","68","28089","9.44"
"Marion","0","117","Mississippi","6/6/20","115","2","28091","1.74"
"Marshall","1","89","Mississippi","6/6/20","83","6","28093","7.23"
"Monroe","3","273","Mississippi","6/6/20","255","18","28095","7.06"
"Montgomery","0","85","Mississippi","6/6/20","83","2","28097","2.41"
"Neshoba","17","747","Mississippi","6/6/20","630","117","28099","18.57"
"Newton","4","297","Mississippi","6/6/20","271","26","28101","9.59"
"Noxubee","2","196","Mississippi","6/6/20","185","11","28103","5.95"
"Oktibbeha","8","290","Mississippi","6/6/20","235","55","28105","23.4"
"Panola","3","93","Mississippi","6/6/20","70","23","28107","32.86"
"Pearl River","1","213","Mississippi","6/6/20","209","4","28109","1.91"
"Perry","0","51","Mississippi","6/6/20","50","1","28111","2"
"Pike","0","204","Mississippi","6/6/20","202","2","28113","0.99"
"Pontotoc","3","52","Mississippi","6/6/20","32","20","28115","62.5"
"Prentiss","0","55","Mississippi","6/6/20","52","3","28117","5.77"
"Quitman","1","32","Mississippi","6/6/20","26","6","28119","23.08"
"Rankin","7","473","Mississippi","6/6/20","421","52","28121","12.35"
"Scott","3","670","Mississippi","6/6/20","650","20","28123","3.08"
"Sharkey","0","7","Mississippi","6/6/20","7","0","28125","0"
"Simpson","1","105","Mississippi","6/6/20","101","4","28127","3.96"
"Smith","2","164","Mississippi","6/6/20","150","14","28129","9.33"
"Stone","0","32","Mississippi","6/6/20","30","2","28131","6.67"
"Sunflower","2","96","Mississippi","6/6/20","81","15","28133","18.52"
"Tallahatchie","1","31","Mississippi","6/6/20","27","4","28135","14.81"
"Tate","1","95","Mississippi","6/6/20","89","6","28137","6.74"
"Tippah","1","79","Mississippi","6/6/20","73","6","28139","8.22"
"Tishomingo","1","37","Mississippi","6/6/20","32","5","28141","15.62"
"Tunica","1","58","Mississippi","6/6/20","54","4","28143","7.41"
"Union","1","91","Mississippi","6/6/20","83","8","28145","9.64"
"Walthall","2","70","Mississippi","6/6/20","55","15","28147","27.27"
"Warren","4","201","Mississippi","6/6/20","171","30","28149","17.54"
"Washington","5","200","Mississippi","6/6/20","168","32","28151","19.05"
"Wayne","17","295","Mississippi","6/6/20","177","118","28153","66.67"
"Webster","3","93","Mississippi","6/6/20","69","24","28155","34.78"
"Wilkinson","0","85","Mississippi","6/6/20","88","-3","28157","-3.41"
"Winston","2","125","Mississippi","6/6/20","112","13","28159","11.61"
"Yalobusha","3","112","Mississippi","6/6/20","90","22","28161","24.44"
"Yazoo","4","300","Mississippi","6/6/20","273","27","28163","9.89"
"Adair","2","68","Missouri","6/6/20","51","17","29001","33.33"
"Andrew","0","33","Missouri","6/6/20","30","3","29003","10"
"Atchison","0","3","Missouri","6/6/20","3","0","29005","0"
"Audrain","5","111","Missouri","6/6/20","79","32","29007","40.51"
"Barry","0","9","Missouri","6/6/20","9","0","29009","0"
"Bates","1","12","Missouri","6/6/20","7","5","29013","71.43"
"Benton","0","13","Missouri","6/6/20","11","2","29015","18.18"
"Bollinger","0","7","Missouri","6/6/20","6","1","29017","16.67"
"Boone","5","185","Missouri","6/6/20","147","38","29019","25.85"
"Buchanan","8","744","Missouri","6/6/20","690","54","29021","7.83"
"Butler","2","47","Missouri","6/6/20","35","12","29023","34.29"
"Caldwell","0","8","Missouri","6/6/20","5","3","29025","60"
"Callaway","0","32","Missouri","6/6/20","29","3","29027","10.34"
"Camden","0","38","Missouri","6/6/20","38","0","29029","0"
"Cape Girardeau","2","85","Missouri","6/6/20","73","12","29031","16.44"
"Carroll","0","9","Missouri","6/6/20","8","1","29033","12.5"
"Carter","0","5","Missouri","6/6/20","5","0","29035","0"
"Cass","2","102","Missouri","6/6/20","89","13","29037","14.61"
"Cedar","0","9","Missouri","6/6/20","9","0","29039","0"
"Chariton","0","6","Missouri","6/6/20","6","0","29041","0"
"Christian","1","29","Missouri","6/6/20","23","6","29043","26.09"
"Clark","0","1","Missouri","6/6/20","1","0","29045","0"
"Clay","8","226","Missouri","6/6/20","171","55","29047","32.16"
"Clinton","0","20","Missouri","6/6/20","18","2","29049","11.11"
"Cole","0","61","Missouri","6/6/20","60","1","29051","1.67"
"Cooper","0","9","Missouri","6/6/20","9","0","29053","0"
"Crawford","0","9","Missouri","6/6/20","9","0","29055","0"
"Dallas","0","4","Missouri","6/6/20","3","1","29059","33.33"
"Daviess","0","5","Missouri","6/6/20","4","1","29061","25"
"DeKalb","0","7","Missouri","6/6/20","6","1","29063","16.67"
"Dunklin","1","48","Missouri","6/6/20","38","10","29069","26.32"
"Franklin","2","150","Missouri","6/6/20","139","11","29071","7.91"
"Gasconade","0","2","Missouri","6/6/20","2","0","29073","0"
"Gentry","4","52","Missouri","6/6/20","26","26","29075","100"
"Greene","4","174","Missouri","6/6/20","148","26","29077","17.57"
"Harrison","0","9","Missouri","6/6/20","9","0","29081","0"
"Henry","0","12","Missouri","6/6/20","12","0","29083","0"
"Holt","0","2","Missouri","6/6/20","1","1","29087","100"
"Howard","0","3","Missouri","6/6/20","3","0","29089","0"
"Howell","1","12","Missouri","6/6/20","7","5","29091","71.43"
"Iron","0","3","Missouri","6/6/20","2","1","29093","50"
"Jackson","18","696","Missouri","6/6/20","570","126","29095","22.11"
"Jasper","2","50","Missouri","6/6/20","36","14","29097","38.89"
"Jefferson","7","398","Missouri","6/6/20","349","49","29099","14.04"
"Johnson","0","77","Missouri","6/6/20","76","1","29101","1.32"
"Kansas City","50","1501","Missouri","6/6/20","1149","352","00000","30.64"
"Laclede","1","7","Missouri","6/6/20","3","4","29105","133.33"
"Lafayette","1","81","Missouri","6/6/20","73","8","29107","10.96"
"Lawrence","0","8","Missouri","6/6/20","8","0","29109","0"
"Lewis","0","7","Missouri","6/6/20","7","0","29111","0"
"Lincoln","2","121","Missouri","6/6/20","109","12","29113","11.01"
"Linn","0","10","Missouri","6/6/20","9","1","29115","11.11"
"Livingston","0","5","Missouri","6/6/20","3","2","29117","66.67"
"Macon","0","6","Missouri","6/6/20","4","2","29121","50"
"Madison","0","3","Missouri","6/6/20","3","0","29123","0"
"Maries","0","2","Missouri","6/6/20","2","0","29125","0"
"Marion","0","5","Missouri","6/6/20","5","0","29127","0"
"McDonald","1","25","Missouri","6/6/20","20","5","29119","25"
"Miller","0","4","Missouri","6/6/20","4","0","29131","0"
"Mississippi","1","61","Missouri","6/6/20","56","5","29133","8.93"
"Moniteau","0","49","Missouri","6/6/20","46","3","29135","6.52"
"Montgomery","0","11","Missouri","6/6/20","9","2","29139","22.22"
"Morgan","0","9","Missouri","6/6/20","9","0","29141","0"
"New Madrid","0","21","Missouri","6/6/20","21","0","29143","0"
"Newton","1","26","Missouri","6/6/20","16","10","29145","62.5"
"Nodaway","0","14","Missouri","6/6/20","13","1","29147","7.69"
"Oregon","0","2","Missouri","6/6/20","2","0","29149","0"
"Osage","0","5","Missouri","6/6/20","5","0","29151","0"
"Pemiscot","2","91","Missouri","6/6/20","78","13","29155","16.67"
"Perry","2","69","Missouri","6/6/20","57","12","29157","21.05"
"Pettis","0","79","Missouri","6/6/20","78","1","29159","1.28"
"Phelps","0","5","Missouri","6/6/20","4","1","29161","25"
"Pike","1","28","Missouri","6/6/20","19","9","29163","47.37"
"Platte","1","77","Missouri","6/6/20","70","7","29165","10"
"Polk","0","4","Missouri","6/6/20","3","1","29167","33.33"
"Pulaski","10","107","Missouri","6/6/20","34","73","29169","214.71"
"Ralls","0","5","Missouri","6/6/20","3","2","29173","66.67"
"Randolph","0","10","Missouri","6/6/20","10","0","29175","0"
"Ray","1","23","Missouri","6/6/20","19","4","29177","21.05"
"Reynolds","0","2","Missouri","6/6/20","2","0","29179","0"
"Ripley","1","11","Missouri","6/6/20","7","4","29181","57.14"
"Saline","2","283","Missouri","6/6/20","269","14","29195","5.2"
"Scotland","1","9","Missouri","6/6/20","4","5","29199","125"
"Scott","2","121","Missouri","6/6/20","108","13","29201","12.04"
"Shelby","0","1","Missouri","6/6/20","1","0","29205","0"
"St. Charles","9","836","Missouri","6/6/20","775","61","29183","7.87"
"St. Clair","0","3","Missouri","6/6/20","3","0","29185","0"
"St. Francois","1","39","Missouri","6/6/20","35","4","29187","11.43"
"St. Louis","42","5305","Missouri","6/6/20","5014","291","29189","5.8"
"St. Louis City","20","2068","Missouri","6/6/20","1930","138","29510","7.15"
"Ste. Genevieve","0","12","Missouri","6/6/20","12","0","29186","0"
"Stoddard","4","106","Missouri","6/6/20","79","27","29207","34.18"
"Stone","1","10","Missouri","6/6/20","4","6","29209","150"
"Sullivan","1","65","Missouri","6/6/20","57","8","29211","14.04"
"Taney","0","14","Missouri","6/6/20","14","0","29213","0"
"Texas","0","1","Missouri","6/6/20","1","0","29215","0"
"Vernon","0","10","Missouri","6/6/20","9","1","29217","11.11"
"Warren","0","29","Missouri","6/6/20","28","1","29219","3.57"
"Washington","0","13","Missouri","6/6/20","11","2","29221","18.18"
"Webster","0","18","Missouri","6/6/20","17","1","29225","5.88"
"Worth","0","4","Missouri","6/6/20","4","0","29227","0"
"Wright","0","13","Missouri","6/6/20","11","2","29229","18.18"
"Beaverhead","0","1","Montana","6/6/20","1","0","30001","0"
"Big Horn","1","36","Montana","6/6/20","28","8","30003","28.57"
"Broadwater","0","4","Montana","6/6/20","4","0","30007","0"
"Carbon","0","6","Montana","6/6/20","6","0","30009","0"
"Cascade","0","17","Montana","6/6/20","17","0","30013","0"
"Deer Lodge","0","3","Montana","6/6/20","3","0","30023","0"
"Flathead","0","37","Montana","6/6/20","37","0","30029","0"
"Gallatin","1","161","Montana","6/6/20","151","10","30031","6.62"
"Glacier","0","6","Montana","6/6/20","6","0","30035","0"
"Golden Valley","0","3","Montana","6/6/20","3","0","30037","0"
"Hill","0","1","Montana","6/6/20","1","0","30041","0"
"Jefferson","0","3","Montana","6/6/20","3","0","30043","0"
"Lake","0","5","Montana","6/6/20","5","0","30047","0"
"Lewis and Clark","0","18","Montana","6/6/20","16","2","30049","12.5"
"Liberty","0","1","Montana","6/6/20","1","0","30051","0"
"Lincoln","0","7","Montana","6/6/20","7","0","30053","0"
"Madison","0","8","Montana","6/6/20","8","0","30057","0"
"Meagher","0","1","Montana","6/6/20","1","0","30059","0"
"Missoula","0","40","Montana","6/6/20","40","0","30063","0"
"Musselshell","0","1","Montana","6/6/20","1","0","30065","0"
"Park","0","8","Montana","6/6/20","8","0","30067","0"
"Pondera","0","2","Montana","6/6/20","2","0","30073","0"
"Ravalli","0","14","Montana","6/6/20","13","1","30081","7.69"
"Richland","0","3","Montana","6/6/20","3","0","30083","0"
"Roosevelt","0","7","Montana","6/6/20","7","0","30085","0"
"Rosebud","0","1","Montana","6/6/20","0","1","30087","1"
"Silver Bow","0","11","Montana","6/6/20","11","0","30093","0"
"Stillwater","0","1","Montana","6/6/20","1","0","30095","0"
"Toole","0","29","Montana","6/6/20","29","0","30101","0"
"Wheatland","0","1","Montana","6/6/20","1","0","30107","0"
"Yellowstone","2","104","Montana","6/6/20","91","13","30111","14.29"
"Adams","1","275","Nebraska","6/6/20","270","5","31001","1.85"
"Antelope","0","8","Nebraska","6/6/20","8","0","31003","0"
"Boone","0","7","Nebraska","6/6/20","6","1","31011","16.67"
"Box Butte","0","2","Nebraska","6/6/20","2","0","31013","0"
"Boyd","0","1","Nebraska","6/6/20","0","1","31015","1"
"Buffalo","3","174","Nebraska","6/6/20","156","18","31019","11.54"
"Burt","0","10","Nebraska","6/6/20","9","1","31021","11.11"
"Butler","0","51","Nebraska","6/6/20","48","3","31023","6.25"
"Cass","1","54","Nebraska","6/6/20","47","7","31025","14.89"
"Cedar","0","8","Nebraska","6/6/20","8","0","31027","0"
"Chase","0","1","Nebraska","6/6/20","1","0","31029","0"
"Cherry","0","1","Nebraska","6/6/20","1","0","31031","0"
"Cheyenne","0","10","Nebraska","6/6/20","9","1","31033","11.11"
"Clay","0","24","Nebraska","6/6/20","24","0","31035","0"
"Colfax","3","635","Nebraska","6/6/20","612","23","31037","3.76"
"Cuming","0","34","Nebraska","6/6/20","31","3","31039","9.68"
"Custer","0","34","Nebraska","6/6/20","31","3","31041","9.68"
"Dakota","6","1702","Nebraska","6/6/20","1661","41","31043","2.47"
"Dawes","0","1","Nebraska","6/6/20","1","0","31045","0"
"Dawson","1","842","Nebraska","6/6/20","835","7","31047","0.84"
"Dixon","1","32","Nebraska","6/6/20","27","5","31051","18.52"
"Dodge","15","565","Nebraska","6/6/20","463","102","31053","22.03"
"Douglas","130","4982","Nebraska","6/6/20","4073","909","31055","22.32"
"Fillmore","0","7","Nebraska","6/6/20","6","1","31059","16.67"
"Franklin","0","6","Nebraska","6/6/20","6","0","31061","0"
"Frontier","0","1","Nebraska","6/6/20","1","0","31063","0"
"Furnas","0","9","Nebraska","6/6/20","9","0","31065","0"
"Gage","0","45","Nebraska","6/6/20","45","0","31067","0"
"Garden","1","4","Nebraska","6/6/20","0","4","31069","1"
"Garfield","0","1","Nebraska","6/6/20","0","1","31071","1"
"Gosper","0","13","Nebraska","6/6/20","13","0","31073","0"
"Greeley","0","3","Nebraska","6/6/20","2","1","31077","50"
"Hall","7","1542","Nebraska","6/6/20","1495","47","31079","3.14"
"Hamilton","0","56","Nebraska","6/6/20","55","1","31081","1.82"
"Hitchcock","0","1","Nebraska","6/6/20","1","0","31087","0"
"Holt","0","1","Nebraska","6/6/20","1","0","31089","0"
"Howard","0","43","Nebraska","6/6/20","42","1","31093","2.38"
"Jefferson","0","7","Nebraska","6/6/20","6","1","31095","16.67"
"Johnson","0","6","Nebraska","6/6/20","6","0","31097","0"
"Kearney","0","12","Nebraska","6/6/20","11","1","31099","9.09"
"Keith","0","2","Nebraska","6/6/20","2","0","31101","0"
"Kimball","0","8","Nebraska","6/6/20","8","0","31105","0"
"Knox","0","11","Nebraska","6/6/20","10","1","31107","10"
"Lancaster","21","1340","Nebraska","6/6/20","1194","146","31109","12.23"
"Lincoln","0","49","Nebraska","6/6/20","47","2","31111","4.26"
"Madison","1","323","Nebraska","6/6/20","314","9","31119","2.87"
"Merrick","0","34","Nebraska","6/6/20","33","1","31121","3.03"
"Morrill","0","11","Nebraska","6/6/20","11","0","31123","0"
"Nance","0","4","Nebraska","6/6/20","4","0","31125","0"
"Nemaha","0","4","Nebraska","6/6/20","3","1","31127","33.33"
"Nuckolls","0","1","Nebraska","6/6/20","1","0","31129","0"
"Otoe","1","11","Nebraska","6/6/20","7","4","31131","57.14"
"Phelps","0","20","Nebraska","6/6/20","20","0","31137","0"
"Pierce","0","6","Nebraska","6/6/20","6","0","31139","0"
"Platte","7","621","Nebraska","6/6/20","571","50","31141","8.76"
"Polk","0","11","Nebraska","6/6/20","11","0","31143","0"
"Red Willow","0","5","Nebraska","6/6/20","5","0","31145","0"
"Richardson","0","1","Nebraska","6/6/20","1","0","31147","0"
"Saline","3","515","Nebraska","6/6/20","497","18","31151","3.62"
"Sarpy","24","765","Nebraska","6/6/20","596","169","31153","28.36"
"Saunders","2","51","Nebraska","6/6/20","36","15","31155","41.67"
"Scotts Bluff","5","140","Nebraska","6/6/20","102","38","31157","37.25"
"Seward","0","29","Nebraska","6/6/20","28","1","31159","3.57"
"Sherman","0","5","Nebraska","6/6/20","4","1","31163","25"
"Stanton","0","21","Nebraska","6/6/20","20","1","31167","5"
"Thayer","0","1","Nebraska","6/6/20","1","0","31169","0"
"Thomas","0","1","Nebraska","6/6/20","1","0","31171","0"
"Thurston","1","50","Nebraska","6/6/20","44","6","31173","13.64"
"Valley","0","5","Nebraska","6/6/20","4","1","31175","25"
"Washington","1","34","Nebraska","6/6/20","29","5","31177","17.24"
"Wayne","1","24","Nebraska","6/6/20","15","9","31179","60"
"Webster","0","5","Nebraska","6/6/20","5","0","31181","0"
"York","0","37","Nebraska","6/6/20","36","1","31185","2.78"
"Carson City","2","109","Nevada","6/6/20","95","14","32510","14.74"
"Churchill","0","8","Nevada","6/6/20","7","1","32001","14.29"
"Clark","107","7331","Nevada","6/6/20","6579","752","32003","11.43"
"Douglas","1","38","Nevada","6/6/20","31","7","32005","22.58"
"Elko","0","27","Nevada","6/6/20","24","3","32007","12.5"
"Humboldt","0","78","Nevada","6/6/20","78","0","32013","0"
"Lander","0","21","Nevada","6/6/20","20","1","32015","5"
"Lincoln","0","2","Nevada","6/6/20","2","0","32017","0"
"Lyon","3","82","Nevada","6/6/20","62","20","32019","32.26"
"Mineral","0","4","Nevada","6/6/20","4","0","32021","0"
"Nye","1","66","Nevada","6/6/20","62","4","32023","6.45"
"Pershing","0","2","Nevada","6/6/20","0","2","32027","1"
"Storey","0","1","Nevada","6/6/20","1","0","32029","0"
"Washoe","24","1719","Nevada","6/6/20","1548","171","32031","11.05"
"White Pine","0","3","Nevada","6/6/20","4","-1","32033","-25"
"Belknap","1","67","New Hampshire","6/6/20","58","9","33001","15.52"
"Carroll","0","48","New Hampshire","6/6/20","46","2","33003","4.35"
"Cheshire","0","57","New Hampshire","6/6/20","57","0","33005","0"
"Coos","0","5","New Hampshire","6/6/20","5","0","33007","0"
"Grafton","0","77","New Hampshire","6/6/20","74","3","33009","4.05"
"Hillsborough","52","2709","New Hampshire","6/6/20","2342","367","33011","15.67"
"Merrimack","5","371","New Hampshire","6/6/20","334","37","33013","11.08"
"Rockingham","13","1378","New Hampshire","6/6/20","1284","94","33015","7.32"
"Strafford","1","277","New Hampshire","6/6/20","267","10","33017","3.75"
"Sullivan","0","20","New Hampshire","6/6/20","19","1","33019","5.26"
"Atlantic","21","2330","New Jersey","6/6/20","2183","147","34001","6.73"
"Bergen","40","18492","New Jersey","6/6/20","18211","281","34003","1.54"
"Burlington","29","4769","New Jersey","6/6/20","4567","202","34005","4.42"
"Camden","51","6785","New Jersey","6/6/20","6425","360","34007","5.6"
"Cape May","4","643","New Jersey","6/6/20","615","28","34009","4.55"
"Cumberland","43","2557","New Jersey","6/6/20","2259","298","34011","13.19"
"Essex","67","18066","New Jersey","6/6/20","17594","472","34013","2.68"
"Gloucester","15","2319","New Jersey","6/6/20","2217","102","34015","4.6"
"Hudson","0","18916","New Jersey","6/6/20","18919","-3","34017","-0.02"
"Hunterdon","5","1022","New Jersey","6/6/20","985","37","34019","3.76"
"Mercer","43","7148","New Jersey","6/6/20","6850","298","34021","4.35"
"Middlesex","54","16203","New Jersey","6/6/20","15824","379","34023","2.4"
"Monmouth","42","8454","New Jersey","6/6/20","8159","295","34025","3.62"
"Morris","29","6584","New Jersey","6/6/20","6383","201","34027","3.15"
"Ocean","40","8979","New Jersey","6/6/20","8700","279","34029","3.21"
"Passaic","48","16436","New Jersey","6/6/20","16099","337","34031","2.09"
"Salem","7","670","New Jersey","6/6/20","621","49","34033","7.89"
"Somerset","14","4664","New Jersey","6/6/20","4567","97","34035","2.12"
"Sussex","7","1160","New Jersey","6/6/20","1110","50","34037","4.5"
"Union","50","16116","New Jersey","6/6/20","15764","352","34039","2.23"
"Warren","4","1190","New Jersey","6/6/20","1162","28","34041","2.41"
"Bernalillo","16","1575","New Mexico","6/6/20","1464","111","35001","7.58"
"Catron","0","2","New Mexico","6/6/20","2","0","35003","0"
"Chaves","1","49","New Mexico","6/6/20","45","4","35005","8.89"
"Cibola","3","159","New Mexico","6/6/20","139","20","35006","14.39"
"Colfax","0","5","New Mexico","6/6/20","5","0","35007","0"
"Curry","2","62","New Mexico","6/6/20","51","11","35009","21.57"
"Dona Ana","14","558","New Mexico","6/6/20","460","98","35013","21.3"
"Eddy","1","30","New Mexico","6/6/20","20","10","35015","50"
"Grant","0","15","New Mexico","6/6/20","15","0","35017","0"
"Guadalupe","0","20","New Mexico","6/6/20","20","0","35019","0"
"Harding","0","1","New Mexico","6/6/20","1","0","35021","0"
"Hidalgo","0","1","New Mexico","6/6/20","1","0","35023","0"
"Lea","0","29","New Mexico","6/6/20","26","3","35025","11.54"
"Lincoln","0","5","New Mexico","6/6/20","2","3","35027","150"
"Los Alamos","0","6","New Mexico","6/6/20","6","0","35028","0"
"Luna","0","11","New Mexico","6/6/20","8","3","35029","37.5"
"McKinley","36","2657","New Mexico","6/6/20","2406","251","35031","10.43"
"Otero","0","25","New Mexico","6/6/20","22","3","35035","13.64"
"Quay","0","5","New Mexico","6/6/20","5","0","35037","0"
"Rio Arriba","1","54","New Mexico","6/6/20","44","10","35039","22.73"
"Roosevelt","1","42","New Mexico","6/6/20","38","4","35041","10.53"
"San Juan","30","1923","New Mexico","6/6/20","1715","208","35045","12.13"
"San Miguel","0","15","New Mexico","6/6/20","15","0","35047","0"
"Sandoval","3","585","New Mexico","6/6/20","566","19","35043","3.36"
"Santa Fe","1","150","New Mexico","6/6/20","140","10","35049","7.14"
"Sierra","0","1","New Mexico","6/6/20","1","0","35051","0"
"Socorro","1","55","New Mexico","6/6/20","50","5","35053","10"
"Taos","1","31","New Mexico","6/6/20","25","6","35055","24"
"Torrance","0","35","New Mexico","6/6/20","32","3","35057","9.38"
"Union","0","5","New Mexico","6/6/20","4","1","35059","25"
"Valencia","1","81","New Mexico","6/6/20","73","8","35061","10.96"
"Albany","16","1953","New York","6/6/20","1843","110","36001","5.97"
"Allegany","1","51","New York","6/6/20","45","6","36003","13.33"
"Broome","7","613","New York","6/6/20","561","52","36007","9.27"
"Cattaraugus","1","92","New York","6/6/20","87","5","36009","5.75"
"Cayuga","1","100","New York","6/6/20","90","10","36011","11.11"
"Chautauqua","2","99","New York","6/6/20","83","16","36013","19.28"
"Chemung","0","137","New York","6/6/20","137","0","36015","0"
"Chenango","0","133","New York","6/6/20","132","1","36017","0.76"
"Clinton","0","97","New York","6/6/20","95","2","36019","2.11"
"Columbia","4","412","New York","6/6/20","383","29","36021","7.57"
"Cortland","0","41","New York","6/6/20","41","0","36023","0"
"Delaware","1","85","New York","6/6/20","79","6","36025","7.59"
"Dutchess","14","3995","New York","6/6/20","3899","96","36027","2.46"
"Erie","59","6429","New York","6/6/20","6014","415","36029","6.9"
"Essex","0","38","New York","6/6/20","36","2","36031","5.56"
"Franklin","0","23","New York","6/6/20","22","1","36033","4.55"
"Fulton","2","222","New York","6/6/20","207","15","36035","7.25"
"Genesee","1","206","New York","6/6/20","200","6","36037","3"
"Greene","1","246","New York","6/6/20","238","8","36039","3.36"
"Hamilton","0","5","New York","6/6/20","5","0","36041","0"
"Herkimer","2","122","New York","6/6/20","107","15","36043","14.02"
"Jefferson","0","75","New York","6/6/20","74","1","36045","1.35"
"Lewis","0","20","New York","6/6/20","20","0","36049","0"
"Livingston","0","121","New York","6/6/20","118","3","36051","2.54"
"Madison","2","325","New York","6/6/20","311","14","36053","4.5"
"Monroe","37","3167","New York","6/6/20","2909","258","36055","8.87"
"Montgomery","1","98","New York","6/6/20","89","9","36057","10.11"
"Nassau","78","40853","New York","6/6/20","40307","546","36059","1.35"
"New York","537","206511","New York","6/6/20","202751","3760","36061","1.85"
"Niagara","13","1109","New York","6/6/20","1020","89","36063","8.73"
"Oneida","17","1127","New York","6/6/20","1006","121","36065","12.03"
"Onondaga","35","2375","New York","6/6/20","2133","242","36067","11.35"
"Ontario","2","220","New York","6/6/20","206","14","36069","6.8"
"Orange","17","10508","New York","6/6/20","10389","119","36071","1.15"
"Orleans","4","254","New York","6/6/20","228","26","36073","11.4"
"Oswego","1","114","New York","6/6/20","108","6","36075","5.56"
"Otsego","0","74","New York","6/6/20","71","3","36077","4.23"
"Putnam","4","1274","New York","6/6/20","1248","26","36079","2.08"
"Rensselaer","2","499","New York","6/6/20","486","13","36083","2.67"
"Rockland","27","13315","New York","6/6/20","13128","187","36087","1.42"
"Saratoga","3","501","New York","6/6/20","477","24","36091","5.03"
"Schenectady","3","710","New York","6/6/20","686","24","36093","3.5"
"Schoharie","1","54","New York","6/6/20","50","4","36095","8"
"Schuyler","0","12","New York","6/6/20","11","1","36097","9.09"
"Seneca","0","61","New York","6/6/20","58","3","36099","5.17"
"St. Lawrence","1","209","New York","6/6/20","202","7","36089","3.47"
"Steuben","1","251","New York","6/6/20","241","10","36101","4.15"
"Suffolk","107","40278","New York","6/6/20","39532","746","36103","1.89"
"Sullivan","5","1411","New York","6/6/20","1375","36","36105","2.62"
"Tioga","1","134","New York","6/6/20","128","6","36107","4.69"
"Tompkins","1","171","New York","6/6/20","161","10","36109","6.21"
"Ulster","5","1714","New York","6/6/20","1678","36","36111","2.15"
"Warren","0","257","New York","6/6/20","255","2","36113","0.78"
"Washington","1","240","New York","6/6/20","235","5","36115","2.13"
"Wayne","1","123","New York","6/6/20","113","10","36117","8.85"
"Westchester","71","33924","New York","6/6/20","33429","495","36119","1.48"
"Wyoming","1","89","New York","6/6/20","84","5","36121","5.95"
"Yates","0","39","New York","6/6/20","39","0","36123","0"
"Alamance","17","458","North Carolina","6/6/20","342","116","37001","33.92"
"Alexander","1","43","North Carolina","6/6/20","33","10","37003","30.3"
"Alleghany","2","28","North Carolina","6/6/20","15","13","37005","86.67"
"Anson","1","71","North Carolina","6/6/20","64","7","37007","10.94"
"Ashe","1","40","North Carolina","6/6/20","36","4","37009","11.11"
"Avery","0","3","North Carolina","6/6/20","2","1","37011","50"
"Beaufort","1","43","North Carolina","6/6/20","36","7","37013","19.44"
"Bertie","2","133","North Carolina","6/6/20","122","11","37015","9.02"
"Bladen","8","153","North Carolina","6/6/20","100","53","37017","53"
"Brunswick","7","133","North Carolina","6/6/20","83","50","37019","60.24"
"Buncombe","9","389","North Carolina","6/6/20","323","66","37021","20.43"
"Burke","21","540","North Carolina","6/6/20","390","150","37023","38.46"
"Cabarrus","13","571","North Carolina","6/6/20","478","93","37025","19.46"
"Caldwell","9","196","North Carolina","6/6/20","132","64","37027","48.48"
"Camden","0","3","North Carolina","6/6/20","3","0","37029","0"
"Carteret","0","39","North Carolina","6/6/20","37","2","37031","5.41"
"Caswell","5","96","North Carolina","6/6/20","60","36","37033","60"
"Catawba","11","284","North Carolina","6/6/20","208","76","37035","36.54"
"Chatham","13","720","North Carolina","6/6/20","630","90","37037","14.29"
"Cherokee","0","30","North Carolina","6/6/20","30","0","37039","0"
"Chowan","0","17","North Carolina","6/6/20","17","0","37041","0"
"Clay","0","8","North Carolina","6/6/20","8","0","37043","0"
"Cleveland","3","113","North Carolina","6/6/20","89","24","37045","26.97"
"Columbus","4","361","North Carolina","6/6/20","330","31","37047","9.39"
"Craven","3","223","North Carolina","6/6/20","204","19","37049","9.31"
"Cumberland","12","768","North Carolina","6/6/20","682","86","37051","12.61"
"Currituck","0","15","North Carolina","6/6/20","13","2","37053","15.38"
"Dare","0","22","North Carolina","6/6/20","22","0","37055","0"
"Davidson","15","505","North Carolina","6/6/20","398","107","37057","26.88"
"Davie","4","115","North Carolina","6/6/20","90","25","37059","27.78"
"Duplin","26","976","North Carolina","6/6/20","794","182","37061","22.92"
"Durham","68","2025","North Carolina","6/6/20","1552","473","37063","30.48"
"Edgecombe","3","221","North Carolina","6/6/20","197","24","37065","12.18"
"Forsyth","67","1721","North Carolina","6/6/20","1253","468","37067","37.35"
"Franklin","4","185","North Carolina","6/6/20","159","26","37069","16.35"
"Gaston","10","347","North Carolina","6/6/20","276","71","37071","25.72"
"Gates","0","24","North Carolina","6/6/20","24","0","37073","0"
"Graham","0","4","North Carolina","6/6/20","2","2","37075","100"
"Granville","24","462","North Carolina","6/6/20","294","168","37077","57.14"
"Greene","2","92","North Carolina","6/6/20","77","15","37079","19.48"
"Guilford","49","1573","North Carolina","6/6/20","1227","346","37081","28.2"
"Halifax","3","200","North Carolina","6/6/20","176","24","37083","13.64"
"Harnett","6","330","North Carolina","6/6/20","287","43","37085","14.98"
"Haywood","2","59","North Carolina","6/6/20","47","12","37087","25.53"
"Henderson","4","369","North Carolina","6/6/20","339","30","37089","8.85"
"Hertford","2","134","North Carolina","6/6/20","117","17","37091","14.53"
"Hoke","5","271","North Carolina","6/6/20","239","32","37093","13.39"
"Hyde","0","2","North Carolina","6/6/20","1","1","37095","100"
"Iredell","10","325","North Carolina","6/6/20","254","71","37097","27.95"
"Jackson","2","44","North Carolina","6/6/20","33","11","37099","33.33"
"Johnston","23","601","North Carolina","6/6/20","440","161","37101","36.59"
"Jones","0","28","North Carolina","6/6/20","28","0","37103","0"
"Lee","12","515","North Carolina","6/6/20","432","83","37105","19.21"
"Lenoir","3","233","North Carolina","6/6/20","215","18","37107","8.37"
"Lincoln","5","101","North Carolina","6/6/20","67","34","37109","50.75"
"Macon","8","120","North Carolina","6/6/20","62","58","37113","93.55"
"Madison","0","4","North Carolina","6/6/20","4","0","37115","0"
"Martin","1","77","North Carolina","6/6/20","70","7","37117","10"
"McDowell","4","95","North Carolina","6/6/20","64","31","37111","48.44"
"Mecklenburg","190","5358","North Carolina","6/6/20","4028","1330","37119","33.02"
"Mitchell","1","17","North Carolina","6/6/20","12","5","37121","41.67"
"Montgomery","6","162","North Carolina","6/6/20","123","39","37123","31.71"
"Moore","5","253","North Carolina","6/6/20","220","33","37125","15"
"Nash","4","228","North Carolina","6/6/20","201","27","37127","13.43"
"New Hanover","8","252","North Carolina","6/6/20","193","59","37129","30.57"
"Northampton","1","165","North Carolina","6/6/20","156","9","37131","5.77"
"Onslow","2","121","North Carolina","6/6/20","108","13","37133","12.04"
"Orange","7","388","North Carolina","6/6/20","340","48","37135","14.12"
"Pamlico","0","10","North Carolina","6/6/20","10","0","37137","0"
"Pasquotank","2","119","North Carolina","6/6/20","105","14","37139","13.33"
"Pender","4","103","North Carolina","6/6/20","75","28","37141","37.33"
"Perquimans","0","26","North Carolina","6/6/20","24","2","37143","8.33"
"Person","1","57","North Carolina","6/6/20","48","9","37145","18.75"
"Pitt","12","382","North Carolina","6/6/20","295","87","37147","29.49"
"Polk","2","47","North Carolina","6/6/20","36","11","37149","30.56"
"Randolph","17","779","North Carolina","6/6/20","659","120","37151","18.21"
"Richmond","3","182","North Carolina","6/6/20","163","19","37153","11.66"
"Robeson","17","905","North Carolina","6/6/20","786","119","37155","15.14"
"Rockingham","3","113","North Carolina","6/6/20","92","21","37157","22.83"
"Rowan","14","735","North Carolina","6/6/20","640","95","37159","14.84"
"Rutherford","2","194","North Carolina","6/6/20","182","12","37161","6.59"
"Sampson","16","571","North Carolina","6/6/20","462","109","37163","23.59"
"Scotland","2","95","North Carolina","6/6/20","84","11","37165","13.1"
"Stanly","6","115","North Carolina","6/6/20","72","43","37167","59.72"
"Stokes","2","83","North Carolina","6/6/20","66","17","37169","25.76"
"Surry","10","273","North Carolina","6/6/20","201","72","37171","35.82"
"Swain","2","25","North Carolina","6/6/20","13","12","37173","92.31"
"Transylvania","0","16","North Carolina","6/6/20","13","3","37175","23.08"
"Tyrrell","0","4","North Carolina","6/6/20","4","0","37177","0"
"Union","18","567","North Carolina","6/6/20","439","128","37179","29.16"
"Vance","8","364","North Carolina","6/6/20","310","54","37181","17.42"
"Wake","67","2155","North Carolina","6/6/20","1683","472","37183","28.05"
"Warren","4","89","North Carolina","6/6/20","62","27","37185","43.55"
"Washington","1","32","North Carolina","6/6/20","27","5","37187","18.52"
"Watauga","3","38","North Carolina","6/6/20","19","19","37189","100"
"Wayne","22","1268","North Carolina","6/6/20","1112","156","37191","14.03"
"Wilkes","2","507","North Carolina","6/6/20","494","13","37193","2.63"
"Wilson","11","426","North Carolina","6/6/20","347","79","37195","22.77"
"Yadkin","7","215","North Carolina","6/6/20","169","46","37197","27.22"
"Yancey","1","21","North Carolina","6/6/20","14","7","37199","50"
"Barnes","1","9","North Dakota","6/6/20","4","5","38003","125"
"Benson","0","2","North Dakota","6/6/20","1","1","38005","100"
"Bottineau","0","3","North Dakota","6/6/20","2","1","38009","50"
"Bowman","0","1","North Dakota","6/6/20","1","0","38011","0"
"Burke","0","5","North Dakota","6/6/20","5","0","38013","0"
"Burleigh","2","141","North Dakota","6/6/20","127","14","38015","11.02"
"Cass","28","1880","North Dakota","6/6/20","1685","195","38017","11.57"
"Dickey","0","1","North Dakota","6/6/20","0","1","38021","1"
"Divide","0","1","North Dakota","6/6/20","1","0","38023","0"
"Dunn","0","11","North Dakota","6/6/20","12","-1","38025","-8.33"
"Eddy","0","4","North Dakota","6/6/20","4","0","38027","0"
"Emmons","0","4","North Dakota","6/6/20","4","0","38029","0"
"Foster","0","1","North Dakota","6/6/20","1","0","38031","0"
"Grand Forks","0","336","North Dakota","6/6/20","333","3","38035","0.9"
"Grant","0","2","North Dakota","6/6/20","2","0","38037","0"
"Griggs","0","1","North Dakota","6/6/20","1","0","38039","0"
"LaMoure","0","1","North Dakota","6/6/20","0","1","38045","1"
"McHenry","0","2","North Dakota","6/6/20","2","0","38049","0"
"McIntosh","0","1","North Dakota","6/6/20","1","0","38051","0"
"McKenzie","0","18","North Dakota","6/6/20","17","1","38053","5.88"
"McLean","0","7","North Dakota","6/6/20","7","0","38055","0"
"Mercer","0","6","North Dakota","6/6/20","5","1","38057","20"
"Morton","0","60","North Dakota","6/6/20","59","1","38059","1.69"
"Mountrail","0","42","North Dakota","6/6/20","39","3","38061","7.69"
"Nelson","0","1","North Dakota","6/6/20","1","0","38063","0"
"Oliver","0","1","North Dakota","6/6/20","1","0","38065","0"
"Pembina","0","6","North Dakota","6/6/20","6","0","38067","0"
"Pierce","0","3","North Dakota","6/6/20","3","0","38069","0"
"Ramsey","0","8","North Dakota","6/6/20","8","0","38071","0"
"Ransom","0","11","North Dakota","6/6/20","8","3","38073","37.5"
"Renville","0","3","North Dakota","6/6/20","3","0","38075","0"
"Richland","1","27","North Dakota","6/6/20","22","5","38077","22.73"
"Rolette","0","6","North Dakota","6/6/20","6","0","38079","0"
"Sargent","0","4","North Dakota","6/6/20","3","1","38081","33.33"
"Sheridan","0","1","North Dakota","6/6/20","0","1","38083","1"
"Sioux","0","2","North Dakota","6/6/20","2","0","38085","0"
"Slope","0","3","North Dakota","6/6/20","3","0","38087","0"
"Stark","0","62","North Dakota","6/6/20","61","1","38089","1.64"
"Steele","0","1","North Dakota","6/6/20","1","0","38091","0"
"Stutsman","2","35","North Dakota","6/6/20","23","12","38093","52.17"
"Traill","0","14","North Dakota","6/6/20","12","2","38097","16.67"
"Walsh","0","16","North Dakota","6/6/20","13","3","38099","23.08"
"Ward","1","43","North Dakota","6/6/20","37","6","38101","16.22"
"Wells","0","5","North Dakota","6/6/20","3","2","38103","66.67"
"Williams","0","25","North Dakota","6/6/20","25","0","38105","0"
"","1","26","Northern Mariana Islands","6/6/20","22","4",,"18.18"
"Adams","0","11","Ohio","6/6/20","9","2","39001","22.22"
"Allen","2","222","Ohio","6/6/20","211","11","39003","5.21"
"Ashland","1","24","Ohio","6/6/20","20","4","39005","20"
"Ashtabula","5","372","Ohio","6/6/20","338","34","39007","10.06"
"Athens","0","18","Ohio","6/6/20","18","0","39009","0"
"Auglaize","1","78","Ohio","6/6/20","73","5","39011","6.85"
"Belmont","3","450","Ohio","6/6/20","428","22","39013","5.14"
"Brown","0","31","Ohio","6/6/20","28","3","39015","10.71"
"Butler","16","985","Ohio","6/6/20","874","111","39017","12.7"
"Carroll","1","36","Ohio","6/6/20","30","6","39019","20"
"Champaign","0","29","Ohio","6/6/20","27","2","39021","7.41"
"Clark","8","336","Ohio","6/6/20","277","59","39023","21.3"
"Clermont","3","224","Ohio","6/6/20","206","18","39025","8.74"
"Clinton","1","47","Ohio","6/6/20","43","4","39027","9.3"
"Columbiana","22","894","Ohio","6/6/20","743","151","39029","20.32"
"Coshocton","1","48","Ohio","6/6/20","38","10","39031","26.32"
"Crawford","1","118","Ohio","6/6/20","114","4","39033","3.51"
"Cuyahoga","65","4827","Ohio","6/6/20","4369","458","39035","10.48"
"Darke","3","191","Ohio","6/6/20","167","24","39037","14.37"
"Defiance","0","35","Ohio","6/6/20","33","2","39039","6.06"
"Delaware","5","366","Ohio","6/6/20","331","35","39041","10.57"
"Erie","2","184","Ohio","6/6/20","171","13","39043","7.6"
"Fairfield","9","321","Ohio","6/6/20","259","62","39045","23.94"
"Fayette","0","42","Ohio","6/6/20","40","2","39047","5"
"Franklin","90","6406","Ohio","6/6/20","5773","633","39049","10.96"
"Fulton","1","45","Ohio","6/6/20","40","5","39051","12.5"
"Gallia","0","9","Ohio","6/6/20","9","0","39053","0"
"Geauga","3","306","Ohio","6/6/20","282","24","39055","8.51"
"Greene","1","108","Ohio","6/6/20","101","7","39057","6.93"
"Guernsey","1","41","Ohio","6/6/20","35","6","39059","17.14"
"Hamilton","27","2831","Ohio","6/6/20","2642","189","39061","7.15"
"Hancock","1","54","Ohio","6/6/20","50","4","39063","8"
"Hardin","2","73","Ohio","6/6/20","60","13","39065","21.67"
"Harrison","0","10","Ohio","6/6/20","10","0","39067","0"
"Henry","1","19","Ohio","6/6/20","15","4","39069","26.67"
"Highland","1","29","Ohio","6/6/20","23","6","39071","26.09"
"Hocking","0","71","Ohio","6/6/20","69","2","39073","2.9"
"Holmes","4","60","Ohio","6/6/20","34","26","39075","76.47"
"Huron","1","62","Ohio","6/6/20","57","5","39077","8.77"
"Jackson","0","15","Ohio","6/6/20","14","1","39079","7.14"
"Jefferson","0","68","Ohio","6/6/20","67","1","39081","1.49"
"Knox","0","26","Ohio","6/6/20","25","1","39083","4"
"Lake","3","327","Ohio","6/6/20","306","21","39085","6.86"
"Lawrence","0","30","Ohio","6/6/20","30","0","39087","0"
"Licking","5","275","Ohio","6/6/20","243","32","39089","13.17"
"Logan","1","43","Ohio","6/6/20","38","5","39091","13.16"
"Lorain","8","737","Ohio","6/6/20","678","59","39093","8.7"
"Lucas","14","2340","Ohio","6/6/20","2241","99","39095","4.42"
"Madison","2","164","Ohio","6/6/20","152","12","39097","7.89"
"Mahoning","11","1502","Ohio","6/6/20","1428","74","39099","5.18"
"Marion","4","2689","Ohio","6/6/20","2660","29","39101","1.09"
"Medina","6","382","Ohio","6/6/20","337","45","39103","13.35"
"Meigs","0","6","Ohio","6/6/20","6","0","39105","0"
"Mercer","3","230","Ohio","6/6/20","210","20","39107","9.52"
"Miami","3","373","Ohio","6/6/20","355","18","39109","5.07"
"Monroe","0","80","Ohio","6/6/20","78","2","39111","2.56"
"Montgomery","16","766","Ohio","6/6/20","656","110","39113","16.77"
"Morgan","0","6","Ohio","6/6/20","5","1","39115","20"
"Morrow","0","108","Ohio","6/6/20","107","1","39117","0.93"
"Muskingum","1","56","Ohio","6/6/20","50","6","39119","12"
"Noble","0","6","Ohio","6/6/20","6","0","39121","0"
"Ottawa","1","109","Ohio","6/6/20","99","10","39123","10.1"
"Paulding","0","14","Ohio","6/6/20","14","0","39125","0"
"Perry","0","20","Ohio","6/6/20","18","2","39127","11.11"
"Pickaway","7","2099","Ohio","6/6/20","2050","49","39129","2.39"
"Pike","0","9","Ohio","6/6/20","6","3","39131","50"
"Portage","2","338","Ohio","6/6/20","323","15","39133","4.64"
"Preble","1","39","Ohio","6/6/20","35","4","39135","11.43"
"Putnam","1","96","Ohio","6/6/20","91","5","39137","5.49"
"Richland","3","223","Ohio","6/6/20","199","24","39139","12.06"
"Ross","0","73","Ohio","6/6/20","71","2","39141","2.82"
"Sandusky","3","94","Ohio","6/6/20","73","21","39143","28.77"
"Scioto","0","18","Ohio","6/6/20","15","3","39145","20"
"Seneca","1","27","Ohio","6/6/20","20","7","39147","35"
"Shelby","1","47","Ohio","6/6/20","41","6","39149","14.63"
"Stark","13","813","Ohio","6/6/20","723","90","39151","12.45"
"Summit","21","1540","Ohio","6/6/20","1390","150","39153","10.79"
"Trumbull","5","607","Ohio","6/6/20","569","38","39155","6.68"
"Tuscarawas","5","376","Ohio","6/6/20","342","34","39157","9.94"
"Union","1","58","Ohio","6/6/20","51","7","39159","13.73"
"Van Wert","0","8","Ohio","6/6/20","6","2","39161","33.33"
"Vinton","0","20","Ohio","6/6/20","21","-1","39163","-4.76"
"Warren","7","413","Ohio","6/6/20","366","47","39165","12.84"
"Washington","0","118","Ohio","6/6/20","118","0","39167","0"
"Wayne","3","296","Ohio","6/6/20","272","24","39169","8.82"
"Williams","1","58","Ohio","6/6/20","54","4","39171","7.41"
"Wood","3","308","Ohio","6/6/20","287","21","39173","7.32"
"Wyandot","1","48","Ohio","6/6/20","40","8","39175","20"
"Adair","1","93","Oklahoma","6/6/20","87","6","40001","6.9"
"Alfalfa","0","1","Oklahoma","6/6/20","1","0","40003","0"
"Atoka","0","4","Oklahoma","6/6/20","3","1","40005","33.33"
"Beaver","0","24","Oklahoma","6/6/20","24","0","40007","0"
"Beckham","0","7","Oklahoma","6/6/20","6","1","40009","16.67"
"Blaine","0","9","Oklahoma","6/6/20","6","3","40011","50"
"Bryan","1","35","Oklahoma","6/6/20","26","9","40013","34.62"
"Caddo","1","168","Oklahoma","6/6/20","158","10","40015","6.33"
"Canadian","1","141","Oklahoma","6/6/20","132","9","40017","6.82"
"Carter","1","51","Oklahoma","6/6/20","41","10","40019","24.39"
"Cherokee","0","31","Oklahoma","6/6/20","29","2","40021","6.9"
"Choctaw","8","98","Oklahoma","6/6/20","39","59","40023","151.28"
"Cimarron","0","1","Oklahoma","6/6/20","1","0","40025","0"
"Cleveland","3","519","Oklahoma","6/6/20","500","19","40027","3.8"
"Coal","1","5","Oklahoma","6/6/20","1","4","40029","400"
"Comanche","4","309","Oklahoma","6/6/20","279","30","40031","10.75"
"Cotton","0","5","Oklahoma","6/6/20","5","0","40033","0"
"Craig","0","15","Oklahoma","6/6/20","15","0","40035","0"
"Creek","1","99","Oklahoma","6/6/20","94","5","40037","5.32"
"Custer","2","32","Oklahoma","6/6/20","16","16","40039","100"
"Delaware","0","100","Oklahoma","6/6/20","100","0","40041","0"
"Dewey","0","2","Oklahoma","6/6/20","2","0","40043","0"
"Garfield","0","29","Oklahoma","6/6/20","27","2","40047","7.41"
"Garvin","0","18","Oklahoma","6/6/20","17","1","40049","5.88"
"Grady","2","107","Oklahoma","6/6/20","92","15","40051","16.3"
"Grant","0","2","Oklahoma","6/6/20","2","0","40053","0"
"Greer","0","66","Oklahoma","6/6/20","66","0","40055","0"
"Harper","0","1","Oklahoma","6/6/20","1","0","40059","0"
"Haskell","0","6","Oklahoma","6/6/20","6","0","40061","0"
"Hughes","0","3","Oklahoma","6/6/20","1","2","40063","200"
"Jackson","0","27","Oklahoma","6/6/20","27","0","40065","0"
"Jefferson","0","4","Oklahoma","6/6/20","3","1","40067","33.33"
"Johnston","0","3","Oklahoma","6/6/20","3","0","40069","0"
"Kay","1","59","Oklahoma","6/6/20","53","6","40071","11.32"
"Kingfisher","0","12","Oklahoma","6/6/20","11","1","40073","9.09"
"Kiowa","0","6","Oklahoma","6/6/20","6","0","40075","0"
"Latimer","0","5","Oklahoma","6/6/20","5","0","40077","0"
"Le Flore","0","15","Oklahoma","6/6/20","14","1","40079","7.14"
"Lincoln","0","22","Oklahoma","6/6/20","22","0","40081","0"
"Logan","0","19","Oklahoma","6/6/20","19","0","40083","0"
"Love","0","16","Oklahoma","6/6/20","15","1","40085","6.67"
"Major","0","6","Oklahoma","6/6/20","6","0","40093","0"
"Marshall","0","9","Oklahoma","6/6/20","8","1","40095","12.5"
"Mayes","0","31","Oklahoma","6/6/20","30","1","40097","3.33"
"McClain","1","109","Oklahoma","6/6/20","104","5","40087","4.81"
"McCurtain","7","81","Oklahoma","6/6/20","35","46","40089","131.43"
"McIntosh","0","14","Oklahoma","6/6/20","11","3","40091","27.27"
"Murray","0","5","Oklahoma","6/6/20","4","1","40099","25"
"Muskogee","2","61","Oklahoma","6/6/20","48","13","40101","27.08"
"Noble","0","7","Oklahoma","6/6/20","7","0","40103","0"
"Nowata","0","23","Oklahoma","6/6/20","23","0","40105","0"
"Okfuskee","0","5","Oklahoma","6/6/20","4","1","40107","25"
"Oklahoma","14","1360","Oklahoma","6/6/20","1263","97","40109","7.68"
"Okmulgee","0","26","Oklahoma","6/6/20","26","0","40111","0"
"Osage","1","101","Oklahoma","6/6/20","95","6","40113","6.32"
"Ottawa","0","35","Oklahoma","6/6/20","35","0","40115","0"
"Pawnee","0","33","Oklahoma","6/6/20","31","2","40117","6.45"
"Payne","0","48","Oklahoma","6/6/20","45","3","40119","6.67"
"Pittsburg","0","41","Oklahoma","6/6/20","41","0","40121","0"
"Pontotoc","1","18","Oklahoma","6/6/20","13","5","40123","38.46"
"Pottawatomie","1","63","Oklahoma","6/6/20","59","4","40125","6.78"
"Pushmataha","0","5","Oklahoma","6/6/20","2","3","40127","150"
"Rogers","1","85","Oklahoma","6/6/20","81","4","40131","4.94"
"Seminole","1","30","Oklahoma","6/6/20","26","4","40133","15.38"
"Sequoyah","0","17","Oklahoma","6/6/20","15","2","40135","13.33"
"Stephens","0","41","Oklahoma","6/6/20","38","3","40137","7.89"
"Texas","4","944","Oklahoma","6/6/20","917","27","40139","2.94"
"Tillman","0","23","Oklahoma","6/6/20","23","0","40141","0"
"Tulsa","24","1165","Oklahoma","6/6/20","998","167","40143","16.73"
"Wagoner","1","153","Oklahoma","6/6/20","149","4","40145","2.68"
"Washington","3","340","Oklahoma","6/6/20","316","24","40147","7.59"
"Washita","0","2","Oklahoma","6/6/20","2","0","40149","0"
"Woods","0","4","Oklahoma","6/6/20","3","1","40151","33.33"
"Woodward","0","5","Oklahoma","6/6/20","5","0","40153","0"
"Baker","0","1","Oregon","6/6/20","1","0","41001","0"
"Benton","1","62","Oregon","6/6/20","55","7","41003","12.73"
"Clackamas","5","339","Oregon","6/6/20","306","33","41005","10.78"
"Clatsop","0","45","Oregon","6/6/20","45","0","41007","0"
"Columbia","0","16","Oregon","6/6/20","16","0","41009","0"
"Coos","0","32","Oregon","6/6/20","31","1","41011","3.23"
"Crook","0","6","Oregon","6/6/20","6","0","41013","0"
"Curry","0","7","Oregon","6/6/20","7","0","41015","0"
"Deschutes","1","134","Oregon","6/6/20","124","10","41017","8.06"
"Douglas","0","29","Oregon","6/6/20","27","2","41019","7.41"
"Grant","0","1","Oregon","6/6/20","1","0","41023","0"
"Harney","0","1","Oregon","6/6/20","1","0","41025","0"
"Hood River","3","37","Oregon","6/6/20","16","21","41027","131.25"
"Jackson","1","69","Oregon","6/6/20","65","4","41029","6.15"
"Jefferson","4","55","Oregon","6/6/20","30","25","41031","83.33"
"Josephine","0","23","Oregon","6/6/20","23","0","41033","0"
"Klamath","0","45","Oregon","6/6/20","44","1","41035","2.27"
"Lake","0","2","Oregon","6/6/20","2","0","41037","0"
"Lane","2","80","Oregon","6/6/20","69","11","41039","15.94"
"Lincoln","2","27","Oregon","6/6/20","12","15","41041","125"
"Linn","1","124","Oregon","6/6/20","115","9","41043","7.83"
"Malheur","0","33","Oregon","6/6/20","32","1","41045","3.12"
"Marion","11","1028","Oregon","6/6/20","949","79","41047","8.32"
"Morrow","0","12","Oregon","6/6/20","11","1","41049","9.09"
"Multnomah","13","1236","Oregon","6/6/20","1142","94","41051","8.23"
"Polk","0","100","Oregon","6/6/20","98","2","41053","2.04"
"Sherman","0","1","Oregon","6/6/20","1","0","41055","0"
"Tillamook","0","6","Oregon","6/6/20","6","0","41057","0"
"Umatilla","1","125","Oregon","6/6/20","116","9","41059","7.76"
"Union","0","6","Oregon","6/6/20","6","0","41061","0"
"Wallowa","0","2","Oregon","6/6/20","2","0","41063","0"
"Wasco","1","32","Oregon","6/6/20","23","9","41065","39.13"
"Washington","6","775","Oregon","6/6/20","734","41","41067","5.59"
"Yamhill","1","79","Oregon","6/6/20","69","10","41071","14.49"
"Adams","3","269","Pennsylvania","6/6/20","245","24","42001","9.8"
"Allegheny","13","1989","Pennsylvania","6/6/20","1897","92","42003","4.85"
"Armstrong","0","65","Pennsylvania","6/6/20","62","3","42005","4.84"
"Beaver","1","598","Pennsylvania","6/6/20","589","9","42007","1.53"
"Bedford","1","43","Pennsylvania","6/6/20","39","4","42009","10.26"
"Berks","26","4184","Pennsylvania","6/6/20","4002","182","42011","4.55"
"Blair","0","53","Pennsylvania","6/6/20","50","3","42013","6"
"Bradford","0","46","Pennsylvania","6/6/20","46","0","42015","0"
"Bucks","28","5243","Pennsylvania","6/6/20","5050","193","42017","3.82"
"Butler","2","244","Pennsylvania","6/6/20","229","15","42019","6.55"
"Cambria","0","59","Pennsylvania","6/6/20","57","2","42021","3.51"
"Cameron","0","2","Pennsylvania","6/6/20","2","0","42023","0"
"Carbon","2","248","Pennsylvania","6/6/20","235","13","42025","5.53"
"Centre","0","155","Pennsylvania","6/6/20","152","3","42027","1.97"
"Chester","49","3014","Pennsylvania","6/6/20","2669","345","42029","12.93"
"Clarion","0","27","Pennsylvania","6/6/20","27","0","42031","0"
"Clearfield","1","44","Pennsylvania","6/6/20","39","5","42033","12.82"
"Clinton","1","60","Pennsylvania","6/6/20","56","4","42035","7.14"
"Columbia","2","361","Pennsylvania","6/6/20","346","15","42037","4.34"
"Crawford","0","30","Pennsylvania","6/6/20","29","1","42039","3.45"
"Cumberland","6","665","Pennsylvania","6/6/20","626","39","42041","6.23"
"Dauphin","28","1451","Pennsylvania","6/6/20","1258","193","42043","15.34"
"Delaware","34","6659","Pennsylvania","6/6/20","6420","239","42045","3.72"
"Elk","0","6","Pennsylvania","6/6/20","6","0","42047","0"
"Erie","13","363","Pennsylvania","6/6/20","274","89","42049","32.48"
"Fayette","0","95","Pennsylvania","6/6/20","95","0","42051","0"
"Forest","0","7","Pennsylvania","6/6/20","7","0","42053","0"
"Franklin","4","792","Pennsylvania","6/6/20","767","25","42055","3.26"
"Fulton","0","16","Pennsylvania","6/6/20","15","1","42057","6.67"
"Greene","0","27","Pennsylvania","6/6/20","27","0","42059","0"
"Huntingdon","1","236","Pennsylvania","6/6/20","230","6","42061","2.61"
"Indiana","0","91","Pennsylvania","6/6/20","91","0","42063","0"
"Jefferson","1","16","Pennsylvania","6/6/20","9","7","42065","77.78"
"Juniata","0","96","Pennsylvania","6/6/20","95","1","42067","1.05"
"Lackawanna","5","1579","Pennsylvania","6/6/20","1543","36","42069","2.33"
"Lancaster","39","3404","Pennsylvania","6/6/20","3131","273","42071","8.72"
"Lawrence","1","84","Pennsylvania","6/6/20","79","5","42073","6.33"
"Lebanon","9","1021","Pennsylvania","6/6/20","958","63","42075","6.58"
"Lehigh","14","3846","Pennsylvania","6/6/20","3747","99","42077","2.64"
"Luzerne","10","2791","Pennsylvania","6/6/20","2722","69","42079","2.53"
"Lycoming","0","166","Pennsylvania","6/6/20","164","2","42081","1.22"
"McKean","0","13","Pennsylvania","6/6/20","12","1","42083","8.33"
"Mercer","1","111","Pennsylvania","6/6/20","107","4","42085","3.74"
"Mifflin","0","59","Pennsylvania","6/6/20","59","0","42087","0"
"Monroe","3","1338","Pennsylvania","6/6/20","1318","20","42089","1.52"
"Montgomery","77","7542","Pennsylvania","6/6/20","7006","536","42091","7.65"
"Montour","0","53","Pennsylvania","6/6/20","50","3","42093","6"
"Northampton","12","3144","Pennsylvania","6/6/20","3062","82","42095","2.68"
"Northumberland","3","208","Pennsylvania","6/6/20","190","18","42097","9.47"
"Perry","1","67","Pennsylvania","6/6/20","57","10","42099","17.54"
"Philadelphia","129","23529","Pennsylvania","6/6/20","22629","900","42101","3.98"
"Pike","1","481","Pennsylvania","6/6/20","476","5","42103","1.05"
"Potter","1","11","Pennsylvania","6/6/20","4","7","42105","175"
"Schuylkill","5","656","Pennsylvania","6/6/20","623","33","42107","5.3"
"Snyder","2","54","Pennsylvania","6/6/20","42","12","42109","28.57"
"Somerset","0","39","Pennsylvania","6/6/20","38","1","42111","2.63"
"Sullivan","0","3","Pennsylvania","6/6/20","3","0","42113","0"
"Susquehanna","3","133","Pennsylvania","6/6/20","109","24","42115","22.02"
"Tioga","0","19","Pennsylvania","6/6/20","17","2","42117","11.76"
"Union","2","71","Pennsylvania","6/6/20","59","12","42119","20.34"
"Venango","1","15","Pennsylvania","6/6/20","9","6","42121","66.67"
"Warren","0","5","Pennsylvania","6/6/20","3","2","42123","66.67"
"Washington","1","146","Pennsylvania","6/6/20","139","7","42125","5.04"
"Wayne","1","123","Pennsylvania","6/6/20","119","4","42127","3.36"
"Westmoreland","1","457","Pennsylvania","6/6/20","447","10","42129","2.24"
"Wyoming","0","34","Pennsylvania","6/6/20","34","0","42131","0"
"York","7","1049","Pennsylvania","6/6/20","1000","49","42133","4.9"
"","171","4915","Puerto Rico","6/6/20","3718","1197",,"32.19"
"Bristol","0","224","Rhode Island","6/6/20","224","0","44001","0"
"Kent","0","1052","Rhode Island","6/6/20","1052","0","44003","0"
"Newport","0","244","Rhode Island","6/6/20","244","0","44005","0"
"Providence","0","11052","Rhode Island","6/6/20","11052","0","44007","0"
"Washington","0","499","Rhode Island","6/6/20","499","0","44009","0"
"Abbeville","1","47","South Carolina","6/6/20","39","8","45001","20.51"
"Aiken","3","216","South Carolina","6/6/20","194","22","45003","11.34"
"Allendale","1","39","South Carolina","6/6/20","34","5","45005","14.71"
"Anderson","4","263","South Carolina","6/6/20","234","29","45007","12.39"
"Bamberg","2","33","South Carolina","6/6/20","22","11","45009","50"
"Barnwell","1","52","South Carolina","6/6/20","45","7","45011","15.56"
"Beaufort","6","417","South Carolina","6/6/20","376","41","45013","10.9"
"Berkeley","4","257","South Carolina","6/6/20","230","27","45015","11.74"
"Calhoun","1","19","South Carolina","6/6/20","14","5","45017","35.71"
"Charleston","14","709","South Carolina","6/6/20","609","100","45019","16.42"
"Cherokee","2","49","South Carolina","6/6/20","34","15","45021","44.12"
"Chester","3","96","South Carolina","6/6/20","74","22","45023","29.73"
"Chesterfield","8","236","South Carolina","6/6/20","180","56","45025","31.11"
"Clarendon","0","304","South Carolina","6/6/20","301","3","45027","1"
"Colleton","4","128","South Carolina","6/6/20","101","27","45029","26.73"
"Darlington","5","316","South Carolina","6/6/20","284","32","45031","11.27"
"Dillon","2","177","South Carolina","6/6/20","162","15","45033","9.26"
"Dorchester","4","189","South Carolina","6/6/20","164","25","45035","15.24"
"Edgefield","0","54","South Carolina","6/6/20","51","3","45037","5.88"
"Fairfield","4","203","South Carolina","6/6/20","174","29","45039","16.67"
"Florence","9","707","South Carolina","6/6/20","643","64","45041","9.95"
"Georgetown","1","82","South Carolina","6/6/20","73","9","45043","12.33"
"Greenville","66","1934","South Carolina","6/6/20","1469","465","45045","31.65"
"Greenwood","4","160","South Carolina","6/6/20","129","31","45047","24.03"
"Hampton","0","38","South Carolina","6/6/20","36","2","45049","5.56"
"Horry","17","536","South Carolina","6/6/20","417","119","45051","28.54"
"Jasper","1","45","South Carolina","6/6/20","41","4","45053","9.76"
"Kershaw","6","368","South Carolina","6/6/20","329","39","45055","11.85"
"Lancaster","8","189","South Carolina","6/6/20","130","59","45057","45.38"
"Laurens","1","77","South Carolina","6/6/20","67","10","45059","14.93"
"Lee","1","227","South Carolina","6/6/20","217","10","45061","4.61"
"Lexington","20","766","South Carolina","6/6/20","625","141","45063","22.56"
"Marion","1","74","South Carolina","6/6/20","68","6","45067","8.82"
"Marlboro","5","198","South Carolina","6/6/20","161","37","45069","22.98"
"McCormick","0","10","South Carolina","6/6/20","8","2","45065","25"
"Newberry","2","71","South Carolina","6/6/20","60","11","45071","18.33"
"Oconee","1","55","South Carolina","6/6/20","50","5","45073","10"
"Orangeburg","9","242","South Carolina","6/6/20","179","63","45075","35.2"
"Pickens","7","186","South Carolina","6/6/20","140","46","45077","32.86"
"Richland","26","1666","South Carolina","6/6/20","1485","181","45079","12.19"
"Saluda","1","151","South Carolina","6/6/20","144","7","45081","4.86"
"Spartanburg","21","701","South Carolina","6/6/20","556","145","45083","26.08"
"Sumter","7","426","South Carolina","6/6/20","378","48","45085","12.7"
"Union","1","40","South Carolina","6/6/20","36","4","45087","11.11"
"Williamsburg","3","254","South Carolina","6/6/20","233","21","45089","9.01"
"York","7","446","South Carolina","6/6/20","398","48","45091","12.06"
"Aurora","1","29","South Dakota","6/6/20","25","4","46003","16"
"Beadle","16","361","South Dakota","6/6/20","252","109","46005","43.25"
"Bon Homme","0","8","South Dakota","6/6/20","8","0","46009","0"
"Brookings","1","22","South Dakota","6/6/20","16","6","46011","37.5"
"Brown","3","295","South Dakota","6/6/20","271","24","46013","8.86"
"Brule","0","2","South Dakota","6/6/20","0","2","46015","1"
"Buffalo","1","24","South Dakota","6/6/20","17","7","46017","41.18"
"Charles Mix","0","20","South Dakota","6/6/20","17","3","46023","17.65"
"Clark","0","4","South Dakota","6/6/20","4","0","46025","0"
"Clay","2","27","South Dakota","6/6/20","15","12","46027","80"
"Codington","1","41","South Dakota","6/6/20","36","5","46029","13.89"
"Corson","0","4","South Dakota","6/6/20","4","0","46031","0"
"Custer","0","1","South Dakota","6/6/20","0","1","46033","1"
"Davison","2","27","South Dakota","6/6/20","15","12","46035","80"
"Day","0","13","South Dakota","6/6/20","13","0","46037","0"
"Deuel","0","1","South Dakota","6/6/20","1","0","46039","0"
"Dewey","0","1","South Dakota","6/6/20","0","1","46041","1"
"Douglas","0","3","South Dakota","6/6/20","3","0","46043","0"
"Edmunds","0","3","South Dakota","6/6/20","1","2","46045","200"
"Fall River","0","6","South Dakota","6/6/20","4","2","46047","50"
"Faulk","0","1","South Dakota","6/6/20","1","0","46049","0"
"Grant","0","13","South Dakota","6/6/20","13","0","46051","0"
"Gregory","0","1","South Dakota","6/6/20","0","1","46053","1"
"Hamlin","0","5","South Dakota","6/6/20","4","1","46057","25"
"Hand","0","5","South Dakota","6/6/20","2","3","46059","150"
"Hanson","0","2","South Dakota","6/6/20","0","2","46061","1"
"Hughes","0","19","South Dakota","6/6/20","19","0","46065","0"
"Hutchinson","0","6","South Dakota","6/6/20","5","1","46067","20"
"Hyde","0","1","South Dakota","6/6/20","1","0","46069","0"
"Jackson","0","4","South Dakota","6/6/20","4","0","46071","0"
"Jerauld","1","39","South Dakota","6/6/20","34","5","46073","14.71"
"Kingsbury","0","4","South Dakota","6/6/20","1","3","46077","300"
"Lake","1","13","South Dakota","6/6/20","8","5","46079","62.5"
"Lawrence","0","12","South Dakota","6/6/20","11","1","46081","9.09"
"Lincoln","2","250","South Dakota","6/6/20","237","13","46083","5.49"
"Lyman","1","22","South Dakota","6/6/20","14","8","46085","57.14"
"Marshall","0","4","South Dakota","6/6/20","4","0","46091","0"
"McCook","0","6","South Dakota","6/6/20","6","0","46087","0"
"McPherson","0","2","South Dakota","6/6/20","1","1","46089","100"
"Meade","1","24","South Dakota","6/6/20","18","6","46093","33.33"
"Miner","0","2","South Dakota","6/6/20","1","1","46097","100"
"Minnehaha","7","3397","South Dakota","6/6/20","3345","52","46099","1.55"
"Moody","0","19","South Dakota","6/6/20","19","0","46101","0"
"Oglala Lakota","1","35","South Dakota","6/6/20","25","10","46102","40"
"Pennington","11","297","South Dakota","6/6/20","218","79","46103","36.24"
"Roberts","0","38","South Dakota","6/6/20","36","2","46109","5.56"
"Sanborn","0","13","South Dakota","6/6/20","13","0","46111","0"
"Spink","0","5","South Dakota","6/6/20","5","0","46115","0"
"Stanley","0","10","South Dakota","6/6/20","10","0","46117","0"
"Sully","0","1","South Dakota","6/6/20","1","0","46119","0"
"Todd","1","36","South Dakota","6/6/20","26","10","46121","38.46"
"Tripp","0","6","South Dakota","6/6/20","6","0","46123","0"
"Turner","0","25","South Dakota","6/6/20","24","1","46125","4.17"
"Union","1","98","South Dakota","6/6/20","89","9","46127","10.11"
"Walworth","0","5","South Dakota","6/6/20","5","0","46129","0"
"Yankton","0","53","South Dakota","6/6/20","51","2","46135","3.92"
"Ziebach","0","2","South Dakota","6/6/20","1","1","46137","100"
"Anderson","1","45","Tennessee","6/6/20","40","5","47001","12.5"
"Bedford","4","314","Tennessee","6/6/20","283","31","47003","10.95"
"Benton","0","8","Tennessee","6/6/20","7","1","47005","14.29"
"Bledsoe","1","614","Tennessee","6/6/20","607","7","47007","1.15"
"Blount","0","93","Tennessee","6/6/20","91","2","47009","2.2"
"Bradley","9","184","Tennessee","6/6/20","122","62","47011","50.82"
"Campbell","0","18","Tennessee","6/6/20","18","0","47013","0"
"Cannon","2","32","Tennessee","6/6/20","21","11","47015","52.38"
"Carroll","0","28","Tennessee","6/6/20","27","1","47017","3.7"
"Carter","0","19","Tennessee","6/6/20","19","0","47019","0"
"Cheatham","3","141","Tennessee","6/6/20","123","18","47021","14.63"
"Chester","0","12","Tennessee","6/6/20","12","0","47023","0"
"Claiborne","0","12","Tennessee","6/6/20","9","3","47025","33.33"
"Clay","0","8","Tennessee","6/6/20","7","1","47027","14.29"
"Cocke","0","21","Tennessee","6/6/20","20","1","47029","5"
"Coffee","1","81","Tennessee","6/6/20","73","8","47031","10.96"
"Crockett","0","16","Tennessee","6/6/20","16","0","47033","0"
"Cumberland","2","124","Tennessee","6/6/20","112","12","47035","10.71"
"Davidson","100","5742","Tennessee","6/6/20","5040","702","47037","13.93"
"Decatur","0","6","Tennessee","6/6/20","5","1","47039","20"
"DeKalb","0","39","Tennessee","6/6/20","37","2","47041","5.41"
"Dickson","2","124","Tennessee","6/6/20","109","15","47043","13.76"
"Dyer","1","60","Tennessee","6/6/20","50","10","47045","20"
"Fayette","5","152","Tennessee","6/6/20","115","37","47047","32.17"
"Fentress","0","12","Tennessee","6/6/20","12","0","47049","0"
"Franklin","0","54","Tennessee","6/6/20","53","1","47051","1.89"
"Gibson","0","63","Tennessee","6/6/20","63","0","47053","0"
"Giles","1","17","Tennessee","6/6/20","12","5","47055","41.67"
"Grainger","1","16","Tennessee","6/6/20","8","8","47057","100"
"Greene","0","52","Tennessee","6/6/20","50","2","47059","4"
"Grundy","0","32","Tennessee","6/6/20","31","1","47061","3.23"
"Hamblen","1","45","Tennessee","6/6/20","36","9","47063","25"
"Hamilton","31","1013","Tennessee","6/6/20","794","219","47065","27.58"
"Hancock","0","1","Tennessee","6/6/20","1","0","47067","0"
"Hardeman","2","208","Tennessee","6/6/20","196","12","47069","6.12"
"Hardin","1","23","Tennessee","6/6/20","15","8","47071","53.33"
"Hawkins","0","34","Tennessee","6/6/20","33","1","47073","3.03"
"Haywood","0","34","Tennessee","6/6/20","31","3","47075","9.68"
"Henderson","0","15","Tennessee","6/6/20","15","0","47077","0"
"Henry","0","32","Tennessee","6/6/20","30","2","47079","6.67"
"Hickman","1","62","Tennessee","6/6/20","58","4","47081","6.9"
"Houston","0","8","Tennessee","6/6/20","8","0","47083","0"
"Humphreys","0","16","Tennessee","6/6/20","13","3","47085","23.08"
"Jackson","0","19","Tennessee","6/6/20","17","2","47087","11.76"
"Jefferson","0","29","Tennessee","6/6/20","28","1","47089","3.57"
"Johnson","1","20","Tennessee","6/6/20","16","4","47091","25"
"Knox","12","461","Tennessee","6/6/20","375","86","47093","22.93"
"Lake","60","835","Tennessee","6/6/20","414","421","47095","101.69"
"Lauderdale","1","60","Tennessee","6/6/20","56","4","47097","7.14"
"Lawrence","1","36","Tennessee","6/6/20","31","5","47099","16.13"
"Lewis","0","3","Tennessee","6/6/20","3","0","47101","0"
"Lincoln","1","32","Tennessee","6/6/20","25","7","47103","28"
"Loudon","4","168","Tennessee","6/6/20","143","25","47105","17.48"
"Macon","6","177","Tennessee","6/6/20","136","41","47111","30.15"
"Madison","0","174","Tennessee","6/6/20","175","-1","47113","-0.57"
"Marion","1","45","Tennessee","6/6/20","40","5","47115","12.5"
"Marshall","1","36","Tennessee","6/6/20","31","5","47117","16.13"
"Maury","4","115","Tennessee","6/6/20","89","26","47119","29.21"
"McMinn","1","150","Tennessee","6/6/20","141","9","47107","6.38"
"McNairy","1","19","Tennessee","6/6/20","12","7","47109","58.33"
"Meigs","0","27","Tennessee","6/6/20","26","1","47121","3.85"
"Monroe","2","75","Tennessee","6/6/20","62","13","47123","20.97"
"Montgomery","3","287","Tennessee","6/6/20","269","18","47125","6.69"
"Moore","0","5","Tennessee","6/6/20","3","2","47127","66.67"
"Morgan","0","18","Tennessee","6/6/20","17","1","47129","5.88"
"Obion","3","52","Tennessee","6/6/20","30","22","47131","73.33"
"Out of TN","1","426","Tennessee","6/6/20","418","8","80047","1.91"
"Overton","1","34","Tennessee","6/6/20","26","8","47133","30.77"
"Perry","0","24","Tennessee","6/6/20","21","3","47135","14.29"
"Pickett","0","4","Tennessee","6/6/20","3","1","47137","33.33"
"Polk","1","21","Tennessee","6/6/20","16","5","47139","31.25"
"Putnam","7","529","Tennessee","6/6/20","479","50","47141","10.44"
"Rhea","1","218","Tennessee","6/6/20","210","8","47143","3.81"
"Roane","0","19","Tennessee","6/6/20","16","3","47145","18.75"
"Robertson","11","545","Tennessee","6/6/20","465","80","47147","17.2"
"Rutherford","35","1443","Tennessee","6/6/20","1196","247","47149","20.65"
"Scott","0","13","Tennessee","6/6/20","12","1","47151","8.33"
"Sequatchie","1","20","Tennessee","6/6/20","15","5","47153","33.33"
"Sevier","4","109","Tennessee","6/6/20","81","28","47155","34.57"
"Shelby","124","5812","Tennessee","6/6/20","4943","869","47157","17.58"
"Smith","0","36","Tennessee","6/6/20","34","2","47159","5.88"
"Stewart","1","15","Tennessee","6/6/20","11","4","47161","36.36"
"Sullivan","0","62","Tennessee","6/6/20","60","2","47163","3.33"
"Sumner","12","967","Tennessee","6/6/20","881","86","47165","9.76"
"Tipton","5","475","Tennessee","6/6/20","442","33","47167","7.47"
"Trousdale","0","1394","Tennessee","6/6/20","1392","2","47169","0.14"
"Unicoi","7","52","Tennessee","6/6/20","4","48","47171","1200"
"Union","0","4","Tennessee","6/6/20","4","0","47173","0"
"Van Buren","0","4","Tennessee","6/6/20","4","0","47175","0"
"Warren","1","28","Tennessee","6/6/20","23","5","47177","21.74"
"Washington","2","86","Tennessee","6/6/20","75","11","47179","14.67"
"Wayne","0","64","Tennessee","6/6/20","64","0","47181","0"
"Weakley","0","26","Tennessee","6/6/20","26","0","47183","0"
"White","1","38","Tennessee","6/6/20","33","5","47185","15.15"
"Williamson","8","606","Tennessee","6/6/20","552","54","47187","9.78"
"Wilson","9","469","Tennessee","6/6/20","407","62","47189","15.23"
"Anderson","2","87","Texas","6/6/20","72","15","48001","20.83"
"Andrews","0","27","Texas","6/6/20","27","0","48003","0"
"Angelina","5","237","Texas","6/6/20","205","32","48005","15.61"
"Aransas","0","5","Texas","6/6/20","5","0","48007","0"
"Archer","0","2","Texas","6/6/20","1","1","48009","100"
"Armstrong","0","3","Texas","6/6/20","3","0","48011","0"
"Atascosa","1","41","Texas","6/6/20","35","6","48013","17.14"
"Austin","1","29","Texas","6/6/20","25","4","48015","16"
"Bailey","1","26","Texas","6/6/20","17","9","48017","52.94"
"Bandera","0","6","Texas","6/6/20","6","0","48019","0"
"Bastrop","7","250","Texas","6/6/20","204","46","48021","22.55"
"Baylor","0","1","Texas","6/6/20","0","1","48023","1"
"Bee","2","22","Texas","6/6/20","9","13","48025","144.44"
"Bell","13","446","Texas","6/6/20","356","90","48027","25.28"
"Bexar","72","3143","Texas","6/6/20","2636","507","48029","19.23"
"Blanco","0","11","Texas","6/6/20","10","1","48031","10"
"Bosque","0","7","Texas","6/6/20","7","0","48035","0"
"Bowie","16","312","Texas","6/6/20","197","115","48037","58.38"
"Brazoria","14","990","Texas","6/6/20","894","96","48039","10.74"
"Brazos","14","565","Texas","6/6/20","470","95","48041","20.21"
"Brewster","0","1","Texas","6/6/20","1","0","48043","0"
"Briscoe","0","1","Texas","6/6/20","1","0","48045","0"
"Brooks","0","1","Texas","6/6/20","1","0","48047","0"
"Brown","0","59","Texas","6/6/20","58","1","48049","1.72"
"Burleson","1","32","Texas","6/6/20","24","8","48051","33.33"
"Burnet","2","51","Texas","6/6/20","36","15","48053","41.67"
"Caldwell","2","76","Texas","6/6/20","64","12","48055","18.75"
"Calhoun","0","38","Texas","6/6/20","37","1","48057","2.7"
"Callahan","0","10","Texas","6/6/20","9","1","48059","11.11"
"Cameron","16","863","Texas","6/6/20","754","109","48061","14.46"
"Camp","1","91","Texas","6/6/20","82","9","48063","10.98"
"Carson","0","6","Texas","6/6/20","6","0","48065","0"
"Cass","0","31","Texas","6/6/20","29","2","48067","6.9"
"Castro","0","35","Texas","6/6/20","33","2","48069","6.06"
"Chambers","1","76","Texas","6/6/20","67","9","48071","13.43"
"Cherokee","1","52","Texas","6/6/20","44","8","48073","18.18"
"Childress","0","2","Texas","6/6/20","2","0","48075","0"
"Clay","0","5","Texas","6/6/20","3","2","48077","66.67"
"Cochran","0","1","Texas","6/6/20","1","0","48079","0"
"Coke","0","1","Texas","6/6/20","1","0","48081","0"
"Coleman","0","3","Texas","6/6/20","3","0","48083","0"
"Collin","24","1447","Texas","6/6/20","1278","169","48085","13.22"
"Collingsworth","0","5","Texas","6/6/20","5","0","48087","0"
"Colorado","0","24","Texas","6/6/20","22","2","48089","9.09"
"Comal","3","117","Texas","6/6/20","94","23","48091","24.47"
"Comanche","0","12","Texas","6/6/20","12","0","48093","0"
"Concho","0","1","Texas","6/6/20","1","0","48095","0"
"Cooke","1","20","Texas","6/6/20","14","6","48097","42.86"
"Coryell","8","290","Texas","6/6/20","231","59","48099","25.54"
"Cottle","0","4","Texas","6/6/20","4","0","48101","0"
"Crane","1","27","Texas","6/6/20","23","4","48103","17.39"
"Crockett","0","1","Texas","6/6/20","0","1","48105","1"
"Crosby","0","3","Texas","6/6/20","4","-1","48107","-25"
"Dallam","0","27","Texas","6/6/20","25","2","48111","8"
"Dallas","292","11830","Texas","6/6/20","9787","2043","48113","20.87"
"Dawson","0","45","Texas","6/6/20","42","3","48115","7.14"
"Deaf Smith","2","176","Texas","6/6/20","164","12","48117","7.32"
"Delta","0","2","Texas","6/6/20","1","1","48119","100"
"Denton","20","1467","Texas","6/6/20","1329","138","48121","10.38"
"DeWitt","0","18","Texas","6/6/20","17","1","48123","5.88"
"Dickens","0","1","Texas","6/6/20","1","0","48125","0"
"Dimmit","0","1","Texas","6/6/20","1","0","48127","0"
"Donley","0","27","Texas","6/6/20","26","1","48129","3.85"
"Duval","0","5","Texas","6/6/20","5","0","48131","0"
"Eastland","0","7","Texas","6/6/20","6","1","48133","16.67"
"Ector","5","187","Texas","6/6/20","154","33","48135","21.43"
"El Paso","85","3298","Texas","6/6/20","2704","594","48141","21.97"
"Ellis","10","388","Texas","6/6/20","317","71","48139","22.4"
"Erath","1","26","Texas","6/6/20","17","9","48143","52.94"
"Falls","1","11","Texas","6/6/20","7","4","48145","57.14"
"Fannin","0","43","Texas","6/6/20","41","2","48147","4.88"
"Fayette","1","38","Texas","6/6/20","34","4","48149","11.76"
"Fisher","0","2","Texas","6/6/20","2","0","48151","0"
"Floyd","1","16","Texas","6/6/20","11","5","48153","45.45"
"Fort Bend","41","2117","Texas","6/6/20","1832","285","48157","15.56"
"Franklin","1","19","Texas","6/6/20","15","4","48159","26.67"
"Freestone","0","11","Texas","6/6/20","10","1","48161","10"
"Frio","0","40","Texas","6/6/20","37","3","48163","8.11"
"Gaines","0","8","Texas","6/6/20","7","1","48165","14.29"
"Galveston","16","906","Texas","6/6/20","795","111","48167","13.96"
"Garza","0","6","Texas","6/6/20","5","1","48169","20"
"Gillespie","0","5","Texas","6/6/20","5","0","48171","0"
"Glasscock","0","1","Texas","6/6/20","1","0","48173","0"
"Goliad","0","7","Texas","6/6/20","7","0","48175","0"
"Gonzales","4","149","Texas","6/6/20","121","28","48177","23.14"
"Gray","1","104","Texas","6/6/20","98","6","48179","6.12"
"Grayson","6","372","Texas","6/6/20","327","45","48181","13.76"
"Gregg","6","257","Texas","6/6/20","213","44","48183","20.66"
"Grimes","17","237","Texas","6/6/20","121","116","48185","95.87"
"Guadalupe","2","147","Texas","6/6/20","132","15","48187","11.36"
"Hale","0","60","Texas","6/6/20","57","3","48189","5.26"
"Hall","0","2","Texas","6/6/20","2","0","48191","0"
"Hamilton","0","9","Texas","6/6/20","8","1","48193","12.5"
"Hansford","0","20","Texas","6/6/20","19","1","48195","5.26"
"Hardeman","0","3","Texas","6/6/20","1","2","48197","200"
"Hardin","1","142","Texas","6/6/20","138","4","48199","2.9"
"Harris","315","14423","Texas","6/6/20","12220","2203","48201","18.03"
"Harrison","2","256","Texas","6/6/20","244","12","48203","4.92"
"Hartley","0","12","Texas","6/6/20","11","1","48205","9.09"
"Haskell","0","3","Texas","6/6/20","3","0","48207","0"
"Hays","8","385","Texas","6/6/20","329","56","48209","17.02"
"Hemphill","0","1","Texas","6/6/20","1","0","48211","0"
"Henderson","2","68","Texas","6/6/20","57","11","48213","19.3"
"Hidalgo","17","679","Texas","6/6/20","560","119","48215","21.25"
"Hill","0","27","Texas","6/6/20","24","3","48217","12.5"
"Hockley","0","27","Texas","6/6/20","27","0","48219","0"
"Hood","1","31","Texas","6/6/20","27","4","48221","14.81"
"Hopkins","0","29","Texas","6/6/20","26","3","48223","11.54"
"Houston","10","151","Texas","6/6/20","84","67","48225","79.76"
"Howard","0","9","Texas","6/6/20","8","1","48227","12.5"
"Hudspeth","0","4","Texas","6/6/20","2","2","48229","100"
"Hunt","5","114","Texas","6/6/20","82","32","48231","39.02"
"Hutchinson","1","44","Texas","6/6/20","36","8","48233","22.22"
"Irion","0","1","Texas","6/6/20","0","1","48235","1"
"Jack","0","4","Texas","6/6/20","4","0","48237","0"
"Jackson","0","19","Texas","6/6/20","18","1","48239","5.56"
"Jasper","0","30","Texas","6/6/20","29","1","48241","3.45"
"Jefferson","12","619","Texas","6/6/20","533","86","48245","16.14"
"Jim Hogg","0","4","Texas","6/6/20","4","0","48247","0"
"Jim Wells","1","13","Texas","6/6/20","9","4","48249","44.44"
"Johnson","4","202","Texas","6/6/20","175","27","48251","15.43"
"Jones","34","637","Texas","6/6/20","401","236","48253","58.85"
"Karnes","0","4","Texas","6/6/20","4","0","48255","0"
"Kaufman","7","269","Texas","6/6/20","223","46","48257","20.63"
"Kendall","1","33","Texas","6/6/20","29","4","48259","13.79"
"Kerr","0","20","Texas","6/6/20","18","2","48265","11.11"
"Kimble","0","1","Texas","6/6/20","1","0","48267","0"
"Kinney","0","1","Texas","6/6/20","1","0","48271","0"
"Kleberg","0","18","Texas","6/6/20","16","2","48273","12.5"
"Knox","0","1","Texas","6/6/20","1","0","48275","0"
"La Salle","0","4","Texas","6/6/20","4","0","48283","0"
"Lamar","2","155","Texas","6/6/20","138","17","48277","12.32"
"Lamb","0","17","Texas","6/6/20","16","1","48279","6.25"
"Lampasas","0","9","Texas","6/6/20","9","0","48281","0"
"Lavaca","1","19","Texas","6/6/20","12","7","48285","58.33"
"Lee","0","25","Texas","6/6/20","25","0","48287","0"
"Leon","0","11","Texas","6/6/20","10","1","48289","10"
"Liberty","1","101","Texas","6/6/20","92","9","48291","9.78"
"Limestone","1","32","Texas","6/6/20","24","8","48293","33.33"
"Lipscomb","0","5","Texas","6/6/20","2","3","48295","150"
"Live Oak","0","9","Texas","6/6/20","9","0","48297","0"
"Llano","0","3","Texas","6/6/20","3","0","48299","0"
"Lubbock","7","734","Texas","6/6/20","688","46","48303","6.69"
"Lynn","0","8","Texas","6/6/20","7","1","48305","14.29"
"Madison","0","10","Texas","6/6/20","8","2","48313","25"
"Marion","0","17","Texas","6/6/20","16","1","48315","6.25"
"Martin","0","3","Texas","6/6/20","3","0","48317","0"
"Mason","0","32","Texas","6/6/20","32","0","48319","0"
"Matagorda","0","71","Texas","6/6/20","70","1","48321","1.43"
"Maverick","2","133","Texas","6/6/20","116","17","48323","14.66"
"McCulloch","0","3","Texas","6/6/20","3","0","48307","0"
"McLennan","1","127","Texas","6/6/20","118","9","48309","7.63"
"Medina","21","216","Texas","6/6/20","71","145","48325","204.23"
"Midland","4","155","Texas","6/6/20","129","26","48329","20.16"
"Milam","1","35","Texas","6/6/20","28","7","48331","25"
"Mills","0","1","Texas","6/6/20","1","0","48333","0"
"Mitchell","0","1","Texas","6/6/20","1","0","48335","0"
"Montague","0","9","Texas","6/6/20","9","0","48337","0"
"Montgomery","16","1064","Texas","6/6/20","954","110","48339","11.53"
"Moore","35","852","Texas","6/6/20","604","248","48341","41.06"
"Morris","0","27","Texas","6/6/20","26","1","48343","3.85"
"Motley","0","1","Texas","6/6/20","1","0","48345","0"
"Nacogdoches","2","301","Texas","6/6/20","287","14","48347","4.88"
"Navarro","2","66","Texas","6/6/20","55","11","48349","20"
"Newton","0","6","Texas","6/6/20","5","1","48351","20"
"Nolan","1","9","Texas","6/6/20","4","5","48353","125"
"Nueces","3","289","Texas","6/6/20","268","21","48355","7.84"
"Ochiltree","0","51","Texas","6/6/20","49","2","48357","4.08"
"Oldham","0","4","Texas","6/6/20","3","1","48359","33.33"
"Orange","0","100","Texas","6/6/20","98","2","48361","2.04"
"Palo Pinto","0","13","Texas","6/6/20","13","0","48363","0"
"Panola","2","213","Texas","6/6/20","197","16","48365","8.12"
"Parker","2","92","Texas","6/6/20","76","16","48367","21.05"
"Parmer","4","89","Texas","6/6/20","59","30","48369","50.85"
"Pecos","5","104","Texas","6/6/20","66","38","48371","57.58"
"Polk","1","61","Texas","6/6/20","56","5","48373","8.93"
"Potter","62","2754","Texas","6/6/20","2317","437","48375","18.86"
"Presidio","0","2","Texas","6/6/20","1","1","48377","100"
"Rains","0","4","Texas","6/6/20","3","1","48379","33.33"
"Randall","8","727","Texas","6/6/20","671","56","48381","8.35"
"Reagan","0","2","Texas","6/6/20","2","0","48383","0"
"Real","0","1","Texas","6/6/20","0","1","48385","1"
"Red River","2","78","Texas","6/6/20","66","12","48387","18.18"
"Reeves","0","8","Texas","6/6/20","7","1","48389","14.29"
"Refugio","0","3","Texas","6/6/20","3","0","48391","0"
"Roberts","0","2","Texas","6/6/20","2","0","48393","0"
"Robertson","1","14","Texas","6/6/20","8","6","48395","75"
"Rockwall","5","200","Texas","6/6/20","167","33","48397","19.76"
"Runnels","0","3","Texas","6/6/20","3","0","48399","0"
"Rusk","2","63","Texas","6/6/20","52","11","48401","21.15"
"Sabine","0","15","Texas","6/6/20","14","1","48403","7.14"
"San Augustine","1","45","Texas","6/6/20","38","7","48405","18.42"
"San Jacinto","0","17","Texas","6/6/20","14","3","48407","21.43"
"San Patricio","1","38","Texas","6/6/20","33","5","48409","15.15"
"San Saba","0","1","Texas","6/6/20","1","0","48411","0"
"Scurry","0","26","Texas","6/6/20","24","2","48415","8.33"
"Shackelford","0","1","Texas","6/6/20","1","0","48417","0"
"Shelby","2","213","Texas","6/6/20","201","12","48419","5.97"
"Sherman","1","28","Texas","6/6/20","24","4","48421","16.67"
"Smith","3","223","Texas","6/6/20","204","19","48423","9.31"
"Starr","2","50","Texas","6/6/20","33","17","48427","51.52"
"Stephens","0","4","Texas","6/6/20","4","0","48429","0"
"Swisher","0","18","Texas","6/6/20","17","1","48437","5.88"
"Tarrant","87","5985","Texas","6/6/20","5379","606","48439","11.27"
"Taylor","2","246","Texas","6/6/20","234","12","48441","5.13"
"Terry","0","13","Texas","6/6/20","13","0","48445","0"
"Throckmorton","0","1","Texas","6/6/20","0","1","48447","1"
"Titus","17","583","Texas","6/6/20","464","119","48449","25.65"
"Tom Green","2","111","Texas","6/6/20","99","12","48451","12.12"
"Travis","61","3616","Texas","6/6/20","3186","430","48453","13.5"
"Trinity","1","20","Texas","6/6/20","14","6","48455","42.86"
"Tyler","0","15","Texas","6/6/20","12","3","48457","25"
"Upshur","1","31","Texas","6/6/20","26","5","48459","19.23"
"Uvalde","1","18","Texas","6/6/20","11","7","48463","63.64"
"Val Verde","0","21","Texas","6/6/20","20","1","48465","5"
"Van Zandt","1","39","Texas","6/6/20","31","8","48467","25.81"
"Victoria","1","170","Texas","6/6/20","160","10","48469","6.25"
"Walker","129","1850","Texas","6/6/20","945","905","48471","95.77"
"Waller","2","68","Texas","6/6/20","57","11","48473","19.3"
"Ward","0","1","Texas","6/6/20","1","0","48475","0"
"Washington","1","206","Texas","6/6/20","202","4","48477","1.98"
"Webb","8","594","Texas","6/6/20","540","54","48479","10"
"Wharton","3","75","Texas","6/6/20","57","18","48481","31.58"
"Wheeler","0","15","Texas","6/6/20","15","0","48483","0"
"Wichita","0","87","Texas","6/6/20","84","3","48485","3.57"
"Wilbarger","0","7","Texas","6/6/20","7","0","48487","0"
"Willacy","3","35","Texas","6/6/20","16","19","48489","118.75"
"Williamson","10","684","Texas","6/6/20","612","72","48491","11.76"
"Wilson","1","44","Texas","6/6/20","38","6","48493","15.79"
"Winkler","0","3","Texas","6/6/20","3","0","48495","0"
"Wise","1","52","Texas","6/6/20","46","6","48497","13.04"
"Wood","3","49","Texas","6/6/20","29","20","48499","68.97"
"Yoakum","0","3","Texas","6/6/20","3","0","48501","0"
"Young","0","6","Texas","6/6/20","4","2","48503","50"
"Zapata","0","11","Texas","6/6/20","9","2","48505","22.22"
"Zavala","0","12","Texas","6/6/20","11","1","48507","9.09"
"Bear River","74","707","Utah","6/6/20","190","517","00000","272.11"
"Central Utah","1","45","Utah","6/6/20","38","7","00000","18.42"
"Davis","12","541","Utah","6/6/20","458","83","49011","18.12"
"Salt Lake","138","6086","Utah","6/6/20","5118","968","49035","18.91"
"San Juan","6","333","Utah","6/6/20","289","44","49037","15.22"
"Southeast Utah","0","26","Utah","6/6/20","24","2","00000","8.33"
"Southwest Utah","23","584","Utah","6/6/20","423","161","00000","38.06"
"Summit","2","426","Utah","6/6/20","412","14","49043","3.4"
"Tooele","3","145","Utah","6/6/20","126","19","49045","15.08"
"TriCounty","0","20","Utah","6/6/20","20","0","00000","0"
"Utah","45","2183","Utah","6/6/20","1870","313","49049","16.74"
"Wasatch","8","326","Utah","6/6/20","272","54","49051","19.85"
"Weber-Morgan","12","376","Utah","6/6/20","293","83","00000","28.33"
"Addison","0","65","Vermont","6/6/20","63","2","50001","3.17"
"Bennington","0","66","Vermont","6/6/20","63","3","50003","4.76"
"Caledonia","0","16","Vermont","6/6/20","15","1","50005","6.67"
"Chittenden","8","503","Vermont","6/6/20","449","54","50007","12.03"
"Essex","0","3","Vermont","6/6/20","3","0","50009","0"
"Franklin","0","100","Vermont","6/6/20","99","1","50011","1.01"
"Grand Isle","0","7","Vermont","6/6/20","7","0","50013","0"
"Lamoille","0","29","Vermont","6/6/20","29","0","50015","0"
"Orange","0","9","Vermont","6/6/20","8","1","50017","12.5"
"Orleans","0","10","Vermont","6/6/20","10","0","50019","0"
"Rutland","0","57","Vermont","6/6/20","55","2","50021","3.64"
"Washington","0","39","Vermont","6/6/20","39","0","50023","0"
"Windham","0","82","Vermont","6/6/20","81","1","50025","1.23"
"Windsor","1","55","Vermont","6/6/20","51","4","50027","7.84"
"","0","71","Virgin Islands","6/6/20","69","2",,"2.9"
"Accomack","15","970","Virginia","6/6/20","863","107","51001","12.4"
"Albemarle","5","221","Virginia","6/6/20","187","34","51003","18.18"
"Alexandria","16","2070","Virginia","6/6/20","1960","110","51510","5.61"
"Alleghany","1","26","Virginia","6/6/20","20","6","51005","30"
"Amelia","1","31","Virginia","6/6/20","25","6","51007","24"
"Amherst","0","27","Virginia","6/6/20","27","0","51009","0"
"Appomattox","0","33","Virginia","6/6/20","31","2","51011","6.45"
"Arlington","13","2195","Virginia","6/6/20","2107","88","51013","4.18"
"Augusta","2","125","Virginia","6/6/20","109","16","51015","14.68"
"Bedford","4","76","Virginia","6/6/20","51","25","51019","49.02"
"Botetourt","1","39","Virginia","6/6/20","32","7","51023","21.88"
"Bristol","0","4","Virginia","6/6/20","4","0","51520","0"
"Brunswick","1","32","Virginia","6/6/20","25","7","51025","28"
"Buchanan","0","18","Virginia","6/6/20","18","0","51027","0"
"Buckingham","3","477","Virginia","6/6/20","456","21","51029","4.61"
"Buena Vista","0","13","Virginia","6/6/20","13","0","51530","0"
"Campbell","0","20","Virginia","6/6/20","18","2","51031","11.11"
"Caroline","3","83","Virginia","6/6/20","64","19","51033","29.69"
"Carroll","5","125","Virginia","6/6/20","91","34","51035","37.36"
"Charles City","0","27","Virginia","6/6/20","27","0","51036","0"
"Charlotte","1","28","Virginia","6/6/20","23","5","51037","21.74"
"Charlottesville","3","131","Virginia","6/6/20","108","23","51540","21.3"
"Chesapeake","8","577","Virginia","6/6/20","520","57","51550","10.96"
"Chesterfield","48","1797","Virginia","6/6/20","1461","336","51041","23"
"Clarke","1","31","Virginia","6/6/20","25","6","51043","24"
"Colonial Heights","1","97","Virginia","6/6/20","91","6","51570","6.59"
"Covington","0","4","Virginia","6/6/20","4","0","51580","0"
"Craig","0","6","Virginia","6/6/20","5","1","51045","20"
"Culpeper","10","745","Virginia","6/6/20","674","71","51047","10.53"
"Cumberland","1","41","Virginia","6/6/20","37","4","51049","10.81"
"Danville","1","60","Virginia","6/6/20","51","9","51590","17.65"
"Dinwiddie","3","98","Virginia","6/6/20","77","21","51053","27.27"
"Emporia","1","88","Virginia","6/6/20","78","10","51595","12.82"
"Essex","1","53","Virginia","6/6/20","46","7","51057","15.22"
"Fairfax","164","12056","Virginia","6/6/20","10906","1150","51059","10.54"
"Fairfax City","0","68","Virginia","6/6/20","65","3","51600","4.62"
"Falls Church","0","56","Virginia","6/6/20","55","1","51610","1.82"
"Fauquier","5","345","Virginia","6/6/20","312","33","51061","10.58"
"Floyd","0","6","Virginia","6/6/20","6","0","51063","0"
"Fluvanna","0","94","Virginia","6/6/20","91","3","51065","3.3"
"Franklin","0","39","Virginia","6/6/20","36","3","51067","8.33"
"Franklin City","0","42","Virginia","6/6/20","42","0","51620","0"
"Frederick","7","393","Virginia","6/6/20","344","49","51069","14.24"
"Fredericksburg","5","192","Virginia","6/6/20","158","34","51630","21.52"
"Galax","4","143","Virginia","6/6/20","112","31","51640","27.68"
"Giles","0","5","Virginia","6/6/20","5","0","51071","0"
"Gloucester","0","32","Virginia","6/6/20","31","1","51073","3.23"
"Goochland","1","105","Virginia","6/6/20","96","9","51075","9.38"
"Grayson","2","48","Virginia","6/6/20","37","11","51077","29.73"
"Greene","1","38","Virginia","6/6/20","34","4","51079","11.76"
"Greensville","24","239","Virginia","6/6/20","73","166","51081","227.4"
"Halifax","0","31","Virginia","6/6/20","30","1","51083","3.33"
"Hampton","3","215","Virginia","6/6/20","197","18","51650","9.14"
"Hanover","3","340","Virginia","6/6/20","322","18","51085","5.59"
"Harrisonburg","7","823","Virginia","6/6/20","774","49","51660","6.33"
"Henrico","40","2033","Virginia","6/6/20","1754","279","51087","15.91"
"Henry","8","159","Virginia","6/6/20","104","55","51089","52.88"
"Highland","0","3","Virginia","6/6/20","3","0","51091","0"
"Hopewell","4","114","Virginia","6/6/20","87","27","51670","31.03"
"Isle of Wight","2","142","Virginia","6/6/20","128","14","51093","10.94"
"James City","1","211","Virginia","6/6/20","202","9","51095","4.46"
"King and Queen","2","22","Virginia","6/6/20","10","12","51097","120"
"King George","1","73","Virginia","6/6/20","65","8","51099","12.31"
"King William","0","32","Virginia","6/6/20","30","2","51101","6.67"
"Lancaster","0","10","Virginia","6/6/20","10","0","51103","0"
"Lee","0","9","Virginia","6/6/20","9","0","51105","0"
"Lexington","0","7","Virginia","6/6/20","7","0","51678","0"
"Loudoun","59","2939","Virginia","6/6/20","2529","410","51107","16.21"
"Louisa","2","92","Virginia","6/6/20","78","14","51109","17.95"
"Lunenburg","1","17","Virginia","6/6/20","13","4","51111","30.77"
"Lynchburg","1","88","Virginia","6/6/20","80","8","51680","10"
"Madison","0","41","Virginia","6/6/20","40","1","51113","2.5"
"Manassas","24","1214","Virginia","6/6/20","1046","168","51683","16.06"
"Manassas Park","7","351","Virginia","6/6/20","299","52","51685","17.39"
"Martinsville","2","47","Virginia","6/6/20","31","16","51690","51.61"
"Mathews","0","5","Virginia","6/6/20","5","0","51115","0"
"Mecklenburg","1","222","Virginia","6/6/20","217","5","51117","2.3"
"Middlesex","0","14","Virginia","6/6/20","15","-1","51119","-6.67"
"Montgomery","3","91","Virginia","6/6/20","73","18","51121","24.66"
"Nelson","0","17","Virginia","6/6/20","17","0","51125","0"
"New Kent","1","43","Virginia","6/6/20","36","7","51127","19.44"
"Newport News","8","314","Virginia","6/6/20","258","56","51700","21.71"
"Norfolk","10","562","Virginia","6/6/20","490","72","51710","14.69"
"Northampton","3","251","Virginia","6/6/20","230","21","51131","9.13"
"Northumberland","0","25","Virginia","6/6/20","25","0","51133","0"
"Norton","0","2","Virginia","6/6/20","2","0","51720","0"
"Nottoway","3","48","Virginia","6/6/20","28","20","51135","71.43"
"Orange","2","117","Virginia","6/6/20","101","16","51137","15.84"
"Page","3","237","Virginia","6/6/20","219","18","51139","8.22"
"Patrick","1","27","Virginia","6/6/20","18","9","51141","50"
"Petersburg","5","163","Virginia","6/6/20","127","36","51730","28.35"
"Pittsylvania","1","47","Virginia","6/6/20","40","7","51143","17.5"
"Poquoson","0","8","Virginia","6/6/20","7","1","51735","14.29"
"Portsmouth","4","335","Virginia","6/6/20","307","28","51740","9.12"
"Powhatan","2","44","Virginia","6/6/20","32","12","51145","37.5"
"Prince Edward","2","148","Virginia","6/6/20","134","14","51147","10.45"
"Prince George","3","146","Virginia","6/6/20","126","20","51149","15.87"
"Prince William","101","6121","Virginia","6/6/20","5412","709","51153","13.1"
"Pulaski","1","24","Virginia","6/6/20","19","5","51155","26.32"
"Radford","0","7","Virginia","6/6/20","6","1","51750","16.67"
"Rappahannock","1","18","Virginia","6/6/20","13","5","51157","38.46"
"Richmond","2","291","Virginia","6/6/20","275","16","51159","5.82"
"Richmond City","49","1592","Virginia","6/6/20","1249","343","51760","27.46"
"Roanoke","3","122","Virginia","6/6/20","104","18","51161","17.31"
"Roanoke City","6","197","Virginia","6/6/20","155","42","51770","27.1"
"Rockbridge","0","18","Virginia","6/6/20","18","0","51163","0"
"Rockingham","9","572","Virginia","6/6/20","511","61","51165","11.94"
"Russell","0","8","Virginia","6/6/20","8","0","51167","0"
"Salem","1","38","Virginia","6/6/20","34","4","51775","11.76"
"Scott","0","7","Virginia","6/6/20","7","0","51169","0"
"Shenandoah","5","476","Virginia","6/6/20","444","32","51171","7.21"
"Smyth","0","15","Virginia","6/6/20","15","0","51173","0"
"Southampton","1","152","Virginia","6/6/20","146","6","51175","4.11"
"Spotsylvania","16","634","Virginia","6/6/20","524","110","51177","20.99"
"Stafford","9","765","Virginia","6/6/20","702","63","51179","8.97"
"Staunton","2","52","Virginia","6/6/20","39","13","51790","33.33"
"Suffolk","1","323","Virginia","6/6/20","314","9","51800","2.87"
"Surry","0","10","Virginia","6/6/20","10","0","51181","0"
"Sussex","3","175","Virginia","6/6/20","154","21","51183","13.64"
"Tazewell","0","10","Virginia","6/6/20","7","3","51185","42.86"
"Virginia Beach","14","798","Virginia","6/6/20","699","99","51810","14.16"
"Warren","10","222","Virginia","6/6/20","155","67","51187","43.23"
"Washington","0","53","Virginia","6/6/20","51","2","51191","3.92"
"Waynesboro","1","49","Virginia","6/6/20","43","6","51820","13.95"
"Westmoreland","3","81","Virginia","6/6/20","63","18","51193","28.57"
"Williamsburg","0","45","Virginia","6/6/20","44","1","51830","2.27"
"Winchester","6","232","Virginia","6/6/20","187","45","51840","24.06"
"Wise","0","27","Virginia","6/6/20","24","3","51195","12.5"
"Wythe","2","33","Virginia","6/6/20","21","12","51197","57.14"
"York","1","82","Virginia","6/6/20","72","10","51199","13.89"
"Adams","2","79","Washington","6/6/20","62","17","53001","27.42"
"Asotin","0","19","Washington","6/6/20","19","0","53003","0"
"Benton","19","906","Washington","6/6/20","776","130","53005","16.75"
"Chelan","2","261","Washington","6/6/20","246","15","53007","6.1"
"Clallam","0","27","Washington","6/6/20","25","2","53009","8"
"Clark","7","559","Washington","6/6/20","509","50","53011","9.82"
"Columbia","0","1","Washington","6/6/20","1","0","53013","0"
"Cowlitz","1","78","Washington","6/6/20","73","5","53015","6.85"
"Douglas","1","177","Washington","6/6/20","169","8","53017","4.73"
"Ferry","0","1","Washington","6/6/20","1","0","53019","0"
"Franklin","22","704","Washington","6/6/20","549","155","53021","28.23"
"Grant","2","215","Washington","6/6/20","203","12","53025","5.91"
"Grays Harbor","0","19","Washington","6/6/20","16","3","53027","18.75"
"Island","0","181","Washington","6/6/20","178","3","53029","1.69"
"Jefferson","0","31","Washington","6/6/20","30","1","53031","3.33"
"King","61","8417","Washington","6/6/20","7993","424","53033","5.3"
"Kitsap","1","165","Washington","6/6/20","161","4","53035","2.48"
"Kittitas","0","88","Washington","6/6/20","87","1","53037","1.15"
"Klickitat","1","33","Washington","6/6/20","24","9","53039","37.5"
"Lewis","0","37","Washington","6/6/20","36","1","53041","2.78"
"Lincoln","0","2","Washington","6/6/20","2","0","53043","0"
"Mason","0","37","Washington","6/6/20","35","2","53045","5.71"
"Okanogan","1","56","Washington","6/6/20","46","10","53047","21.74"
"Pacific","0","9","Washington","6/6/20","9","0","53049","0"
"Pend Oreille","0","3","Washington","6/6/20","3","0","53051","0"
"Pierce","14","2019","Washington","6/6/20","1922","97","53053","5.05"
"San Juan","0","15","Washington","6/6/20","15","0","53055","0"
"Skagit","2","449","Washington","6/6/20","432","17","53057","3.94"
"Skamania","0","3","Washington","6/6/20","3","0","53059","0"
"Snohomish","10","3025","Washington","6/6/20","2956","69","53061","2.33"
"Spokane","19","713","Washington","6/6/20","582","131","53063","22.51"
"Stevens","0","13","Washington","6/6/20","11","2","53065","18.18"
"Thurston","4","163","Washington","6/6/20","135","28","53067","20.74"
"Wahkiakum","0","4","Washington","6/6/20","4","0","53069","0"
"Walla Walla","1","113","Washington","6/6/20","109","4","53071","3.67"
"Whatcom","2","409","Washington","6/6/20","392","17","53073","4.34"
"Whitman","1","20","Washington","6/6/20","16","4","53075","25"
"Yakima","130","4366","Washington","6/6/20","3458","908","53077","26.26"
"Barbour","0","8","West Virginia","6/6/20","9","-1","54001","-11.11"
"Berkeley","5","343","West Virginia","6/6/20","307","36","54003","11.73"
"Boone","0","11","West Virginia","6/6/20","9","2","54005","22.22"
"Braxton","0","2","West Virginia","6/6/20","2","0","54007","0"
"Brooke","0","5","West Virginia","6/6/20","5","0","54009","0"
"Cabell","1","70","West Virginia","6/6/20","64","6","54011","9.38"
"Calhoun","0","2","West Virginia","6/6/20","2","0","54013","0"
"Clay","0","7","West Virginia","6/6/20","4","3","54015","75"
"Fayette","1","54","West Virginia","6/6/20","46","8","54019","17.39"
"Gilmer","0","10","West Virginia","6/6/20","10","0","54021","0"
"Grant","0","12","West Virginia","6/6/20","12","0","54023","0"
"Greenbrier","0","9","West Virginia","6/6/20","9","0","54025","0"
"Hampshire","1","34","West Virginia","6/6/20","28","6","54027","21.43"
"Hancock","0","20","West Virginia","6/6/20","18","2","54029","11.11"
"Hardy","0","40","West Virginia","6/6/20","39","1","54031","2.56"
"Harrison","0","40","West Virginia","6/6/20","40","0","54033","0"
"Jackson","0","138","West Virginia","6/6/20","137","1","54035","0.73"
"Jefferson","3","204","West Virginia","6/6/20","180","24","54037","13.33"
"Kanawha","1","236","West Virginia","6/6/20","226","10","54039","4.42"
"Lewis","0","8","West Virginia","6/6/20","8","0","54041","0"
"Lincoln","0","5","West Virginia","6/6/20","6","-1","54043","-16.67"
"Logan","0","20","West Virginia","6/6/20","17","3","54045","17.65"
"Marion","0","53","West Virginia","6/6/20","50","3","54049","6"
"Marshall","0","31","West Virginia","6/6/20","29","2","54051","6.9"
"Mason","0","15","West Virginia","6/6/20","15","0","54053","0"
"McDowell","0","6","West Virginia","6/6/20","6","0","54047","0"
"Mercer","0","13","West Virginia","6/6/20","13","0","54055","0"
"Mineral","1","51","West Virginia","6/6/20","44","7","54057","15.91"
"Mingo","0","8","West Virginia","6/6/20","6","2","54059","33.33"
"Monongalia","1","140","West Virginia","6/6/20","133","7","54061","5.26"
"Monroe","0","8","West Virginia","6/6/20","7","1","54063","14.29"
"Morgan","0","19","West Virginia","6/6/20","18","1","54065","5.56"
"Nicholas","0","8","West Virginia","6/6/20","8","0","54067","0"
"Ohio","1","48","West Virginia","6/6/20","41","7","54069","17.07"
"Pendleton","0","13","West Virginia","6/6/20","12","1","54071","8.33"
"Pleasants","0","4","West Virginia","6/6/20","4","0","54073","0"
"Pocahontas","0","21","West Virginia","6/6/20","21","0","54075","0"
"Preston","0","24","West Virginia","6/6/20","25","-1","54077","-4"
"Putnam","1","39","West Virginia","6/6/20","35","4","54079","11.43"
"Raleigh","0","17","West Virginia","6/6/20","16","1","54081","6.25"
"Randolph","0","132","West Virginia","6/6/20","129","3","54083","2.33"
"Ritchie","0","1","West Virginia","6/6/20","1","0","54085","0"
"Roane","0","9","West Virginia","6/6/20","9","0","54087","0"
"Summers","0","1","West Virginia","6/6/20","1","0","54089","0"
"Taylor","0","9","West Virginia","6/6/20","8","1","54091","12.5"
"Tucker","0","6","West Virginia","6/6/20","4","2","54093","50"
"Tyler","0","3","West Virginia","6/6/20","3","0","54095","0"
"Upshur","0","7","West Virginia","6/6/20","7","0","54097","0"
"Wayne","1","103","West Virginia","6/6/20","98","5","54099","5.1"
"Wetzel","0","9","West Virginia","6/6/20","8","1","54103","12.5"
"Wirt","0","4","West Virginia","6/6/20","4","0","54105","0"
"Wood","0","54","West Virginia","6/6/20","53","1","54107","1.89"
"Wyoming","0","2","West Virginia","6/6/20","3","-1","54109","-33.33"
"Adams","0","5","Wisconsin","6/6/20","4","1","55001","25"
"Ashland","0","3","Wisconsin","6/6/20","2","1","55003","50"
"Barron","0","20","Wisconsin","6/6/20","17","3","55005","17.65"
"Bayfield","0","3","Wisconsin","6/6/20","3","0","55007","0"
"Brown","8","2374","Wisconsin","6/6/20","2318","56","55009","2.42"
"Buffalo","0","6","Wisconsin","6/6/20","6","0","55011","0"
"Burnett","0","1","Wisconsin","6/6/20","1","0","55013","0"
"Calumet","0","79","Wisconsin","6/6/20","76","3","55015","3.95"
"Chippewa","0","58","Wisconsin","6/6/20","56","2","55017","3.57"
"Clark","2","42","Wisconsin","6/6/20","31","11","55019","35.48"
"Columbia","0","44","Wisconsin","6/6/20","44","0","55021","0"
"Crawford","0","26","Wisconsin","6/6/20","26","0","55023","0"
"Dane","13","814","Wisconsin","6/6/20","725","89","55025","12.28"
"Dodge","26","395","Wisconsin","6/6/20","215","180","55027","83.72"
"Door","0","39","Wisconsin","6/6/20","38","1","55029","2.63"
"Douglas","0","20","Wisconsin","6/6/20","19","1","55031","5.26"
"Dunn","0","27","Wisconsin","6/6/20","24","3","55033","12.5"
"Eau Claire","2","121","Wisconsin","6/6/20","108","13","55035","12.04"
"Florence","0","2","Wisconsin","6/6/20","2","0","55037","0"
"Fond du Lac","4","233","Wisconsin","6/6/20","203","30","55039","14.78"
"Forest","1","33","Wisconsin","6/6/20","28","5","55041","17.86"
"Grant","0","98","Wisconsin","6/6/20","95","3","55043","3.16"
"Green","1","71","Wisconsin","6/6/20","66","5","55045","7.58"
"Green Lake","0","22","Wisconsin","6/6/20","19","3","55047","15.79"
"Iowa","0","16","Wisconsin","6/6/20","16","0","55049","0"
"Iron","0","2","Wisconsin","6/6/20","2","0","55051","0"
"Jackson","0","18","Wisconsin","6/6/20","17","1","55053","5.88"
"Jefferson","3","124","Wisconsin","6/6/20","104","20","55055","19.23"
"Juneau","0","23","Wisconsin","6/6/20","23","0","55057","0"
"Kenosha","15","1267","Wisconsin","6/6/20","1165","102","55059","8.76"
"Kewaunee","0","36","Wisconsin","6/6/20","34","2","55061","5.88"
"La Crosse","2","68","Wisconsin","6/6/20","53","15","55063","28.3"
"Lafayette","0","30","Wisconsin","6/6/20","27","3","55065","11.11"
"Langlade","0","4","Wisconsin","6/6/20","2","2","55067","100"
"Lincoln","0","7","Wisconsin","6/6/20","7","0","55069","0"
"Manitowoc","0","39","Wisconsin","6/6/20","36","3","55071","8.33"
"Marathon","2","63","Wisconsin","6/6/20","51","12","55073","23.53"
"Marinette","0","33","Wisconsin","6/6/20","33","0","55075","0"
"Marquette","0","5","Wisconsin","6/6/20","4","1","55077","25"
"Menominee","0","3","Wisconsin","6/6/20","3","0","55078","0"
"Milwaukee","147","8688","Wisconsin","6/6/20","7656","1032","55079","13.48"
"Monroe","0","18","Wisconsin","6/6/20","16","2","55081","12.5"
"Oconto","1","41","Wisconsin","6/6/20","37","4","55083","10.81"
"Oneida","0","12","Wisconsin","6/6/20","9","3","55085","33.33"
"Outagamie","6","263","Wisconsin","6/6/20","223","40","55087","17.94"
"Ozaukee","3","180","Wisconsin","6/6/20","160","20","55089","12.5"
"Pepin","0","1","Wisconsin","6/6/20","1","0","55091","0"
"Pierce","1","50","Wisconsin","6/6/20","45","5","55093","11.11"
"Polk","2","33","Wisconsin","6/6/20","19","14","55095","73.68"
"Portage","3","33","Wisconsin","6/6/20","11","22","55097","200"
"Price","0","2","Wisconsin","6/6/20","2","0","55099","0"
"Racine","27","1906","Wisconsin","6/6/20","1714","192","55101","11.2"
"Richland","0","14","Wisconsin","6/6/20","14","0","55103","0"
"Rock","8","685","Wisconsin","6/6/20","632","53","55105","8.39"
"Rusk","0","5","Wisconsin","6/6/20","5","0","55107","0"
"Sauk","0","81","Wisconsin","6/6/20","78","3","55111","3.85"
"Sawyer","0","8","Wisconsin","6/6/20","8","0","55113","0"
"Shawano","1","56","Wisconsin","6/6/20","46","10","55115","21.74"
"Sheboygan","3","111","Wisconsin","6/6/20","88","23","55117","26.14"
"St. Croix","3","105","Wisconsin","6/6/20","81","24","55109","29.63"
"Taylor","0","2","Wisconsin","6/6/20","2","0","55119","0"
"Trempealeau","2","38","Wisconsin","6/6/20","25","13","55121","52"
"Vernon","0","21","Wisconsin","6/6/20","21","0","55123","0"
"Vilas","0","8","Wisconsin","6/6/20","7","1","55125","14.29"
"Walworth","6","435","Wisconsin","6/6/20","392","43","55127","10.97"
"Washburn","0","3","Wisconsin","6/6/20","2","1","55129","50"
"Washington","4","277","Wisconsin","6/6/20","248","29","55131","11.69"
"Waukesha","15","795","Wisconsin","6/6/20","690","105","55133","15.22"
"Waupaca","2","51","Wisconsin","6/6/20","39","12","55135","30.77"
"Waushara","0","10","Wisconsin","6/6/20","8","2","55137","25"
"Winnebago","17","354","Wisconsin","6/6/20","238","116","55139","48.74"
"Wood","0","11","Wisconsin","6/6/20","10","1","55141","10"
"Albany","0","26","Wyoming","6/6/20","25","1","56001","4"
"Big Horn","0","6","Wyoming","6/6/20","5","1","56003","20"
"Campbell","0","32","Wyoming","6/6/20","31","1","56005","3.23"
"Carbon","0","16","Wyoming","6/6/20","16","0","56007","0"
"Converse","0","24","Wyoming","6/6/20","24","0","56009","0"
"Crook","0","5","Wyoming","6/6/20","5","0","56011","0"
"Fremont","3","295","Wyoming","6/6/20","277","18","56013","6.5"
"Goshen","0","5","Wyoming","6/6/20","5","0","56015","0"
"Hot Springs","0","12","Wyoming","6/6/20","12","0","56017","0"
"Johnson","0","18","Wyoming","6/6/20","18","0","56019","0"
"Laramie","0","188","Wyoming","6/6/20","188","0","56021","0"
"Lincoln","0","15","Wyoming","6/6/20","15","0","56023","0"
"Natrona","1","82","Wyoming","6/6/20","76","6","56025","7.89"
"Niobrara","0","2","Wyoming","6/6/20","2","0","56027","0"
"Park","0","2","Wyoming","6/6/20","2","0","56029","0"
"Platte","0","1","Wyoming","6/6/20","1","0","56031","0"
"Sheridan","0","16","Wyoming","6/6/20","16","0","56033","0"
"Sublette","0","3","Wyoming","6/6/20","3","0","56035","0"
"Sweetwater","1","32","Wyoming","6/6/20","27","5","56037","18.52"
"Teton","0","100","Wyoming","6/6/20","100","0","56039","0"
"Uinta","1","19","Wyoming","6/6/20","12","7","56041","58.33"
"Washakie","0","39","Wyoming","6/6/20","37","2","56043","5.41"
"Weston","0","1","Wyoming","6/6/20","1","0","56045","0"
