"Locality","DailyAvgNewCasesPast7Days","TotalCases","State","Date","TotalCases7DaysAgo","NewCasesPast7Days","FIPS-Code","PercentIncreaseTotalCasesPast7Days"
"Autauga","7","239","Alabama","6/2/20","189","50","01001","26.46"
"Baldwin","2","292","Alabama","6/2/20","277","15","01003","5.42"
"Barbour","8","175","Alabama","6/2/20","122","53","01005","43.44"
"Bibb","1","76","Alabama","6/2/20","66","10","01007","15.15"
"Blount","2","63","Alabama","6/2/20","51","12","01009","23.53"
"Bullock","7","213","Alabama","6/2/20","167","46","01011","27.54"
"Butler","5","416","Alabama","6/2/20","380","36","01013","9.47"
"Calhoun","2","165","Alabama","6/2/20","150","15","01015","10"
"Chambers","3","358","Alabama","6/2/20","338","20","01017","5.92"
"Cherokee","1","38","Alabama","6/2/20","33","5","01019","15.15"
"Chilton","2","104","Alabama","6/2/20","90","14","01021","15.56"
"Choctaw","1","153","Alabama","6/2/20","147","6","01023","4.08"
"Clarke","4","148","Alabama","6/2/20","120","28","01025","23.33"
"Clay","0","28","Alabama","6/2/20","27","1","01027","3.7"
"Cleburne","0","15","Alabama","6/2/20","13","2","01029","15.38"
"Coffee","3","238","Alabama","6/2/20","216","22","01031","10.19"
"Colbert","5","187","Alabama","6/2/20","155","32","01033","20.65"
"Conecuh","2","41","Alabama","6/2/20","30","11","01035","36.67"
"Coosa","1","40","Alabama","6/2/20","34","6","01037","17.65"
"Covington","1","81","Alabama","6/2/20","71","10","01039","14.08"
"Crenshaw","2","78","Alabama","6/2/20","62","16","01041","25.81"
"Cullman","10","150","Alabama","6/2/20","83","67","01043","80.72"
"Dale","4","123","Alabama","6/2/20","92","31","01045","33.7"
"Dallas","9","282","Alabama","6/2/20","222","60","01047","27.03"
"DeKalb","3","256","Alabama","6/2/20","234","22","01049","9.4"
"Elmore","12","373","Alabama","6/2/20","292","81","01051","27.74"
"Escambia","4","74","Alabama","6/2/20","45","29","01053","64.44"
"Etowah","3","261","Alabama","6/2/20","240","21","01055","8.75"
"Fayette","0","16","Alabama","6/2/20","13","3","01057","23.08"
"Franklin","13","576","Alabama","6/2/20","486","90","01059","18.52"
"Geneva","0","43","Alabama","6/2/20","40","3","01061","7.5"
"Greene","1","95","Alabama","6/2/20","91","4","01063","4.4"
"Hale","6","178","Alabama","6/2/20","135","43","01065","31.85"
"Henry","2","81","Alabama","6/2/20","69","12","01067","17.39"
"Houston","6","223","Alabama","6/2/20","183","40","01069","21.86"
"Jackson","2","83","Alabama","6/2/20","72","11","01071","15.28"
"Jefferson","34","1882","Alabama","6/2/20","1645","237","01073","14.41"
"Lamar","1","26","Alabama","6/2/20","21","5","01075","23.81"
"Lauderdale","4","167","Alabama","6/2/20","141","26","01077","18.44"
"Lawrence","1","51","Alabama","6/2/20","45","6","01079","13.33"
"Lee","4","552","Alabama","6/2/20","522","30","01081","5.75"
"Limestone","4","108","Alabama","6/2/20","82","26","01083","31.71"
"Lowndes","7","255","Alabama","6/2/20","207","48","01085","23.19"
"Macon","3","86","Alabama","6/2/20","65","21","01087","32.31"
"Madison","5","344","Alabama","6/2/20","309","35","01089","11.33"
"Marengo","4","174","Alabama","6/2/20","145","29","01091","20"
"Marion","1","124","Alabama","6/2/20","117","7","01093","5.98"
"Marshall","6","705","Alabama","6/2/20","660","45","01095","6.82"
"Mobile","33","2283","Alabama","6/2/20","2054","229","01097","11.15"
"Monroe","1","44","Alabama","6/2/20","34","10","01099","29.41"
"Montgomery","60","1802","Alabama","6/2/20","1384","418","01101","30.2"
"Morgan","13","297","Alabama","6/2/20","204","93","01103","45.59"
"Perry","1","42","Alabama","6/2/20","36","6","01105","16.67"
"Pickens","4","121","Alabama","6/2/20","95","26","01107","27.37"
"Pike","7","208","Alabama","6/2/20","160","48","01109","30"
"Randolph","1","128","Alabama","6/2/20","124","4","01111","3.23"
"Russell","5","177","Alabama","6/2/20","144","33","01113","22.92"
"Shelby","8","522","Alabama","6/2/20","467","55","01117","11.78"
"St. Clair","4","131","Alabama","6/2/20","106","25","01115","23.58"
"Sumter","3","226","Alabama","6/2/20","204","22","01119","10.78"
"Talladega","3","117","Alabama","6/2/20","95","22","01121","23.16"
"Tallapoosa","3","431","Alabama","6/2/20","408","23","01123","5.64"
"Tuscaloosa","30","816","Alabama","6/2/20","607","209","01125","34.43"
"Walker","15","378","Alabama","6/2/20","272","106","01127","38.97"
"Washington","1","72","Alabama","6/2/20","65","7","01129","10.77"
"Wilcox","4","152","Alabama","6/2/20","122","30","01131","24.59"
"Winston","2","91","Alabama","6/2/20","75","16","01133","21.33"
"Anchorage","6","247","Alaska","6/2/20","207","40","02020","19.32"
"Bethel","0","3","Alaska","6/2/20","2","1","02050","50"
"Fairbanks North Star","0","85","Alaska","6/2/20","85","0","02090","0"
"Juneau","0","33","Alaska","6/2/20","31","2","02110","6.45"
"Kenai Peninsula","4","54","Alaska","6/2/20","27","27","02122","100"
"Ketchikan Gateway","0","16","Alaska","6/2/20","16","0","02130","0"
"Kodiak Island","0","1","Alaska","6/2/20","1","0","02150","0"
"Matanuska-Susitna","1","29","Alaska","6/2/20","24","5","02170","20.83"
"Nome","0","3","Alaska","6/2/20","3","0","02180","0"
"North Slope","0","1","Alaska","6/2/20","0","1","02185","1"
"Northwest Arctic","0","2","Alaska","6/2/20","2","0","02188","0"
"Petersburg","0","4","Alaska","6/2/20","4","0","02195","0"
"Prince of Wales-Hyder","0","2","Alaska","6/2/20","2","0","02198","0"
"Sitka","0","2","Alaska","6/2/20","2","0","02220","0"
"Southeast Fairbanks","0","3","Alaska","6/2/20","3","0","02240","0"
"Yukon-Koyukuk","0","1","Alaska","6/2/20","1","0","02290","0"
"Apache","51","1569","Arizona","6/2/20","1214","355","04001","29.24"
"Cochise","4","89","Arizona","6/2/20","64","25","04003","39.06"
"Coconino","19","1173","Arizona","6/2/20","1041","132","04005","12.68"
"Gila","2","35","Arizona","6/2/20","24","11","04007","45.83"
"Graham","2","37","Arizona","6/2/20","24","13","04009","54.17"
"Greenlee","1","8","Arizona","6/2/20","3","5","04011","166.67"
"La Paz","6","92","Arizona","6/2/20","51","41","04012","80.39"
"Maricopa","298","10536","Arizona","6/2/20","8448","2088","04013","24.72"
"Mohave","11","409","Arizona","6/2/20","329","80","04015","24.32"
"Navajo","58","1957","Arizona","6/2/20","1550","407","04017","26.26"
"Pima","60","2496","Arizona","6/2/20","2075","421","04019","20.29"
"Pinal","20","909","Arizona","6/2/20","766","143","04021","18.67"
"Santa Cruz","25","365","Arizona","6/2/20","187","178","04023","95.19"
"Yavapai","1","300","Arizona","6/2/20","291","9","04025","3.09"
"Yuma","70","1289","Arizona","6/2/20","797","492","04027","61.73"
"Arkansas","1","7","Arkansas","6/2/20","3","4","05001","133.33"
"Ashley","0","20","Arkansas","6/2/20","19","1","05003","5.26"
"Baxter","1","12","Arkansas","6/2/20","8","4","05005","50"
"Benton","52","676","Arkansas","6/2/20","315","361","05007","114.6"
"Boone","0","6","Arkansas","6/2/20","6","0","05009","0"
"Bradley","1","22","Arkansas","6/2/20","18","4","05011","22.22"
"Carroll","2","29","Arkansas","6/2/20","17","12","05015","70.59"
"Chicot","0","16","Arkansas","6/2/20","14","2","05017","14.29"
"Clark","0","39","Arkansas","6/2/20","37","2","05019","5.41"
"Clay","0","5","Arkansas","6/2/20","4","1","05021","25"
"Cleburne","0","74","Arkansas","6/2/20","73","1","05023","1.37"
"Cleveland","0","19","Arkansas","6/2/20","18","1","05025","5.56"
"Columbia","0","22","Arkansas","6/2/20","20","2","05027","10"
"Conway","0","14","Arkansas","6/2/20","14","0","05029","0"
"Craighead","8","249","Arkansas","6/2/20","190","59","05031","31.05"
"Crawford","2","31","Arkansas","6/2/20","17","14","05033","82.35"
"Crittenden","14","395","Arkansas","6/2/20","297","98","05035","33"
"Cross","1","56","Arkansas","6/2/20","46","10","05037","21.74"
"Dallas","0","3","Arkansas","6/2/20","1","2","05039","200"
"Desha","0","19","Arkansas","6/2/20","19","0","05041","0"
"Drew","0","20","Arkansas","6/2/20","19","1","05043","5.26"
"Faulkner","0","103","Arkansas","6/2/20","100","3","05045","3"
"Franklin","0","4","Arkansas","6/2/20","4","0","05047","0"
"Fulton","0","7","Arkansas","6/2/20","6","1","05049","16.67"
"Garland","0","136","Arkansas","6/2/20","134","2","05051","1.49"
"Grant","0","18","Arkansas","6/2/20","16","2","05053","12.5"
"Greene","2","65","Arkansas","6/2/20","54","11","05055","20.37"
"Hempstead","1","21","Arkansas","6/2/20","14","7","05057","50"
"Hot Spring","0","32","Arkansas","6/2/20","30","2","05059","6.67"
"Howard","1","25","Arkansas","6/2/20","17","8","05061","47.06"
"Independence","1","34","Arkansas","6/2/20","29","5","05063","17.24"
"Izard","0","17","Arkansas","6/2/20","15","2","05065","13.33"
"Jackson","0","4","Arkansas","6/2/20","1","3","05067","300"
"Jefferson","3","529","Arkansas","6/2/20","510","19","05069","3.73"
"Johnson","2","49","Arkansas","6/2/20","38","11","05071","28.95"
"Lafayette","0","9","Arkansas","6/2/20","9","0","05073","0"
"Lawrence","0","85","Arkansas","6/2/20","82","3","05075","3.66"
"Lee","1","23","Arkansas","6/2/20","17","6","05077","35.29"
"Lincoln","1","983","Arkansas","6/2/20","975","8","05079","0.82"
"Little River","0","8","Arkansas","6/2/20","5","3","05081","60"
"Logan","1","8","Arkansas","6/2/20","4","4","05083","100"
"Lonoke","1","54","Arkansas","6/2/20","46","8","05085","17.39"
"Madison","3","29","Arkansas","6/2/20","6","23","05087","383.33"
"Marion","0","2","Arkansas","6/2/20","1","1","05089","100"
"Miller","1","47","Arkansas","6/2/20","42","5","05091","11.9"
"Mississippi","1","78","Arkansas","6/2/20","72","6","05093","8.33"
"Monroe","0","5","Arkansas","6/2/20","5","0","05095","0"
"Montgomery","0","2","Arkansas","6/2/20","1","1","05097","100"
"Nevada","0","7","Arkansas","6/2/20","4","3","05099","75"
"Newton","0","3","Arkansas","6/2/20","3","0","05101","0"
"Ouachita","0","10","Arkansas","6/2/20","10","0","05103","0"
"Perry","0","14","Arkansas","6/2/20","13","1","05105","7.69"
"Phillips","2","24","Arkansas","6/2/20","9","15","05107","166.67"
"Pike","0","5","Arkansas","6/2/20","5","0","05109","0"
"Poinsett","1","37","Arkansas","6/2/20","30","7","05111","23.33"
"Polk","2","26","Arkansas","6/2/20","12","14","05113","116.67"
"Pope","6","166","Arkansas","6/2/20","124","42","05115","33.87"
"Prairie","0","3","Arkansas","6/2/20","2","1","05117","50"
"Pulaski","24","969","Arkansas","6/2/20","802","167","05119","20.82"
"Randolph","0","26","Arkansas","6/2/20","26","0","05121","0"
"Saline","2","116","Arkansas","6/2/20","100","16","05125","16"
"Scott","0","1","Arkansas","6/2/20","1","0","05127","0"
"Searcy","0","7","Arkansas","6/2/20","7","0","05129","0"
"Sebastian","4","47","Arkansas","6/2/20","22","25","05131","113.64"
"Sevier","21","258","Arkansas","6/2/20","111","147","05133","132.43"
"Sharp","1","46","Arkansas","6/2/20","42","4","05135","9.52"
"St. Francis","4","682","Arkansas","6/2/20","651","31","05123","4.76"
"Stone","0","9","Arkansas","6/2/20","8","1","05137","12.5"
"Union","2","173","Arkansas","6/2/20","162","11","05139","6.79"
"Van Buren","0","29","Arkansas","6/2/20","28","1","05141","3.57"
"Washington","45","620","Arkansas","6/2/20","303","317","05143","104.62"
"White","1","46","Arkansas","6/2/20","40","6","05145","15"
"Woodruff","0","1","Arkansas","6/2/20","1","0","05147","0"
"Yell","11","179","Arkansas","6/2/20","102","77","05149","75.49"
"Alameda","76","3515","California","6/2/20","2986","529","06001","17.72"
"Alpine","0","2","California","6/2/20","2","0","06003","0"
"Amador","0","10","California","6/2/20","10","0","06005","0"
"Butte","2","51","California","6/2/20","40","11","06007","27.5"
"Calaveras","0","15","California","6/2/20","14","1","06009","7.14"
"Colusa","0","7","California","6/2/20","5","2","06011","40"
"Contra Costa","22","1506","California","6/2/20","1353","153","06013","11.31"
"Del Norte","1","46","California","6/2/20","40","6","06015","15"
"El Dorado","3","96","California","6/2/20","78","18","06017","23.08"
"Fresno","57","1882","California","6/2/20","1482","400","06019","26.99"
"Glenn","1","17","California","6/2/20","12","5","06021","41.67"
"Humboldt","1","102","California","6/2/20","94","8","06023","8.51"
"Imperial","64","1798","California","6/2/20","1352","446","06025","32.99"
"Inyo","0","20","California","6/2/20","19","1","06027","5.26"
"Kern","71","2376","California","6/2/20","1876","500","06029","26.65"
"Kings","64","1137","California","6/2/20","688","449","06031","65.26"
"Lake","2","26","California","6/2/20","14","12","06033","85.71"
"Lassen","0","5","California","6/2/20","4","1","06035","25"
"Los Angeles","1339","57219","California","6/2/20","47845","9374","06037","19.59"
"Madera","4","114","California","6/2/20","85","29","06039","34.12"
"Marin","12","501","California","6/2/20","417","84","06041","20.14"
"Mariposa","0","16","California","6/2/20","16","0","06043","0"
"Mendocino","1","30","California","6/2/20","22","8","06045","36.36"
"Merced","5","301","California","6/2/20","268","33","06047","12.31"
"Mono","0","37","California","6/2/20","34","3","06051","8.82"
"Monterey","20","571","California","6/2/20","429","142","06053","33.1"
"Napa","1","113","California","6/2/20","109","4","06055","3.67"
"Nevada","0","42","California","6/2/20","41","1","06057","2.44"
"Orange","142","6574","California","6/2/20","5578","996","06059","17.86"
"Placer","6","228","California","6/2/20","188","40","06061","21.28"
"Plumas","0","4","California","6/2/20","4","0","06063","0"
"Riverside","145","8155","California","6/2/20","7139","1016","06065","14.23"
"Sacramento","18","1439","California","6/2/20","1310","129","06067","9.85"
"San Benito","2","88","California","6/2/20","76","12","06069","15.79"
"San Bernardino","133","5501","California","6/2/20","4567","934","06071","20.45"
"San Diego","108","7554","California","6/2/20","6797","757","06073","11.14"
"San Francisco","27","2587","California","6/2/20","2399","188","06075","7.84"
"San Joaquin","30","982","California","6/2/20","771","211","06077","27.37"
"San Luis Obispo","2","278","California","6/2/20","263","15","06079","5.7"
"San Mateo","41","2188","California","6/2/20","1904","284","06081","14.92"
"Santa Barbara","17","1669","California","6/2/20","1551","118","06083","7.61"
"Santa Clara","21","2819","California","6/2/20","2675","144","06085","5.38"
"Santa Cruz","2","217","California","6/2/20","200","17","06087","8.5"
"Shasta","0","39","California","6/2/20","36","3","06089","8.33"
"Sierra","0","1","California","6/2/20","1","0","06091","0"
"Siskiyou","0","8","California","6/2/20","6","2","06093","33.33"
"Solano","13","546","California","6/2/20","455","91","06095","20"
"Sonoma","7","566","California","6/2/20","515","51","06097","9.9"
"Stanislaus","13","750","California","6/2/20","659","91","06099","13.81"
"Sutter","1","46","California","6/2/20","42","4","06101","9.52"
"Tehama","0","5","California","6/2/20","3","2","06103","66.67"
"Trinity","0","1","California","6/2/20","1","0","06105","0"
"Tulare","33","2004","California","6/2/20","1771","233","06107","13.16"
"Tuolumne","0","4","California","6/2/20","3","1","06109","33.33"
"Ventura","36","1164","California","6/2/20","912","252","06111","27.63"
"Yolo","2","213","California","6/2/20","198","15","06113","7.58"
"Yuba","0","30","California","6/2/20","28","2","06115","7.14"
"Adams","53","3338","Colorado","6/2/20","2964","374","08001","12.62"
"Alamosa","3","82","Colorado","6/2/20","58","24","08003","41.38"
"Arapahoe","47","4453","Colorado","6/2/20","4121","332","08005","8.06"
"Archuleta","0","8","Colorado","6/2/20","8","0","08007","0"
"Baca","0","12","Colorado","6/2/20","12","0","08009","0"
"Bent","0","2","Colorado","6/2/20","2","0","08011","0"
"Boulder","6","986","Colorado","6/2/20","941","45","08013","4.78"
"Broomfield","3","244","Colorado","6/2/20","224","20","08014","8.93"
"Chaffee","1","77","Colorado","6/2/20","72","5","08015","6.94"
"Cheyenne","0","5","Colorado","6/2/20","5","0","08017","0"
"Clear Creek","0","17","Colorado","6/2/20","16","1","08019","6.25"
"Conejos","0","2","Colorado","6/2/20","1","1","08021","100"
"Costilla","0","6","Colorado","6/2/20","3","3","08023","100"
"Crowley","0","64","Colorado","6/2/20","63","1","08025","1.59"
"Custer","0","2","Colorado","6/2/20","2","0","08027","0"
"Delta","1","71","Colorado","6/2/20","67","4","08029","5.97"
"Denver","84","5854","Colorado","6/2/20","5269","585","08031","11.1"
"Douglas","6","726","Colorado","6/2/20","683","43","08035","6.3"
"Eagle","1","590","Colorado","6/2/20","580","10","08037","1.72"
"El Paso","26","1761","Colorado","6/2/20","1581","180","08041","11.39"
"Elbert","1","53","Colorado","6/2/20","49","4","08039","8.16"
"Fremont","0","27","Colorado","6/2/20","26","1","08043","3.85"
"Garfield","2","148","Colorado","6/2/20","134","14","08045","10.45"
"Gilpin","0","3","Colorado","6/2/20","3","0","08047","0"
"Grand","1","15","Colorado","6/2/20","7","8","08049","114.29"
"Gunnison","0","178","Colorado","6/2/20","178","0","08051","0"
"Hinsdale","0","3","Colorado","6/2/20","3","0","08053","0"
"Huerfano","0","3","Colorado","6/2/20","3","0","08055","0"
"Jefferson","25","2266","Colorado","6/2/20","2090","176","08059","8.42"
"Kit Carson","0","26","Colorado","6/2/20","26","0","08063","0"
"La Plata","0","82","Colorado","6/2/20","79","3","08067","3.8"
"Lake","1","31","Colorado","6/2/20","27","4","08065","14.81"
"Larimer","6","589","Colorado","6/2/20","544","45","08069","8.27"
"Las Animas","0","5","Colorado","6/2/20","5","0","08071","0"
"Lincoln","0","3","Colorado","6/2/20","3","0","08073","0"
"Logan","5","620","Colorado","6/2/20","582","38","08075","6.53"
"Mesa","0","55","Colorado","6/2/20","55","0","08077","0"
"Mineral","0","2","Colorado","6/2/20","2","0","08079","0"
"Moffat","0","8","Colorado","6/2/20","7","1","08081","14.29"
"Montezuma","1","46","Colorado","6/2/20","36","10","08083","27.78"
"Montrose","3","181","Colorado","6/2/20","163","18","08085","11.04"
"Morgan","3","631","Colorado","6/2/20","613","18","08087","2.94"
"Otero","1","19","Colorado","6/2/20","15","4","08089","26.67"
"Ouray","0","8","Colorado","6/2/20","8","0","08091","0"
"Park","0","23","Colorado","6/2/20","23","0","08093","0"
"Phillips","0","14","Colorado","6/2/20","12","2","08095","16.67"
"Pitkin","0","58","Colorado","6/2/20","57","1","08097","1.75"
"Prowers","0","15","Colorado","6/2/20","12","3","08099","25"
"Pueblo","5","297","Colorado","6/2/20","264","33","08101","12.5"
"Rio Blanco","0","1","Colorado","6/2/20","1","0","08103","0"
"Rio Grande","3","37","Colorado","6/2/20","16","21","08105","131.25"
"Routt","0","62","Colorado","6/2/20","59","3","08107","5.08"
"Saguache","8","89","Colorado","6/2/20","36","53","08109","147.22"
"San Juan","0","1","Colorado","6/2/20","1","0","08111","0"
"San Miguel","0","23","Colorado","6/2/20","23","0","08113","0"
"Summit","3","233","Colorado","6/2/20","212","21","08117","9.91"
"Teller","0","33","Colorado","6/2/20","32","1","08119","3.12"
"Washington","1","41","Colorado","6/2/20","32","9","08121","28.12"
"Weld","12","2505","Colorado","6/2/20","2423","82","08123","3.38"
"Yuma","3","40","Colorado","6/2/20","19","21","08125","110.53"
"Fairfield","60","15776","Connecticut","6/2/20","15355","421","09001","2.74"
"Hartford","88","10536","Connecticut","6/2/20","9917","619","09003","6.24"
"Litchfield","6","1402","Connecticut","6/2/20","1360","42","09005","3.09"
"Middlesex","18","1154","Connecticut","6/2/20","1026","128","09007","12.48"
"New Haven","58","11525","Connecticut","6/2/20","11121","404","09009","3.63"
"New London","3","1094","Connecticut","6/2/20","1075","19","09011","1.77"
"Tolland","4","848","Connecticut","6/2/20","821","27","09013","3.29"
"Windham","3","393","Connecticut","6/2/20","371","22","09015","5.93"
"Kent","12","1450","Delaware","6/2/20","1368","82","10001","5.99"
"New Castle","54","3883","Delaware","6/2/20","3508","375","10003","10.69"
"Sussex","24","4299","Delaware","6/2/20","4132","167","10005","4.04"
"","0","49","Diamond Princess","6/2/20","49","0",,"0"
"District of Columbia","79","8886","District of Columbia","6/2/20","8334","552","11001","6.62"
"Alachua","2","382","Florida","6/2/20","370","12","12001","3.24"
"Baker","0","29","Florida","6/2/20","27","2","12003","7.41"
"Bay","0","99","Florida","6/2/20","97","2","12005","2.06"
"Bradford","0","51","Florida","6/2/20","51","0","12007","0"
"Brevard","4","427","Florida","6/2/20","399","28","12009","7.02"
"Broward","64","7248","Florida","6/2/20","6799","449","12011","6.6"
"Calhoun","1","62","Florida","6/2/20","52","10","12013","19.23"
"Charlotte","5","463","Florida","6/2/20","430","33","12015","7.67"
"Citrus","0","122","Florida","6/2/20","119","3","12017","2.52"
"Clay","3","387","Florida","6/2/20","365","22","12019","6.03"
"Collier","43","1605","Florida","6/2/20","1305","300","12021","22.99"
"Columbia","2","147","Florida","6/2/20","132","15","12023","11.36"
"DeSoto","11","197","Florida","6/2/20","121","76","12027","62.81"
"Dixie","1","54","Florida","6/2/20","44","10","12029","22.73"
"Duval","25","1660","Florida","6/2/20","1484","176","12031","11.86"
"Escambia","11","844","Florida","6/2/20","769","75","12033","9.75"
"Flagler","2","190","Florida","6/2/20","177","13","12035","7.34"
"Franklin","0","2","Florida","6/2/20","2","0","12037","0"
"Gadsden","2","278","Florida","6/2/20","266","12","12039","4.51"
"Gilchrist","0","15","Florida","6/2/20","12","3","12041","25"
"Glades","5","61","Florida","6/2/20","24","37","12043","154.17"
"Gulf","0","2","Florida","6/2/20","1","1","12045","100"
"Hamilton","5","239","Florida","6/2/20","206","33","12047","16.02"
"Hardee","3","105","Florida","6/2/20","87","18","12049","20.69"
"Hendry","16","446","Florida","6/2/20","337","109","12051","32.34"
"Hernando","1","118","Florida","6/2/20","112","6","12053","5.36"
"Highlands","3","132","Florida","6/2/20","114","18","12055","15.79"
"Hillsborough","45","2285","Florida","6/2/20","1969","316","12057","16.05"
"Holmes","1","23","Florida","6/2/20","18","5","12059","27.78"
"Indian River","3","138","Florida","6/2/20","119","19","12061","15.97"
"Jackson","4","266","Florida","6/2/20","239","27","12063","11.3"
"Jefferson","0","29","Florida","6/2/20","29","0","12065","0"
"Lafayette","0","8","Florida","6/2/20","8","0","12067","0"
"Lake","4","306","Florida","6/2/20","277","29","12069","10.47"
"Lee","30","1967","Florida","6/2/20","1759","208","12071","11.82"
"Leon","5","411","Florida","6/2/20","375","36","12073","9.6"
"Levy","1","35","Florida","6/2/20","30","5","12075","16.67"
"Liberty","1","213","Florida","6/2/20","209","4","12077","1.91"
"Madison","0","69","Florida","6/2/20","69","0","12079","0"
"Manatee","12","1074","Florida","6/2/20","990","84","12081","8.48"
"Marion","2","255","Florida","6/2/20","240","15","12083","6.25"
"Martin","21","680","Florida","6/2/20","535","145","12085","27.1"
"Miami-Dade","151","18224","Florida","6/2/20","17168","1056","12086","6.15"
"Monroe","0","109","Florida","6/2/20","107","2","12087","1.87"
"Nassau","1","80","Florida","6/2/20","70","10","12089","14.29"
"Okaloosa","6","235","Florida","6/2/20","194","41","12091","21.13"
"Okeechobee","3","85","Florida","6/2/20","67","18","12093","26.87"
"Orange","28","2048","Florida","6/2/20","1849","199","12095","10.76"
"Osceola","7","709","Florida","6/2/20","662","47","12097","7.1"
"Palm Beach","113","6219","Florida","6/2/20","5429","790","12099","14.55"
"Pasco","4","394","Florida","6/2/20","369","25","12101","6.78"
"Pinellas","20","1335","Florida","6/2/20","1196","139","12103","11.62"
"Polk","23","1053","Florida","6/2/20","891","162","12105","18.18"
"Putnam","1","154","Florida","6/2/20","144","10","12107","6.94"
"Santa Rosa","6","248","Florida","6/2/20","209","39","12113","18.66"
"Sarasota","8","647","Florida","6/2/20","594","53","12115","8.92"
"Seminole","4","493","Florida","6/2/20","465","28","12117","6.02"
"St. Johns","3","262","Florida","6/2/20","241","21","12109","8.71"
"St. Lucie","11","492","Florida","6/2/20","413","79","12111","19.13"
"Sumter","0","255","Florida","6/2/20","254","1","12119","0.39"
"Suwannee","0","168","Florida","6/2/20","165","3","12121","1.82"
"Taylor","1","22","Florida","6/2/20","14","8","12123","57.14"
"Union","0","33","Florida","6/2/20","31","2","12125","6.45"
"Volusia","10","752","Florida","6/2/20","680","72","12127","10.59"
"Wakulla","0","35","Florida","6/2/20","32","3","12129","9.38"
"Walton","1","118","Florida","6/2/20","108","10","12131","9.26"
"Washington","2","66","Florida","6/2/20","50","16","12133","32"
"Appling","3","161","Georgia","6/2/20","138","23","13001","16.67"
"Atkinson","2","51","Georgia","6/2/20","35","16","13003","45.71"
"Bacon","7","131","Georgia","6/2/20","80","51","13005","63.75"
"Baker","0","34","Georgia","6/2/20","36","-2","13007","-5.56"
"Baldwin","2","350","Georgia","6/2/20","335","15","13009","4.48"
"Banks","2","93","Georgia","6/2/20","80","13","13011","16.25"
"Barrow","3","328","Georgia","6/2/20","307","21","13013","6.84"
"Bartow","5","485","Georgia","6/2/20","452","33","13015","7.3"
"Ben Hill","2","77","Georgia","6/2/20","65","12","13017","18.46"
"Berrien","2","49","Georgia","6/2/20","38","11","13019","28.95"
"Bibb","5","472","Georgia","6/2/20","436","36","13021","8.26"
"Bleckley","1","48","Georgia","6/2/20","40","8","13023","20"
"Brantley","1","58","Georgia","6/2/20","50","8","13025","16"
"Brooks","0","70","Georgia","6/2/20","68","2","13027","2.94"
"Bryan","0","75","Georgia","6/2/20","72","3","13029","4.17"
"Bulloch","2","67","Georgia","6/2/20","53","14","13031","26.42"
"Burke","0","122","Georgia","6/2/20","123","-1","13033","-0.81"
"Butts","3","234","Georgia","6/2/20","214","20","13035","9.35"
"Calhoun","1","134","Georgia","6/2/20","129","5","13037","3.88"
"Camden","1","64","Georgia","6/2/20","55","9","13039","16.36"
"Candler","0","14","Georgia","6/2/20","13","1","13043","7.69"
"Carroll","5","524","Georgia","6/2/20","490","34","13045","6.94"
"Catoosa","4","142","Georgia","6/2/20","111","31","13047","27.93"
"Charlton","0","33","Georgia","6/2/20","30","3","13049","10"
"Chatham","7","518","Georgia","6/2/20","472","46","13051","9.75"
"Chattahoochee","18","154","Georgia","6/2/20","30","124","13053","413.33"
"Chattooga","0","25","Georgia","6/2/20","24","1","13055","4.17"
"Cherokee","9","911","Georgia","6/2/20","850","61","13057","7.18"
"Clarke","7","295","Georgia","6/2/20","249","46","13059","18.47"
"Clay","1","39","Georgia","6/2/20","35","4","13061","11.43"
"Clayton","9","1238","Georgia","6/2/20","1173","65","13063","5.54"
"Clinch","0","59","Georgia","6/2/20","57","2","13065","3.51"
"Cobb","29","3056","Georgia","6/2/20","2854","202","13067","7.08"
"Coffee","3","277","Georgia","6/2/20","254","23","13069","9.06"
"Colquitt","15","484","Georgia","6/2/20","379","105","13071","27.7"
"Columbia","3","251","Georgia","6/2/20","229","22","13073","9.61"
"Cook","0","47","Georgia","6/2/20","45","2","13075","4.44"
"Coweta","6","422","Georgia","6/2/20","383","39","13077","10.18"
"Crawford","0","28","Georgia","6/2/20","29","-1","13079","-3.45"
"Crisp","2","237","Georgia","6/2/20","223","14","13081","6.28"
"Dade","1","37","Georgia","6/2/20","27","10","13083","37.04"
"Dawson","1","109","Georgia","6/2/20","104","5","13085","4.81"
"Decatur","7","204","Georgia","6/2/20","156","48","13087","30.77"
"DeKalb","55","3803","Georgia","6/2/20","3421","382","13089","11.17"
"Dodge","0","52","Georgia","6/2/20","50","2","13091","4"
"Dooly","1","183","Georgia","6/2/20","174","9","13093","5.17"
"Dougherty","1","1784","Georgia","6/2/20","1774","10","13095","0.56"
"Douglas","5","549","Georgia","6/2/20","517","32","13097","6.19"
"Early","1","244","Georgia","6/2/20","236","8","13099","3.39"
"Echols","4","121","Georgia","6/2/20","96","25","13101","26.04"
"Effingham","0","75","Georgia","6/2/20","75","0","13103","0"
"Elbert","0","75","Georgia","6/2/20","73","2","13105","2.74"
"Emanuel","0","27","Georgia","6/2/20","26","1","13107","3.85"
"Evans","0","5","Georgia","6/2/20","5","0","13109","0"
"Fannin","1","47","Georgia","6/2/20","40","7","13111","17.5"
"Fayette","1","237","Georgia","6/2/20","232","5","13113","2.16"
"Floyd","4","274","Georgia","6/2/20","243","31","13115","12.76"
"Forsyth","6","532","Georgia","6/2/20","492","40","13117","8.13"
"Franklin","9","104","Georgia","6/2/20","39","65","13119","166.67"
"Fulton","58","4638","Georgia","6/2/20","4230","408","13121","9.65"
"Gilmer","2","156","Georgia","6/2/20","139","17","13123","12.23"
"Glascock","0","1","Georgia","6/2/20","1","0","13125","0"
"Glynn","6","133","Georgia","6/2/20","93","40","13127","43.01"
"Gordon","4","166","Georgia","6/2/20","137","29","13129","21.17"
"Grady","3","114","Georgia","6/2/20","94","20","13131","21.28"
"Greene","0","68","Georgia","6/2/20","65","3","13133","4.62"
"Gwinnett","83","3891","Georgia","6/2/20","3307","584","13135","17.66"
"Habersham","3","530","Georgia","6/2/20","506","24","13137","4.74"
"Hall","19","2508","Georgia","6/2/20","2378","130","13139","5.47"
"Hancock","1","197","Georgia","6/2/20","192","5","13141","2.6"
"Haralson","1","47","Georgia","6/2/20","40","7","13143","17.5"
"Harris","3","102","Georgia","6/2/20","84","18","13145","21.43"
"Hart","1","33","Georgia","6/2/20","26","7","13147","26.92"
"Heard","1","35","Georgia","6/2/20","28","7","13149","25"
"Henry","6","695","Georgia","6/2/20","655","40","13151","6.11"
"Houston","3","376","Georgia","6/2/20","356","20","13153","5.62"
"Irwin","1","30","Georgia","6/2/20","24","6","13155","25"
"Jackson","6","198","Georgia","6/2/20","153","45","13157","29.41"
"Jasper","1","39","Georgia","6/2/20","32","7","13159","21.88"
"Jeff Davis","0","37","Georgia","6/2/20","34","3","13161","8.82"
"Jefferson","2","44","Georgia","6/2/20","30","14","13163","46.67"
"Jenkins","0","21","Georgia","6/2/20","18","3","13165","16.67"
"Johnson","0","83","Georgia","6/2/20","82","1","13167","1.22"
"Jones","1","40","Georgia","6/2/20","34","6","13169","17.65"
"Lamar","2","71","Georgia","6/2/20","57","14","13171","24.56"
"Lanier","1","25","Georgia","6/2/20","16","9","13173","56.25"
"Laurens","0","108","Georgia","6/2/20","105","3","13175","2.86"
"Lee","0","361","Georgia","6/2/20","362","-1","13177","-0.28"
"Liberty","2","82","Georgia","6/2/20","68","14","13179","20.59"
"Lincoln","0","16","Georgia","6/2/20","16","0","13181","0"
"Long","1","16","Georgia","6/2/20","12","4","13183","33.33"
"Lowndes","9","319","Georgia","6/2/20","259","60","13185","23.17"
"Lumpkin","1","99","Georgia","6/2/20","91","8","13187","8.79"
"Macon","1","102","Georgia","6/2/20","98","4","13193","4.08"
"Madison","2","56","Georgia","6/2/20","41","15","13195","36.59"
"Marion","1","59","Georgia","6/2/20","49","10","13197","20.41"
"McDuffie","0","67","Georgia","6/2/20","65","2","13189","3.08"
"McIntosh","1","16","Georgia","6/2/20","12","4","13191","33.33"
"Meriwether","1","87","Georgia","6/2/20","78","9","13199","11.54"
"Miller","0","42","Georgia","6/2/20","39","3","13201","7.69"
"Mitchell","2","413","Georgia","6/2/20","399","14","13205","3.51"
"Monroe","0","121","Georgia","6/2/20","119","2","13207","1.68"
"Montgomery","0","11","Georgia","6/2/20","9","2","13209","22.22"
"Morgan","0","38","Georgia","6/2/20","37","1","13211","2.7"
"Murray","2","96","Georgia","6/2/20","81","15","13213","18.52"
"Muscogee","10","637","Georgia","6/2/20","568","69","13215","12.15"
"Newton","5","370","Georgia","6/2/20","335","35","13217","10.45"
"Oconee","1","116","Georgia","6/2/20","108","8","13219","7.41"
"Oglethorpe","1","62","Georgia","6/2/20","58","4","13221","6.9"
"Out of GA","32","2144","Georgia","6/2/20","1917","227","80013","11.84"
"Paulding","5","330","Georgia","6/2/20","294","36","13223","12.24"
"Peach","1","74","Georgia","6/2/20","70","4","13225","5.71"
"Pickens","1","48","Georgia","6/2/20","43","5","13227","11.63"
"Pierce","1","100","Georgia","6/2/20","91","9","13229","9.89"
"Pike","0","54","Georgia","6/2/20","52","2","13231","3.85"
"Polk","4","126","Georgia","6/2/20","101","25","13233","24.75"
"Pulaski","0","42","Georgia","6/2/20","39","3","13235","7.69"
"Putnam","1","93","Georgia","6/2/20","88","5","13237","5.68"
"Quitman","0","12","Georgia","6/2/20","12","0","13239","0"
"Rabun","1","23","Georgia","6/2/20","16","7","13241","43.75"
"Randolph","1","179","Georgia","6/2/20","175","4","13243","2.29"
"Richmond","6","598","Georgia","6/2/20","553","45","13245","8.14"
"Rockdale","3","289","Georgia","6/2/20","268","21","13247","7.84"
"Schley","0","16","Georgia","6/2/20","17","-1","13249","-5.88"
"Screven","3","55","Georgia","6/2/20","32","23","13251","71.88"
"Seminole","0","45","Georgia","6/2/20","43","2","13253","4.65"
"Spalding","2","277","Georgia","6/2/20","262","15","13255","5.73"
"Stephens","3","147","Georgia","6/2/20","129","18","13257","13.95"
"Stewart","1","52","Georgia","6/2/20","46","6","13259","13.04"
"Sumter","5","489","Georgia","6/2/20","454","35","13261","7.71"
"Talbot","0","39","Georgia","6/2/20","37","2","13263","5.41"
"Taliaferro","0","1","Georgia","6/2/20","1","0","13265","0"
"Tattnall","1","27","Georgia","6/2/20","19","8","13267","42.11"
"Taylor","0","22","Georgia","6/2/20","21","1","13269","4.76"
"Telfair","0","37","Georgia","6/2/20","34","3","13271","8.82"
"Terrell","0","213","Georgia","6/2/20","213","0","13273","0"
"Thomas","1","332","Georgia","6/2/20","323","9","13275","2.79"
"Tift","5","270","Georgia","6/2/20","234","36","13277","15.38"
"Toombs","0","56","Georgia","6/2/20","53","3","13279","5.66"
"Towns","0","24","Georgia","6/2/20","22","2","13281","9.09"
"Treutlen","1","12","Georgia","6/2/20","8","4","13283","50"
"Troup","7","320","Georgia","6/2/20","268","52","13285","19.4"
"Turner","3","128","Georgia","6/2/20","106","22","13287","20.75"
"Twiggs","0","17","Georgia","6/2/20","14","3","13289","21.43"
"Union","1","46","Georgia","6/2/20","41","5","13291","12.2"
"Upson","1","284","Georgia","6/2/20","279","5","13293","1.79"
"Walker","9","162","Georgia","6/2/20","102","60","13295","58.82"
"Walton","7","269","Georgia","6/2/20","217","52","13297","23.96"
"Ware","1","228","Georgia","6/2/20","221","7","13299","3.17"
"Warren","0","18","Georgia","6/2/20","18","0","13301","0"
"Washington","0","74","Georgia","6/2/20","73","1","13303","1.37"
"Wayne","0","20","Georgia","6/2/20","17","3","13305","17.65"
"Webster","0","13","Georgia","6/2/20","11","2","13307","18.18"
"Wheeler","1","13","Georgia","6/2/20","9","4","13309","44.44"
"White","1","103","Georgia","6/2/20","95","8","13311","8.42"
"Whitfield","13","391","Georgia","6/2/20","303","88","13313","29.04"
"Wilcox","2","117","Georgia","6/2/20","105","12","13315","11.43"
"Wilkes","0","33","Georgia","6/2/20","33","0","13317","0"
"Wilkinson","1","70","Georgia","6/2/20","65","5","13319","7.69"
"Worth","1","223","Georgia","6/2/20","213","10","13321","4.69"
"","0","103","Grand Princess","6/2/20","103","0",,"0"
"","1","175","Guam","6/2/20","167","8",,"4.79"
"Hawaii","0","81","Hawaii","6/2/20","81","0","15001","0"
"Honolulu","1","422","Hawaii","6/2/20","414","8","15003","1.93"
"Kauai","0","20","Hawaii","6/2/20","20","0","15007","0"
"Maui","0","120","Hawaii","6/2/20","118","2","15009","1.69"
"Out of HI","0","10","Hawaii","6/2/20","10","0","80015","0"
"Ada","3","818","Idaho","6/2/20","796","22","16001","2.76"
"Adams","0","3","Idaho","6/2/20","3","0","16003","0"
"Bannock","2","34","Idaho","6/2/20","18","16","16005","88.89"
"Benewah","2","12","Idaho","6/2/20","0","12","16009","1"
"Bingham","0","8","Idaho","6/2/20","6","2","16011","33.33"
"Blaine","0","512","Idaho","6/2/20","510","2","16013","0.39"
"Bonner","0","6","Idaho","6/2/20","4","2","16017","50"
"Bonneville","3","51","Idaho","6/2/20","32","19","16019","59.38"
"Camas","0","1","Idaho","6/2/20","1","0","16025","0"
"Canyon","4","310","Idaho","6/2/20","284","26","16027","9.15"
"Caribou","0","1","Idaho","6/2/20","1","0","16029","0"
"Cassia","8","85","Idaho","6/2/20","28","57","16031","203.57"
"Custer","0","2","Idaho","6/2/20","2","0","16037","0"
"Elmore","0","31","Idaho","6/2/20","31","0","16039","0"
"Franklin","1","9","Idaho","6/2/20","0","9","16041","1"
"Fremont","0","3","Idaho","6/2/20","3","0","16043","0"
"Gem","0","17","Idaho","6/2/20","17","0","16045","0"
"Gooding","1","49","Idaho","6/2/20","39","10","16047","25.64"
"Idaho","0","3","Idaho","6/2/20","3","0","16049","0"
"Jefferson","0","7","Idaho","6/2/20","7","0","16051","0"
"Jerome","4","175","Idaho","6/2/20","145","30","16053","20.69"
"Kootenai","1","73","Idaho","6/2/20","66","7","16055","10.61"
"Latah","0","7","Idaho","6/2/20","7","0","16057","0"
"Lemhi","0","1","Idaho","6/2/20","1","0","16059","0"
"Lincoln","0","33","Idaho","6/2/20","30","3","16063","10"
"Madison","0","21","Idaho","6/2/20","20","1","16065","5"
"Minidoka","4","58","Idaho","6/2/20","29","29","16067","100"
"Nez Perce","0","82","Idaho","6/2/20","81","1","16069","1.23"
"Owyhee","0","8","Idaho","6/2/20","8","0","16073","0"
"Payette","0","23","Idaho","6/2/20","23","0","16075","0"
"Power","0","6","Idaho","6/2/20","3","3","16077","100"
"Teton","0","11","Idaho","6/2/20","11","0","16081","0"
"Twin Falls","7","428","Idaho","6/2/20","381","47","16083","12.34"
"Valley","0","2","Idaho","6/2/20","2","0","16085","0"
"Washington","1","43","Idaho","6/2/20","34","9","16087","26.47"
"Adams","0","44","Illinois","6/2/20","44","0","17001","0"
"Alexander","0","8","Illinois","6/2/20","8","0","17003","0"
"Bond","0","12","Illinois","6/2/20","10","2","17005","20"
"Boone","10","476","Illinois","6/2/20","407","69","17007","16.95"
"Brown","0","10","Illinois","6/2/20","10","0","17009","0"
"Bureau","0","15","Illinois","6/2/20","15","0","17011","0"
"Calhoun","0","1","Illinois","6/2/20","1","0","17013","0"
"Carroll","0","15","Illinois","6/2/20","13","2","17015","15.38"
"Cass","1","74","Illinois","6/2/20","67","7","17017","10.45"
"Champaign","12","652","Illinois","6/2/20","569","83","17019","14.59"
"Christian","0","35","Illinois","6/2/20","33","2","17021","6.06"
"Clark","0","11","Illinois","6/2/20","10","1","17023","10"
"Clay","0","2","Illinois","6/2/20","2","0","17025","0"
"Clinton","1","188","Illinois","6/2/20","178","10","17027","5.62"
"Coles","2","127","Illinois","6/2/20","115","12","17029","10.43"
"Cook","836","79673","Illinois","6/2/20","73819","5854","17031","7.93"
"Crawford","0","12","Illinois","6/2/20","11","1","17033","9.09"
"Cumberland","0","10","Illinois","6/2/20","10","0","17035","0"
"De Witt","0","4","Illinois","6/2/20","4","0","17039","0"
"DeKalb","13","422","Illinois","6/2/20","331","91","17037","27.49"
"Douglas","0","28","Illinois","6/2/20","28","0","17041","0"
"DuPage","75","7818","Illinois","6/2/20","7290","528","17043","7.24"
"Edgar","0","1","Illinois","6/2/20","0","1","17045","1"
"Edwards","0","2","Illinois","6/2/20","2","0","17047","0"
"Effingham","0","7","Illinois","6/2/20","6","1","17049","16.67"
"Fayette","0","21","Illinois","6/2/20","20","1","17051","5"
"Ford","0","20","Illinois","6/2/20","20","0","17053","0"
"Franklin","0","12","Illinois","6/2/20","12","0","17055","0"
"Fulton","0","12","Illinois","6/2/20","11","1","17057","9.09"
"Gallatin","0","2","Illinois","6/2/20","2","0","17059","0"
"Greene","0","5","Illinois","6/2/20","5","0","17061","0"
"Grundy","2","101","Illinois","6/2/20","89","12","17063","13.48"
"Hamilton","0","2","Illinois","6/2/20","2","0","17065","0"
"Hancock","0","17","Illinois","6/2/20","15","2","17067","13.33"
"Hardin","0","1","Illinois","6/2/20","1","0","17069","0"
"Henderson","0","8","Illinois","6/2/20","8","0","17071","0"
"Henry","0","69","Illinois","6/2/20","67","2","17073","2.99"
"Iroquois","0","132","Illinois","6/2/20","131","1","17075","0.76"
"Jackson","9","289","Illinois","6/2/20","228","61","17077","26.75"
"Jasper","0","46","Illinois","6/2/20","45","1","17079","2.22"
"Jefferson","0","101","Illinois","6/2/20","101","0","17081","0"
"Jersey","1","24","Illinois","6/2/20","20","4","17083","20"
"Jo Daviess","1","32","Illinois","6/2/20","27","5","17085","18.52"
"Johnson","0","9","Illinois","6/2/20","7","2","17087","28.57"
"Kane","86","6467","Illinois","6/2/20","5866","601","17089","10.25"
"Kankakee","18","930","Illinois","6/2/20","802","128","17091","15.96"
"Kendall","13","819","Illinois","6/2/20","727","92","17093","12.65"
"Knox","1","101","Illinois","6/2/20","95","6","17095","6.32"
"Lake","98","8450","Illinois","6/2/20","7767","683","17097","8.79"
"LaSalle","2","154","Illinois","6/2/20","140","14","17099","10"
"Lawrence","0","4","Illinois","6/2/20","4","0","17101","0"
"Lee","1","82","Illinois","6/2/20","76","6","17103","7.89"
"Livingston","0","34","Illinois","6/2/20","31","3","17105","9.68"
"Logan","0","11","Illinois","6/2/20","10","1","17107","10"
"Macon","1","194","Illinois","6/2/20","188","6","17115","3.19"
"Macoupin","1","46","Illinois","6/2/20","42","4","17117","9.52"
"Madison","8","595","Illinois","6/2/20","540","55","17119","10.19"
"Marion","0","50","Illinois","6/2/20","50","0","17121","0"
"Marshall","0","5","Illinois","6/2/20","5","0","17123","0"
"Mason","0","18","Illinois","6/2/20","17","1","17125","5.88"
"Massac","0","7","Illinois","6/2/20","7","0","17127","0"
"McDonough","1","91","Illinois","6/2/20","83","8","17109","9.64"
"McHenry","22","1606","Illinois","6/2/20","1452","154","17111","10.61"
"McLean","1","221","Illinois","6/2/20","212","9","17113","4.25"
"Menard","0","20","Illinois","6/2/20","17","3","17129","17.65"
"Mercer","0","17","Illinois","6/2/20","15","2","17131","13.33"
"Monroe","1","96","Illinois","6/2/20","92","4","17133","4.35"
"Montgomery","0","40","Illinois","6/2/20","39","1","17135","2.56"
"Morgan","1","38","Illinois","6/2/20","34","4","17137","11.76"
"Moultrie","0","11","Illinois","6/2/20","10","1","17139","10"
"Ogle","3","214","Illinois","6/2/20","192","22","17141","11.46"
"Out of IL","-9","115","Illinois","6/2/20","177","-62","80017","-35.03"
"Peoria","11","262","Illinois","6/2/20","185","77","17143","41.62"
"Perry","0","41","Illinois","6/2/20","41","0","17145","0"
"Piatt","0","11","Illinois","6/2/20","12","-1","17147","-8.33"
"Pike","0","1","Illinois","6/2/20","1","0","17149","0"
"Pope","0","1","Illinois","6/2/20","1","0","17151","0"
"Pulaski","2","55","Illinois","6/2/20","40","15","17153","37.5"
"Putnam","0","1","Illinois","6/2/20","1","0","17155","0"
"Randolph","2","270","Illinois","6/2/20","259","11","17157","4.25"
"Richland","0","3","Illinois","6/2/20","3","0","17159","0"
"Rock Island","6","683","Illinois","6/2/20","639","44","17161","6.89"
"Saline","0","7","Illinois","6/2/20","7","0","17165","0"
"Sangamon","3","350","Illinois","6/2/20","332","18","17167","5.42"
"Schuyler","0","13","Illinois","6/2/20","10","3","17169","30"
"Shelby","0","16","Illinois","6/2/20","16","0","17173","0"
"St. Clair","22","1172","Illinois","6/2/20","1017","155","17163","15.24"
"Stark","0","3","Illinois","6/2/20","3","0","17175","0"
"Stephenson","2","211","Illinois","6/2/20","195","16","17177","8.21"
"Tazewell","1","74","Illinois","6/2/20","68","6","17179","8.82"
"Union","2","157","Illinois","6/2/20","141","16","17181","11.35"
"Vermilion","0","40","Illinois","6/2/20","39","1","17183","2.56"
"Wabash","0","5","Illinois","6/2/20","2","3","17185","150"
"Warren","0","117","Illinois","6/2/20","114","3","17187","2.63"
"Washington","0","18","Illinois","6/2/20","18","0","17189","0"
"Wayne","0","9","Illinois","6/2/20","9","0","17191","0"
"White","0","2","Illinois","6/2/20","2","0","17193","0"
"Whiteside","1","142","Illinois","6/2/20","133","9","17195","6.77"
"Will","59","5649","Illinois","6/2/20","5238","411","17197","7.85"
"Williamson","2","68","Illinois","6/2/20","54","14","17199","25.93"
"Winnebago","46","2313","Illinois","6/2/20","1993","320","17201","16.06"
"Woodford","0","21","Illinois","6/2/20","18","3","17203","16.67"
"Adams","1","20","Indiana","6/2/20","12","8","18001","66.67"
"Allen","57","1711","Indiana","6/2/20","1309","402","18003","30.71"
"Bartholomew","6","521","Indiana","6/2/20","481","40","18005","8.32"
"Benton","1","32","Indiana","6/2/20","25","7","18007","28"
"Blackford","1","27","Indiana","6/2/20","21","6","18009","28.57"
"Boone","4","316","Indiana","6/2/20","288","28","18011","9.72"
"Brown","0","33","Indiana","6/2/20","33","0","18013","0"
"Carroll","0","93","Indiana","6/2/20","92","1","18015","1.09"
"Cass","1","1592","Indiana","6/2/20","1582","10","18017","0.63"
"Clark","8","519","Indiana","6/2/20","461","58","18019","12.58"
"Clay","2","51","Indiana","6/2/20","39","12","18021","30.77"
"Clinton","2","238","Indiana","6/2/20","222","16","18023","7.21"
"Crawford","0","24","Indiana","6/2/20","23","1","18025","4.35"
"Daviess","2","94","Indiana","6/2/20","82","12","18027","14.63"
"Dearborn","1","169","Indiana","6/2/20","164","5","18029","3.05"
"Decatur","0","225","Indiana","6/2/20","224","1","18031","0.45"
"DeKalb","1","37","Indiana","6/2/20","31","6","18033","19.35"
"Delaware","4","385","Indiana","6/2/20","357","28","18035","7.84"
"Dubois","2","202","Indiana","6/2/20","185","17","18037","9.19"
"Elkhart","47","1384","Indiana","6/2/20","1057","327","18039","30.94"
"Fayette","1","78","Indiana","6/2/20","68","10","18041","14.71"
"Floyd","1","319","Indiana","6/2/20","314","5","18043","1.59"
"Fountain","1","22","Indiana","6/2/20","18","4","18045","22.22"
"Franklin","1","110","Indiana","6/2/20","106","4","18047","3.77"
"Fulton","0","49","Indiana","6/2/20","47","2","18049","4.26"
"Gibson","0","17","Indiana","6/2/20","14","3","18051","21.43"
"Grant","4","219","Indiana","6/2/20","191","28","18053","14.66"
"Greene","0","169","Indiana","6/2/20","167","2","18055","1.2"
"Hamilton","8","1170","Indiana","6/2/20","1115","55","18057","4.93"
"Hancock","3","345","Indiana","6/2/20","321","24","18059","7.48"
"Harrison","1","196","Indiana","6/2/20","187","9","18061","4.81"
"Hendricks","7","1177","Indiana","6/2/20","1130","47","18063","4.16"
"Henry","3","184","Indiana","6/2/20","161","23","18065","14.29"
"Howard","9","429","Indiana","6/2/20","365","64","18067","17.53"
"Huntington","0","28","Indiana","6/2/20","26","2","18069","7.69"
"Jackson","4","394","Indiana","6/2/20","367","27","18071","7.36"
"Jasper","1","68","Indiana","6/2/20","58","10","18073","17.24"
"Jay","1","53","Indiana","6/2/20","44","9","18075","20.45"
"Jefferson","1","46","Indiana","6/2/20","41","5","18077","12.2"
"Jennings","1","131","Indiana","6/2/20","127","4","18079","3.15"
"Johnson","4","1117","Indiana","6/2/20","1086","31","18081","2.85"
"Knox","1","29","Indiana","6/2/20","25","4","18083","16"
"Kosciusko","9","156","Indiana","6/2/20","94","62","18085","65.96"
"LaGrange","5","93","Indiana","6/2/20","60","33","18087","55"
"Lake","53","3689","Indiana","6/2/20","3320","369","18089","11.11"
"LaPorte","3","434","Indiana","6/2/20","415","19","18091","4.58"
"Lawrence","3","165","Indiana","6/2/20","144","21","18093","14.58"
"Madison","2","594","Indiana","6/2/20","582","12","18095","2.06"
"Marion","101","9978","Indiana","6/2/20","9268","710","18097","7.66"
"Marshall","7","128","Indiana","6/2/20","76","52","18099","68.42"
"Martin","0","12","Indiana","6/2/20","9","3","18101","33.33"
"Miami","0","141","Indiana","6/2/20","139","2","18103","1.44"
"Monroe","1","169","Indiana","6/2/20","160","9","18105","5.62"
"Montgomery","2","244","Indiana","6/2/20","231","13","18107","5.63"
"Morgan","3","281","Indiana","6/2/20","262","19","18109","7.25"
"Newton","1","78","Indiana","6/2/20","74","4","18111","5.41"
"Noble","7","238","Indiana","6/2/20","189","49","18113","25.93"
"Ohio","0","13","Indiana","6/2/20","13","0","18115","0"
"Orange","1","130","Indiana","6/2/20","124","6","18117","4.84"
"Owen","0","34","Indiana","6/2/20","34","0","18119","0"
"Parke","0","17","Indiana","6/2/20","17","0","18121","0"
"Perry","1","33","Indiana","6/2/20","26","7","18123","26.92"
"Pike","0","6","Indiana","6/2/20","6","0","18125","0"
"Porter","8","547","Indiana","6/2/20","490","57","18127","11.63"
"Posey","0","16","Indiana","6/2/20","17","-1","18129","-5.88"
"Pulaski","1","47","Indiana","6/2/20","39","8","18131","20.51"
"Putnam","1","137","Indiana","6/2/20","133","4","18133","3.01"
"Randolph","1","48","Indiana","6/2/20","43","5","18135","11.63"
"Ripley","-1","108","Indiana","6/2/20","112","-4","18137","-3.57"
"Rush","0","48","Indiana","6/2/20","45","3","18139","6.67"
"Scott","0","121","Indiana","6/2/20","118","3","18143","2.54"
"Shelby","9","375","Indiana","6/2/20","315","60","18145","19.05"
"Spencer","1","21","Indiana","6/2/20","17","4","18147","23.53"
"St. Joseph","15","1309","Indiana","6/2/20","1205","104","18141","8.63"
"Starke","1","39","Indiana","6/2/20","31","8","18149","25.81"
"Steuben","1","85","Indiana","6/2/20","80","5","18151","6.25"
"Sullivan","1","36","Indiana","6/2/20","32","4","18153","12.5"
"Switzerland","0","21","Indiana","6/2/20","19","2","18155","10.53"
"Tippecanoe","6","418","Indiana","6/2/20","375","43","18157","11.47"
"Tipton","0","25","Indiana","6/2/20","25","0","18159","0"
"Union","0","9","Indiana","6/2/20","8","1","18161","12.5"
"Vanderburgh","5","284","Indiana","6/2/20","248","36","18163","14.52"
"Vermillion","0","10","Indiana","6/2/20","9","1","18165","11.11"
"Vigo","3","171","Indiana","6/2/20","147","24","18167","16.33"
"Wabash","1","79","Indiana","6/2/20","72","7","18169","9.72"
"Warren","0","12","Indiana","6/2/20","12","0","18171","0"
"Warrick","0","166","Indiana","6/2/20","164","2","18173","1.22"
"Washington","0","51","Indiana","6/2/20","52","-1","18175","-1.92"
"Wayne","2","85","Indiana","6/2/20","71","14","18177","19.72"
"Wells","1","32","Indiana","6/2/20","24","8","18179","33.33"
"White","2","238","Indiana","6/2/20","226","12","18181","5.31"
"Whitley","0","43","Indiana","6/2/20","40","3","18183","7.5"
"Adair","0","9","Iowa","6/2/20","7","2","19001","28.57"
"Adams","0","7","Iowa","6/2/20","5","2","19003","40"
"Allamakee","0","120","Iowa","6/2/20","118","2","19005","1.69"
"Appanoose","0","14","Iowa","6/2/20","13","1","19007","7.69"
"Audubon","0","13","Iowa","6/2/20","12","1","19009","8.33"
"Benton","1","43","Iowa","6/2/20","39","4","19011","10.26"
"Black Hawk","10","1759","Iowa","6/2/20","1692","67","19013","3.96"
"Boone","2","67","Iowa","6/2/20","55","12","19015","21.82"
"Bremer","0","69","Iowa","6/2/20","67","2","19017","2.99"
"Buchanan","0","33","Iowa","6/2/20","31","2","19019","6.45"
"Buena Vista","86","852","Iowa","6/2/20","252","600","19021","238.1"
"Butler","0","17","Iowa","6/2/20","15","2","19023","13.33"
"Calhoun","0","3","Iowa","6/2/20","2","1","19025","50"
"Carroll","0","12","Iowa","6/2/20","9","3","19027","33.33"
"Cass","0","12","Iowa","6/2/20","11","1","19029","9.09"
"Cedar","0","49","Iowa","6/2/20","46","3","19031","6.52"
"Cerro Gordo","1","29","Iowa","6/2/20","22","7","19033","31.82"
"Cherokee","2","32","Iowa","6/2/20","18","14","19035","77.78"
"Chickasaw","1","12","Iowa","6/2/20","8","4","19037","50"
"Clarke","4","62","Iowa","6/2/20","35","27","19039","77.14"
"Clay","1","18","Iowa","6/2/20","10","8","19041","80"
"Clayton","0","34","Iowa","6/2/20","31","3","19043","9.68"
"Clinton","1","64","Iowa","6/2/20","60","4","19045","6.67"
"Crawford","6","530","Iowa","6/2/20","487","43","19047","8.83"
"Dallas","9","924","Iowa","6/2/20","864","60","19049","6.94"
"Davis","1","25","Iowa","6/2/20","20","5","19051","25"
"Decatur","0","1","Iowa","6/2/20","0","1","19053","1"
"Delaware","0","17","Iowa","6/2/20","15","2","19055","13.33"
"Des Moines","1","66","Iowa","6/2/20","59","7","19057","11.86"
"Dickinson","2","25","Iowa","6/2/20","9","16","19059","177.78"
"Dubuque","4","350","Iowa","6/2/20","323","27","19061","8.36"
"Emmet","2","18","Iowa","6/2/20","7","11","19063","157.14"
"Fayette","0","27","Iowa","6/2/20","26","1","19065","3.85"
"Floyd","0","19","Iowa","6/2/20","18","1","19067","5.56"
"Franklin","1","13","Iowa","6/2/20","8","5","19069","62.5"
"Fremont","0","4","Iowa","6/2/20","4","0","19071","0"
"Greene","0","13","Iowa","6/2/20","13","0","19073","0"
"Grundy","0","20","Iowa","6/2/20","19","1","19075","5.26"
"Guthrie","1","53","Iowa","6/2/20","43","10","19077","23.26"
"Hamilton","3","44","Iowa","6/2/20","25","19","19079","76"
"Hancock","0","16","Iowa","6/2/20","14","2","19081","14.29"
"Hardin","1","17","Iowa","6/2/20","13","4","19083","30.77"
"Harrison","1","25","Iowa","6/2/20","19","6","19085","31.58"
"Henry","1","72","Iowa","6/2/20","67","5","19087","7.46"
"Howard","0","12","Iowa","6/2/20","12","0","19089","0"
"Humboldt","1","19","Iowa","6/2/20","13","6","19091","46.15"
"Ida","0","14","Iowa","6/2/20","13","1","19093","7.69"
"Iowa","0","34","Iowa","6/2/20","33","1","19095","3.03"
"Jackson","0","12","Iowa","6/2/20","12","0","19097","0"
"Jasper","1","261","Iowa","6/2/20","257","4","19099","1.56"
"Jefferson","2","34","Iowa","6/2/20","18","16","19101","88.89"
"Johnson","2","616","Iowa","6/2/20","605","11","19103","1.82"
"Jones","0","37","Iowa","6/2/20","36","1","19105","2.78"
"Keokuk","0","14","Iowa","6/2/20","14","0","19107","0"
"Kossuth","1","13","Iowa","6/2/20","8","5","19109","62.5"
"Lee","1","27","Iowa","6/2/20","21","6","19111","28.57"
"Linn","3","958","Iowa","6/2/20","936","22","19113","2.35"
"Louisa","1","346","Iowa","6/2/20","336","10","19115","2.98"
"Lucas","2","19","Iowa","6/2/20","6","13","19117","216.67"
"Lyon","1","24","Iowa","6/2/20","19","5","19119","26.32"
"Madison","1","30","Iowa","6/2/20","25","5","19121","20"
"Mahaska","2","97","Iowa","6/2/20","85","12","19123","14.12"
"Marion","1","34","Iowa","6/2/20","30","4","19125","13.33"
"Marshall","3","898","Iowa","6/2/20","875","23","19127","2.63"
"Mills","0","19","Iowa","6/2/20","16","3","19129","18.75"
"Mitchell","0","4","Iowa","6/2/20","4","0","19131","0"
"Monona","0","25","Iowa","6/2/20","24","1","19133","4.17"
"Monroe","0","38","Iowa","6/2/20","35","3","19135","8.57"
"Montgomery","0","8","Iowa","6/2/20","6","2","19137","33.33"
"Muscatine","2","558","Iowa","6/2/20","545","13","19139","2.39"
"O'Brien","1","33","Iowa","6/2/20","27","6","19141","22.22"
"Osceola","0","34","Iowa","6/2/20","32","2","19143","6.25"
"Page","1","14","Iowa","6/2/20","10","4","19145","40"
"Palo Alto","1","7","Iowa","6/2/20","3","4","19147","133.33"
"Plymouth","2","135","Iowa","6/2/20","118","17","19149","14.41"
"Pocahontas","1","13","Iowa","6/2/20","4","9","19151","225"
"Polk","74","4342","Iowa","6/2/20","3821","521","19153","13.64"
"Pottawattamie","8","273","Iowa","6/2/20","220","53","19155","24.09"
"Poweshiek","0","90","Iowa","6/2/20","88","2","19157","2.27"
"Ringgold","0","4","Iowa","6/2/20","4","0","19159","0"
"Sac","1","21","Iowa","6/2/20","13","8","19161","61.54"
"Scott","3","365","Iowa","6/2/20","341","24","19163","7.04"
"Shelby","1","37","Iowa","6/2/20","31","6","19165","19.35"
"Sioux","12","287","Iowa","6/2/20","204","83","19167","40.69"
"Story","3","119","Iowa","6/2/20","95","24","19169","25.26"
"Tama","1","405","Iowa","6/2/20","398","7","19171","1.76"
"Taylor","3","58","Iowa","6/2/20","40","18","19173","45"
"Union","1","10","Iowa","6/2/20","6","4","19175","66.67"
"Van Buren","0","9","Iowa","6/2/20","9","0","19177","0"
"Wapello","13","610","Iowa","6/2/20","517","93","19179","17.99"
"Warren","5","144","Iowa","6/2/20","112","32","19181","28.57"
"Washington","1","190","Iowa","6/2/20","184","6","19183","3.26"
"Wayne","0","1","Iowa","6/2/20","1","0","19185","0"
"Webster","2","43","Iowa","6/2/20","28","15","19187","53.57"
"Winnebago","0","11","Iowa","6/2/20","10","1","19189","10"
"Winneshiek","0","24","Iowa","6/2/20","23","1","19191","4.35"
"Woodbury","21","2786","Iowa","6/2/20","2640","146","19193","5.53"
"Worth","0","3","Iowa","6/2/20","3","0","19195","0"
"Wright","9","188","Iowa","6/2/20","124","64","19197","51.61"
"Allen","0","1","Kansas","6/2/20","1","0","20001","0"
"Anderson","0","1","Kansas","6/2/20","1","0","20003","0"
"Atchison","0","23","Kansas","6/2/20","21","2","20005","9.52"
"Barber","0","1","Kansas","6/2/20","1","0","20007","0"
"Barton","0","44","Kansas","6/2/20","45","-1","20009","-2.22"
"Bourbon","0","7","Kansas","6/2/20","7","0","20011","0"
"Brown","0","6","Kansas","6/2/20","6","0","20013","0"
"Butler","1","34","Kansas","6/2/20","29","5","20015","17.24"
"Chase","0","4","Kansas","6/2/20","4","0","20017","0"
"Chautauqua","0","4","Kansas","6/2/20","4","0","20019","0"
"Cherokee","0","10","Kansas","6/2/20","9","1","20021","11.11"
"Cheyenne","0","2","Kansas","6/2/20","2","0","20023","0"
"Clark","0","33","Kansas","6/2/20","31","2","20025","6.45"
"Clay","0","5","Kansas","6/2/20","5","0","20027","0"
"Cloud","0","5","Kansas","6/2/20","5","0","20029","0"
"Coffey","0","50","Kansas","6/2/20","50","0","20031","0"
"Comanche","0","2","Kansas","6/2/20","1","1","20033","100"
"Cowley","1","10","Kansas","6/2/20","4","6","20035","150"
"Crawford","0","8","Kansas","6/2/20","8","0","20037","0"
"Dickinson","0","4","Kansas","6/2/20","3","1","20041","33.33"
"Doniphan","1","18","Kansas","6/2/20","12","6","20043","50"
"Douglas","1","67","Kansas","6/2/20","63","4","20045","6.35"
"Edwards","0","5","Kansas","6/2/20","5","0","20047","0"
"Ellis","0","8","Kansas","6/2/20","8","0","20051","0"
"Ellsworth","0","2","Kansas","6/2/20","2","0","20053","0"
"Finney","8","1504","Kansas","6/2/20","1451","53","20055","3.65"
"Ford","27","1789","Kansas","6/2/20","1601","188","20057","11.74"
"Franklin","0","35","Kansas","6/2/20","34","1","20059","2.94"
"Geary","0","20","Kansas","6/2/20","19","1","20061","5.26"
"Gove","0","1","Kansas","6/2/20","1","0","20063","0"
"Grant","0","18","Kansas","6/2/20","18","0","20067","0"
"Gray","0","23","Kansas","6/2/20","22","1","20069","4.55"
"Greenwood","1","9","Kansas","6/2/20","3","6","20073","200"
"Hamilton","1","18","Kansas","6/2/20","10","8","20075","80"
"Harper","0","2","Kansas","6/2/20","1","1","20077","100"
"Harvey","0","11","Kansas","6/2/20","11","0","20079","0"
"Haskell","0","21","Kansas","6/2/20","18","3","20081","16.67"
"Hodgeman","1","5","Kansas","6/2/20","1","4","20083","400"
"Jackson","1","100","Kansas","6/2/20","93","7","20085","7.53"
"Jefferson","0","22","Kansas","6/2/20","22","0","20087","0"
"Jewell","0","4","Kansas","6/2/20","4","0","20089","0"
"Johnson","16","857","Kansas","6/2/20","746","111","20091","14.88"
"Kearny","1","45","Kansas","6/2/20","40","5","20093","12.5"
"Kiowa","0","2","Kansas","6/2/20","2","0","20097","0"
"Labette","0","22","Kansas","6/2/20","22","0","20099","0"
"Lane","0","3","Kansas","6/2/20","3","0","20101","0"
"Leavenworth","3","1093","Kansas","6/2/20","1070","23","20103","2.15"
"Linn","1","11","Kansas","6/2/20","7","4","20107","57.14"
"Lyon","6","372","Kansas","6/2/20","332","40","20111","12.05"
"Marion","0","5","Kansas","6/2/20","5","0","20115","0"
"McPherson","0","28","Kansas","6/2/20","27","1","20113","3.7"
"Meade","1","31","Kansas","6/2/20","24","7","20119","29.17"
"Miami","0","7","Kansas","6/2/20","7","0","20121","0"
"Mitchell","0","4","Kansas","6/2/20","3","1","20123","33.33"
"Montgomery","0","20","Kansas","6/2/20","20","0","20125","0"
"Morris","0","5","Kansas","6/2/20","4","1","20127","25"
"Morton","0","6","Kansas","6/2/20","4","2","20129","50"
"Nemaha","1","19","Kansas","6/2/20","14","5","20131","35.71"
"Neosho","0","2","Kansas","6/2/20","2","0","20133","0"
"Ness","0","3","Kansas","6/2/20","1","2","20135","200"
"Norton","0","2","Kansas","6/2/20","2","0","20137","0"
"Osage","0","7","Kansas","6/2/20","7","0","20139","0"
"Osborne","0","2","Kansas","6/2/20","2","0","20141","0"
"Ottawa","0","4","Kansas","6/2/20","4","0","20143","0"
"Phillips","0","2","Kansas","6/2/20","2","0","20147","0"
"Pottawatomie","0","25","Kansas","6/2/20","23","2","20149","8.7"
"Pratt","0","2","Kansas","6/2/20","1","1","20151","100"
"Reno","0","43","Kansas","6/2/20","43","0","20155","0"
"Republic","0","4","Kansas","6/2/20","4","0","20157","0"
"Rice","0","4","Kansas","6/2/20","4","0","20159","0"
"Riley","0","66","Kansas","6/2/20","63","3","20161","4.76"
"Rooks","0","6","Kansas","6/2/20","6","0","20163","0"
"Saline","0","26","Kansas","6/2/20","24","2","20169","8.33"
"Scott","0","14","Kansas","6/2/20","13","1","20171","7.69"
"Sedgwick","6","604","Kansas","6/2/20","560","44","20173","7.86"
"Seward","7","883","Kansas","6/2/20","837","46","20175","5.5"
"Shawnee","8","326","Kansas","6/2/20","269","57","20177","21.19"
"Sheridan","0","2","Kansas","6/2/20","2","0","20179","0"
"Sherman","0","7","Kansas","6/2/20","6","1","20181","16.67"
"Smith","0","2","Kansas","6/2/20","2","0","20183","0"
"Stafford","0","1","Kansas","6/2/20","1","0","20185","0"
"Stanton","0","10","Kansas","6/2/20","9","1","20187","11.11"
"Stevens","0","30","Kansas","6/2/20","27","3","20189","11.11"
"Sumner","0","8","Kansas","6/2/20","6","2","20191","33.33"
"Trego","0","1","Kansas","6/2/20","1","0","20195","0"
"Wabaunsee","0","31","Kansas","6/2/20","30","1","20197","3.33"
"Wilson","0","1","Kansas","6/2/20","1","0","20205","0"
"Woodson","0","6","Kansas","6/2/20","6","0","20207","0"
"Wyandotte","14","1375","Kansas","6/2/20","1275","100","20209","7.84"
"Adair","0","97","Kentucky","6/2/20","96","1","21001","1.04"
"Allen","5","92","Kentucky","6/2/20","56","36","21003","64.29"
"Anderson","1","22","Kentucky","6/2/20","15","7","21005","46.67"
"Ballard","0","12","Kentucky","6/2/20","10","2","21007","20"
"Barren","1","49","Kentucky","6/2/20","43","6","21009","13.95"
"Bath","0","9","Kentucky","6/2/20","8","1","21011","12.5"
"Bell","0","1","Kentucky","6/2/20","1","0","21013","0"
"Boone","11","467","Kentucky","6/2/20","392","75","21015","19.13"
"Bourbon","0","11","Kentucky","6/2/20","9","2","21017","22.22"
"Boyd","0","40","Kentucky","6/2/20","39","1","21019","2.56"
"Boyle","1","26","Kentucky","6/2/20","22","4","21021","18.18"
"Bracken","0","13","Kentucky","6/2/20","11","2","21023","18.18"
"Breathitt","0","3","Kentucky","6/2/20","3","0","21025","0"
"Breckinridge","0","17","Kentucky","6/2/20","16","1","21027","6.25"
"Bullitt","2","119","Kentucky","6/2/20","105","14","21029","13.33"
"Butler","1","232","Kentucky","6/2/20","224","8","21031","3.57"
"Caldwell","0","12","Kentucky","6/2/20","12","0","21033","0"
"Calloway","1","52","Kentucky","6/2/20","48","4","21035","8.33"
"Campbell","5","185","Kentucky","6/2/20","148","37","21037","25"
"Carlisle","0","5","Kentucky","6/2/20","5","0","21039","0"
"Carroll","1","14","Kentucky","6/2/20","7","7","21041","100"
"Carter","0","12","Kentucky","6/2/20","9","3","21043","33.33"
"Casey","0","3","Kentucky","6/2/20","2","1","21045","50"
"Christian","1","111","Kentucky","6/2/20","104","7","21047","6.73"
"Clark","1","42","Kentucky","6/2/20","38","4","21049","10.53"
"Clay","0","7","Kentucky","6/2/20","7","0","21051","0"
"Clinton","0","4","Kentucky","6/2/20","3","1","21053","33.33"
"Crittenden","0","7","Kentucky","6/2/20","5","2","21055","40"
"Cumberland","0","5","Kentucky","6/2/20","5","0","21057","0"
"Daviess","2","323","Kentucky","6/2/20","308","15","21059","4.87"
"Edmonson","0","56","Kentucky","6/2/20","56","0","21061","0"
"Elliott","0","1","Kentucky","6/2/20","1","0","21063","0"
"Estill","0","1","Kentucky","6/2/20","0","1","21065","1"
"Fayette","18","770","Kentucky","6/2/20","644","126","21067","19.57"
"Fleming","0","3","Kentucky","6/2/20","3","0","21069","0"
"Floyd","0","17","Kentucky","6/2/20","16","1","21071","6.25"
"Franklin","4","55","Kentucky","6/2/20","25","30","21073","120"
"Fulton","1","7","Kentucky","6/2/20","3","4","21075","133.33"
"Gallatin","5","43","Kentucky","6/2/20","8","35","21077","437.5"
"Garrard","0","5","Kentucky","6/2/20","5","0","21079","0"
"Grant","0","42","Kentucky","6/2/20","39","3","21081","7.69"
"Graves","1","167","Kentucky","6/2/20","157","10","21083","6.37"
"Grayson","0","126","Kentucky","6/2/20","124","2","21085","1.61"
"Green","0","1","Kentucky","6/2/20","1","0","21087","0"
"Greenup","0","14","Kentucky","6/2/20","13","1","21089","7.69"
"Hancock","0","7","Kentucky","6/2/20","7","0","21091","0"
"Hardin","1","106","Kentucky","6/2/20","97","9","21093","9.28"
"Harlan","0","4","Kentucky","6/2/20","1","3","21095","300"
"Harrison","1","23","Kentucky","6/2/20","18","5","21097","27.78"
"Hart","0","23","Kentucky","6/2/20","21","2","21099","9.52"
"Henderson","2","112","Kentucky","6/2/20","99","13","21101","13.13"
"Henry","1","22","Kentucky","6/2/20","18","4","21103","22.22"
"Hickman","0","5","Kentucky","6/2/20","5","0","21105","0"
"Hopkins","0","222","Kentucky","6/2/20","219","3","21107","1.37"
"Jackson","0","61","Kentucky","6/2/20","61","0","21109","0"
"Jefferson","49","2562","Kentucky","6/2/20","2219","343","21111","15.46"
"Jessamine","2","68","Kentucky","6/2/20","55","13","21113","23.64"
"Johnson","0","5","Kentucky","6/2/20","5","0","21115","0"
"Kenton","11","614","Kentucky","6/2/20","537","77","21117","14.34"
"Knott","0","4","Kentucky","6/2/20","4","0","21119","0"
"Knox","0","10","Kentucky","6/2/20","8","2","21121","25"
"Larue","0","8","Kentucky","6/2/20","7","1","21123","14.29"
"Laurel","0","21","Kentucky","6/2/20","21","0","21125","0"
"Lawrence","0","4","Kentucky","6/2/20","2","2","21127","100"
"Lee","0","1","Kentucky","6/2/20","0","1","21129","1"
"Leslie","0","6","Kentucky","6/2/20","6","0","21131","0"
"Letcher","0","4","Kentucky","6/2/20","4","0","21133","0"
"Lewis","0","7","Kentucky","6/2/20","7","0","21135","0"
"Lincoln","0","8","Kentucky","6/2/20","8","0","21137","0"
"Livingston","0","9","Kentucky","6/2/20","8","1","21139","12.5"
"Logan","4","152","Kentucky","6/2/20","125","27","21141","21.6"
"Lyon","0","15","Kentucky","6/2/20","14","1","21143","7.14"
"Madison","1","55","Kentucky","6/2/20","47","8","21151","17.02"
"Magoffin","0","2","Kentucky","6/2/20","2","0","21153","0"
"Marion","1","24","Kentucky","6/2/20","18","6","21155","33.33"
"Marshall","0","38","Kentucky","6/2/20","37","1","21157","2.7"
"Martin","0","3","Kentucky","6/2/20","3","0","21159","0"
"Mason","0","9","Kentucky","6/2/20","8","1","21161","12.5"
"McCracken","1","97","Kentucky","6/2/20","89","8","21145","8.99"
"McCreary","0","13","Kentucky","6/2/20","13","0","21147","0"
"McLean","0","22","Kentucky","6/2/20","21","1","21149","4.76"
"Meade","0","22","Kentucky","6/2/20","21","1","21163","4.76"
"Menifee","0","10","Kentucky","6/2/20","8","2","21165","25"
"Mercer","0","14","Kentucky","6/2/20","13","1","21167","7.69"
"Metcalfe","0","6","Kentucky","6/2/20","4","2","21169","50"
"Monroe","1","21","Kentucky","6/2/20","15","6","21171","40"
"Montgomery","0","25","Kentucky","6/2/20","22","3","21173","13.64"
"Morgan","0","1","Kentucky","6/2/20","1","0","21175","0"
"Muhlenberg","1","484","Kentucky","6/2/20","474","10","21177","2.11"
"Nelson","1","42","Kentucky","6/2/20","36","6","21179","16.67"
"Nicholas","0","3","Kentucky","6/2/20","1","2","21181","200"
"Ohio","3","148","Kentucky","6/2/20","128","20","21183","15.62"
"Oldham","5","100","Kentucky","6/2/20","65","35","21185","53.85"
"Owen","0","3","Kentucky","6/2/20","1","2","21187","200"
"Owsley","0","2","Kentucky","6/2/20","2","0","21189","0"
"Pendleton","1","11","Kentucky","6/2/20","7","4","21191","57.14"
"Perry","0","21","Kentucky","6/2/20","19","2","21193","10.53"
"Pike","0","30","Kentucky","6/2/20","28","2","21195","7.14"
"Powell","0","1","Kentucky","6/2/20","1","0","21197","0"
"Pulaski","1","61","Kentucky","6/2/20","54","7","21199","12.96"
"Rockcastle","0","13","Kentucky","6/2/20","13","0","21203","0"
"Rowan","0","7","Kentucky","6/2/20","7","0","21205","0"
"Russell","0","24","Kentucky","6/2/20","22","2","21207","9.09"
"Scott","0","35","Kentucky","6/2/20","35","0","21209","0"
"Shelby","7","178","Kentucky","6/2/20","132","46","21211","34.85"
"Simpson","1","54","Kentucky","6/2/20","49","5","21213","10.2"
"Spencer","1","22","Kentucky","6/2/20","17","5","21215","29.41"
"Taylor","0","12","Kentucky","6/2/20","11","1","21217","9.09"
"Todd","0","17","Kentucky","6/2/20","17","0","21219","0"
"Trigg","0","10","Kentucky","6/2/20","9","1","21221","11.11"
"Trimble","0","6","Kentucky","6/2/20","5","1","21223","20"
"Union","1","15","Kentucky","6/2/20","10","5","21225","50"
"Warren","14","1045","Kentucky","6/2/20","949","96","21227","10.12"
"Washington","0","6","Kentucky","6/2/20","6","0","21229","0"
"Wayne","0","8","Kentucky","6/2/20","8","0","21231","0"
"Webster","0","32","Kentucky","6/2/20","32","0","21233","0"
"Whitley","0","13","Kentucky","6/2/20","13","0","21235","0"
"Wolfe","0","1","Kentucky","6/2/20","1","0","21237","0"
"Woodford","0","29","Kentucky","6/2/20","26","3","21239","11.54"
"Acadia","5","428","Louisiana","6/2/20","395","33","22001","8.35"
"Allen","0","184","Louisiana","6/2/20","184","0","22003","0"
"Ascension","7","841","Louisiana","6/2/20","792","49","22005","6.19"
"Assumption","1","252","Louisiana","6/2/20","245","7","22007","2.86"
"Avoyelles","3","136","Louisiana","6/2/20","115","21","22009","18.26"
"Beauregard","2","69","Louisiana","6/2/20","58","11","22011","18.97"
"Bienville","1","147","Louisiana","6/2/20","138","9","22013","6.52"
"Bossier","3","421","Louisiana","6/2/20","398","23","22015","5.78"
"Caddo","37","2609","Louisiana","6/2/20","2347","262","22017","11.16"
"Calcasieu","5","611","Louisiana","6/2/20","578","33","22019","5.71"
"Caldwell","1","60","Louisiana","6/2/20","52","8","22021","15.38"
"Cameron","0","6","Louisiana","6/2/20","3","3","22023","100"
"Catahoula","0","114","Louisiana","6/2/20","112","2","22025","1.79"
"Claiborne","1","66","Louisiana","6/2/20","61","5","22027","8.2"
"Concordia","2","88","Louisiana","6/2/20","74","14","22029","18.92"
"De Soto","1","249","Louisiana","6/2/20","239","10","22031","4.18"
"East Baton Rouge","38","3730","Louisiana","6/2/20","3462","268","22033","7.74"
"East Carroll","8","164","Louisiana","6/2/20","111","53","22035","47.75"
"East Feliciana","1","198","Louisiana","6/2/20","190","8","22037","4.21"
"Evangeline","1","80","Louisiana","6/2/20","75","5","22039","6.67"
"Franklin","11","377","Louisiana","6/2/20","297","80","22041","26.94"
"Grant","0","30","Louisiana","6/2/20","27","3","22043","11.11"
"Iberia","3","411","Louisiana","6/2/20","393","18","22045","4.58"
"Iberville","3","578","Louisiana","6/2/20","556","22","22047","3.96"
"Jackson","2","109","Louisiana","6/2/20","96","13","22049","13.54"
"Jefferson","54","7711","Louisiana","6/2/20","7332","379","22051","5.17"
"Jefferson Davis","1","78","Louisiana","6/2/20","74","4","22053","5.41"
"Lafayette","18","803","Louisiana","6/2/20","678","125","22055","18.44"
"Lafourche","13","867","Louisiana","6/2/20","776","91","22057","11.73"
"LaSalle","1","53","Louisiana","6/2/20","47","6","22059","12.77"
"Lincoln","3","160","Louisiana","6/2/20","138","22","22061","15.94"
"Livingston","6","440","Louisiana","6/2/20","399","41","22063","10.28"
"Madison","5","105","Louisiana","6/2/20","70","35","22065","50"
"Morehouse","0","122","Louisiana","6/2/20","119","3","22067","2.52"
"Natchitoches","2","172","Louisiana","6/2/20","157","15","22069","9.55"
"Orleans","19","7156","Louisiana","6/2/20","7021","135","22071","1.92"
"Ouachita","23","1289","Louisiana","6/2/20","1125","164","22073","14.58"
"Plaquemines","2","215","Louisiana","6/2/20","200","15","22075","7.5"
"Pointe Coupee","2","205","Louisiana","6/2/20","188","17","22077","9.04"
"Rapides","21","810","Louisiana","6/2/20","663","147","22079","22.17"
"Red River","0","50","Louisiana","6/2/20","48","2","22081","4.17"
"Richland","3","139","Louisiana","6/2/20","119","20","22083","16.81"
"Sabine","1","47","Louisiana","6/2/20","40","7","22085","17.5"
"St. Bernard","2","544","Louisiana","6/2/20","529","15","22087","2.84"
"St. Charles","3","645","Louisiana","6/2/20","625","20","22089","3.2"
"St. Helena","0","51","Louisiana","6/2/20","51","0","22091","0"
"St. James","0","294","Louisiana","6/2/20","292","2","22093","0.68"
"St. John the Baptist","2","864","Louisiana","6/2/20","848","16","22095","1.89"
"St. Landry","2","266","Louisiana","6/2/20","249","17","22097","6.83"
"St. Martin","1","300","Louisiana","6/2/20","291","9","22099","3.09"
"St. Mary","3","323","Louisiana","6/2/20","304","19","22101","6.25"
"St. Tammany","14","1776","Louisiana","6/2/20","1678","98","22103","5.84"
"Tangipahoa","10","883","Louisiana","6/2/20","810","73","22105","9.01"
"Tensas","0","12","Louisiana","6/2/20","10","2","22107","20"
"Terrebonne","7","692","Louisiana","6/2/20","641","51","22109","7.96"
"Union","4","324","Louisiana","6/2/20","295","29","22111","9.83"
"Vermilion","1","57","Louisiana","6/2/20","51","6","22113","11.76"
"Vernon","1","28","Louisiana","6/2/20","24","4","22115","16.67"
"Washington","5","437","Louisiana","6/2/20","400","37","22117","9.25"
"Webster","3","157","Louisiana","6/2/20","139","18","22119","12.95"
"West Baton Rouge","3","176","Louisiana","6/2/20","157","19","22121","12.1"
"West Carroll","4","66","Louisiana","6/2/20","41","25","22123","60.98"
"West Feliciana","1","212","Louisiana","6/2/20","205","7","22125","3.41"
"Winn","4","174","Louisiana","6/2/20","145","29","22127","20"
"Androscoggin","10","314","Maine","6/2/20","247","67","23001","27.13"
"Aroostook","0","10","Maine","6/2/20","8","2","23003","25"
"Cumberland","21","1203","Maine","6/2/20","1056","147","23005","13.92"
"Franklin","0","36","Maine","6/2/20","36","0","23007","0"
"Hancock","0","11","Maine","6/2/20","11","0","23009","0"
"Kennebec","0","127","Maine","6/2/20","128","-1","23011","-0.78"
"Knox","0","20","Maine","6/2/20","20","0","23013","0"
"Lincoln","0","20","Maine","6/2/20","20","0","23015","0"
"Oxford","2","33","Maine","6/2/20","22","11","23017","50"
"Penobscot","0","100","Maine","6/2/20","99","1","23019","1.01"
"Piscataquis","0","1","Maine","6/2/20","1","0","23021","0"
"Sagadahoc","0","31","Maine","6/2/20","28","3","23023","10.71"
"Somerset","0","22","Maine","6/2/20","21","1","23025","4.76"
"Waldo","0","51","Maine","6/2/20","51","0","23027","0"
"Washington","0","1","Maine","6/2/20","2","-1","23029","-50"
"York","5","396","Maine","6/2/20","359","37","23031","10.31"
"Allegany","1","181","Maryland","6/2/20","176","5","24001","2.84"
"Anne Arundel","76","3924","Maryland","6/2/20","3394","530","24003","15.62"
"Baltimore","127","6385","Maryland","6/2/20","5498","887","24005","16.13"
"Baltimore City","99","5688","Maryland","6/2/20","4997","691","24510","13.83"
"Calvert","6","352","Maryland","6/2/20","308","44","24009","14.29"
"Caroline","3","263","Maryland","6/2/20","243","20","24011","8.23"
"Carroll","17","927","Maryland","6/2/20","811","116","24013","14.3"
"Cecil","3","377","Maryland","6/2/20","353","24","24015","6.8"
"Charles","19","1133","Maryland","6/2/20","1001","132","24017","13.19"
"Dorchester","2","144","Maryland","6/2/20","130","14","24019","10.77"
"Frederick","31","1961","Maryland","6/2/20","1746","215","24021","12.31"
"Garrett","0","10","Maryland","6/2/20","10","0","24023","0"
"Harford","14","891","Maryland","6/2/20","795","96","24025","12.08"
"Howard","35","1975","Maryland","6/2/20","1732","243","24027","14.03"
"Kent","2","174","Maryland","6/2/20","158","16","24029","10.13"
"Montgomery","206","11731","Maryland","6/2/20","10291","1440","24031","13.99"
"Prince George's","248","15553","Maryland","6/2/20","13819","1734","24033","12.55"
"Queen Anne's","1","161","Maryland","6/2/20","151","10","24035","6.62"
"Somerset","0","74","Maryland","6/2/20","73","1","24039","1.37"
"St. Mary's","17","518","Maryland","6/2/20","400","118","24037","29.5"
"Talbot","2","101","Maryland","6/2/20","86","15","24041","17.44"
"Washington","10","480","Maryland","6/2/20","413","67","24043","16.22"
"Wicomico","7","955","Maryland","6/2/20","908","47","24045","5.18"
"Worcester","3","217","Maryland","6/2/20","194","23","24047","11.86"
"Barnstable","7","1430","Massachusetts","6/2/20","1378","52","25001","3.77"
"Berkshire","1","568","Massachusetts","6/2/20","558","10","25003","1.79"
"Bristol","71","7380","Massachusetts","6/2/20","6880","500","25005","7.27"
"Dukes and Nantucket","0","54","Massachusetts","6/2/20","52","2","00000","3.85"
"Essex","104","14795","Massachusetts","6/2/20","14064","731","25009","5.2"
"Franklin","1","335","Massachusetts","6/2/20","327","8","25011","2.45"
"Hampden","40","6201","Massachusetts","6/2/20","5918","283","25013","4.78"
"Hampshire","2","883","Massachusetts","6/2/20","868","15","25015","1.73"
"Middlesex","133","22296","Massachusetts","6/2/20","21364","932","25017","4.36"
"Norfolk","42","8600","Massachusetts","6/2/20","8304","296","25021","3.56"
"Plymouth","43","8228","Massachusetts","6/2/20","7927","301","25023","3.8"
"Suffolk","82","18636","Massachusetts","6/2/20","18065","571","25025","3.16"
"Worcester","93","11438","Massachusetts","6/2/20","10788","650","25027","6.03"
"Alcona","1","20","Michigan","6/2/20","14","6","26001","42.86"
"Allegan","2","258","Michigan","6/2/20","246","12","26005","4.88"
"Alpena","0","102","Michigan","6/2/20","102","0","26007","0"
"Antrim","0","13","Michigan","6/2/20","13","0","26009","0"
"Arenac","0","38","Michigan","6/2/20","37","1","26011","2.7"
"Baraga","0","1","Michigan","6/2/20","1","0","26013","0"
"Barry","1","82","Michigan","6/2/20","77","5","26015","6.49"
"Bay","4","354","Michigan","6/2/20","323","31","26017","9.6"
"Benzie","0","4","Michigan","6/2/20","4","0","26019","0"
"Berrien","7","776","Michigan","6/2/20","726","50","26021","6.89"
"Branch","3","136","Michigan","6/2/20","112","24","26023","21.43"
"Calhoun","7","433","Michigan","6/2/20","387","46","26025","11.89"
"Cass","1","96","Michigan","6/2/20","90","6","26027","6.67"
"Charlevoix","0","18","Michigan","6/2/20","18","0","26029","0"
"Cheboygan","0","26","Michigan","6/2/20","26","0","26031","0"
"Chippewa","0","3","Michigan","6/2/20","3","0","26033","0"
"Clare","0","20","Michigan","6/2/20","18","2","26035","11.11"
"Clinton","1","176","Michigan","6/2/20","172","4","26037","2.33"
"Crawford","0","62","Michigan","6/2/20","62","0","26039","0"
"Delta","0","20","Michigan","6/2/20","20","0","26041","0"
"Dickinson","0","5","Michigan","6/2/20","5","0","26043","0"
"Eaton","2","244","Michigan","6/2/20","228","16","26045","7.02"
"Emmet","0","26","Michigan","6/2/20","25","1","26047","4"
"Federal Correctional Institution (FCI)","1","147","Michigan","6/2/20","138","9","00000","6.52"
"Genesee","15","2486","Michigan","6/2/20","2379","107","26049","4.5"
"Gladwin","0","18","Michigan","6/2/20","18","0","26051","0"
"Gogebic","0","5","Michigan","6/2/20","5","0","26053","0"
"Grand Traverse","1","28","Michigan","6/2/20","24","4","26055","16.67"
"Gratiot","1","85","Michigan","6/2/20","80","5","26057","6.25"
"Hillsdale","0","176","Michigan","6/2/20","177","-1","26059","-0.56"
"Houghton","0","6","Michigan","6/2/20","3","3","26061","100"
"Huron","1","56","Michigan","6/2/20","50","6","26063","12"
"Ingham","6","782","Michigan","6/2/20","740","42","26065","5.68"
"Ionia","1","170","Michigan","6/2/20","162","8","26067","4.94"
"Iosco","2","111","Michigan","6/2/20","99","12","26069","12.12"
"Iron","0","1","Michigan","6/2/20","0","1","26071","1"
"Isabella","1","94","Michigan","6/2/20","89","5","26073","5.62"
"Jackson","3","478","Michigan","6/2/20","459","19","26075","4.14"
"Kalamazoo","7","899","Michigan","6/2/20","851","48","26077","5.64"
"Kalkaska","0","30","Michigan","6/2/20","30","0","26079","0"
"Kent","55","4021","Michigan","6/2/20","3637","384","26081","10.56"
"Lake","0","7","Michigan","6/2/20","6","1","26085","16.67"
"Lapeer","1","220","Michigan","6/2/20","212","8","26087","3.77"
"Leelanau","0","11","Michigan","6/2/20","11","0","26089","0"
"Lenawee","1","187","Michigan","6/2/20","179","8","26091","4.47"
"Livingston","2","497","Michigan","6/2/20","480","17","26093","3.54"
"Luce","0","3","Michigan","6/2/20","3","0","26095","0"
"Mackinac","0","8","Michigan","6/2/20","6","2","26097","33.33"
"Macomb","30","6870","Michigan","6/2/20","6660","210","26099","3.15"
"Manistee","0","12","Michigan","6/2/20","12","0","26101","0"
"Marquette","0","56","Michigan","6/2/20","54","2","26103","3.7"
"Mason","0","38","Michigan","6/2/20","37","1","26105","2.7"
"Mecosta","0","24","Michigan","6/2/20","22","2","26107","9.09"
"Menominee","0","8","Michigan","6/2/20","8","0","26109","0"
"Michigan Department of Corrections (MDOC)","94","4069","Michigan","6/2/20","3409","660","00000","19.36"
"Midland","1","121","Michigan","6/2/20","116","5","26111","4.31"
"Missaukee","0","22","Michigan","6/2/20","22","0","26113","0"
"Monroe","3","533","Michigan","6/2/20","514","19","26115","3.7"
"Montcalm","0","72","Michigan","6/2/20","71","1","26117","1.41"
"Montmorency","0","5","Michigan","6/2/20","5","0","26119","0"
"Muskegon","7","659","Michigan","6/2/20","609","50","26121","8.21"
"Newaygo","2","113","Michigan","6/2/20","97","16","26123","16.49"
"Oakland","81","10921","Michigan","6/2/20","10355","566","26125","5.47"
"Oceana","1","97","Michigan","6/2/20","93","4","26127","4.3"
"Ogemaw","0","30","Michigan","6/2/20","28","2","26129","7.14"
"Osceola","0","15","Michigan","6/2/20","13","2","26133","15.38"
"Oscoda","0","8","Michigan","6/2/20","8","0","26135","0"
"Otsego","0","120","Michigan","6/2/20","118","2","26137","1.69"
"Ottawa","10","852","Michigan","6/2/20","779","73","26139","9.37"
"Out of MI","-3","42","Michigan","6/2/20","64","-22","80026","-34.38"
"Presque Isle","0","11","Michigan","6/2/20","11","0","26141","0"
"Roscommon","0","24","Michigan","6/2/20","23","1","26143","4.35"
"Saginaw","8","1076","Michigan","6/2/20","1022","54","26145","5.28"
"Sanilac","0","42","Michigan","6/2/20","41","1","26151","2.44"
"Schoolcraft","0","4","Michigan","6/2/20","4","0","26153","0"
"Shiawassee","1","262","Michigan","6/2/20","257","5","26155","1.95"
"St. Clair","2","509","Michigan","6/2/20","492","17","26147","3.46"
"St. Joseph","4","133","Michigan","6/2/20","108","25","26149","23.15"
"Tuscola","0","192","Michigan","6/2/20","189","3","26157","1.59"
"Van Buren","3","168","Michigan","6/2/20","147","21","26159","14.29"
"Washtenaw","8","1524","Michigan","6/2/20","1469","55","26161","3.74"
"Wayne","84","21143","Michigan","6/2/20","20554","589","26163","2.87"
"Wexford","0","14","Michigan","6/2/20","13","1","26165","7.69"
"Aitkin","1","11","Minnesota","6/2/20","7","4","27001","57.14"
"Anoka","29","1441","Minnesota","6/2/20","1241","200","27003","16.12"
"Becker","1","41","Minnesota","6/2/20","37","4","27005","10.81"
"Beltrami","1","16","Minnesota","6/2/20","12","4","27007","33.33"
"Benton","2","178","Minnesota","6/2/20","167","11","27009","6.59"
"Big Stone","1","8","Minnesota","6/2/20","3","5","27011","166.67"
"Blue Earth","4","145","Minnesota","6/2/20","119","26","27013","21.85"
"Brown","0","16","Minnesota","6/2/20","13","3","27015","23.08"
"Carlton","0","75","Minnesota","6/2/20","73","2","27017","2.74"
"Carver","6","222","Minnesota","6/2/20","182","40","27019","21.98"
"Cass","0","13","Minnesota","6/2/20","11","2","27021","18.18"
"Chippewa","1","51","Minnesota","6/2/20","42","9","27023","21.43"
"Chisago","2","62","Minnesota","6/2/20","49","13","27025","26.53"
"Clay","6","430","Minnesota","6/2/20","386","44","27027","11.4"
"Clearwater","0","3","Minnesota","6/2/20","3","0","27029","0"
"Cottonwood","2","76","Minnesota","6/2/20","65","11","27033","16.92"
"Crow Wing","2","72","Minnesota","6/2/20","56","16","27035","28.57"
"Dakota","29","1368","Minnesota","6/2/20","1164","204","27037","17.53"
"Dodge","1","53","Minnesota","6/2/20","46","7","27039","15.22"
"Douglas","2","44","Minnesota","6/2/20","30","14","27041","46.67"
"Faribault","1","20","Minnesota","6/2/20","13","7","27043","53.85"
"Fillmore","0","17","Minnesota","6/2/20","17","0","27045","0"
"Freeborn","5","130","Minnesota","6/2/20","97","33","27047","34.02"
"Goodhue","2","69","Minnesota","6/2/20","58","11","27049","18.97"
"Grant","0","4","Minnesota","6/2/20","3","1","27051","33.33"
"Hennepin","167","8591","Minnesota","6/2/20","7421","1170","27053","15.77"
"Houston","0","2","Minnesota","6/2/20","2","0","27055","0"
"Hubbard","0","3","Minnesota","6/2/20","1","2","27057","200"
"Isanti","1","35","Minnesota","6/2/20","30","5","27059","16.67"
"Itasca","0","55","Minnesota","6/2/20","53","2","27061","3.77"
"Jackson","0","40","Minnesota","6/2/20","39","1","27063","2.56"
"Kanabec","0","12","Minnesota","6/2/20","11","1","27065","9.09"
"Kandiyohi","5","504","Minnesota","6/2/20","471","33","27067","7.01"
"Kittson","0","1","Minnesota","6/2/20","1","0","27069","0"
"Koochiching","0","9","Minnesota","6/2/20","6","3","27071","50"
"Lac qui Parle","0","3","Minnesota","6/2/20","3","0","27073","0"
"Lake","0","1","Minnesota","6/2/20","1","0","27075","0"
"Le Sueur","0","44","Minnesota","6/2/20","41","3","27079","7.32"
"Lincoln","0","6","Minnesota","6/2/20","5","1","27081","20"
"Lyon","4","65","Minnesota","6/2/20","36","29","27083","80.56"
"Mahnomen","0","6","Minnesota","6/2/20","5","1","27087","20"
"Marshall","0","12","Minnesota","6/2/20","9","3","27089","33.33"
"Martin","1","132","Minnesota","6/2/20","126","6","27091","4.76"
"McLeod","1","37","Minnesota","6/2/20","28","9","27085","32.14"
"Meeker","0","45","Minnesota","6/2/20","42","3","27093","7.14"
"Mille Lacs","0","20","Minnesota","6/2/20","17","3","27095","17.65"
"Morrison","1","48","Minnesota","6/2/20","39","9","27097","23.08"
"Mower","21","354","Minnesota","6/2/20","206","148","27099","71.84"
"Murray","1","39","Minnesota","6/2/20","35","4","27101","11.43"
"Nicollet","2","88","Minnesota","6/2/20","71","17","27103","23.94"
"Nobles","11","1552","Minnesota","6/2/20","1478","74","27105","5.01"
"Norman","0","13","Minnesota","6/2/20","11","2","27107","18.18"
"Olmsted","11","650","Minnesota","6/2/20","570","80","27109","14.04"
"Otter Tail","2","70","Minnesota","6/2/20","59","11","27111","18.64"
"Pennington","1","19","Minnesota","6/2/20","14","5","27113","35.71"
"Pine","1","89","Minnesota","6/2/20","85","4","27115","4.71"
"Pipestone","0","12","Minnesota","6/2/20","10","2","27117","20"
"Polk","0","61","Minnesota","6/2/20","59","2","27119","3.39"
"Pope","0","9","Minnesota","6/2/20","8","1","27121","12.5"
"Ramsey","82","3128","Minnesota","6/2/20","2551","577","27123","22.62"
"Red Lake","0","4","Minnesota","6/2/20","3","1","27125","33.33"
"Redwood","0","6","Minnesota","6/2/20","3","3","27127","100"
"Renville","0","5","Minnesota","6/2/20","5","0","27129","0"
"Rice","10","467","Minnesota","6/2/20","396","71","27131","17.93"
"Rock","0","22","Minnesota","6/2/20","21","1","27133","4.76"
"Roseau","0","2","Minnesota","6/2/20","1","1","27135","100"
"Scott","10","442","Minnesota","6/2/20","374","68","27139","18.18"
"Sherburne","5","253","Minnesota","6/2/20","217","36","27141","16.59"
"Sibley","0","16","Minnesota","6/2/20","13","3","27143","23.08"
"St. Louis","1","118","Minnesota","6/2/20","114","4","27137","3.51"
"Stearns","12","2042","Minnesota","6/2/20","1959","83","27145","4.24"
"Steele","3","164","Minnesota","6/2/20","144","20","27147","13.89"
"Stevens","0","1","Minnesota","6/2/20","0","1","27149","1"
"Swift","0","19","Minnesota","6/2/20","16","3","27151","18.75"
"Todd","15","327","Minnesota","6/2/20","220","107","27153","48.64"
"Traverse","0","4","Minnesota","6/2/20","3","1","27155","33.33"
"Wabasha","0","18","Minnesota","6/2/20","17","1","27157","5.88"
"Wadena","0","10","Minnesota","6/2/20","8","2","27159","25"
"Waseca","0","26","Minnesota","6/2/20","24","2","27161","8.33"
"Washington","15","658","Minnesota","6/2/20","553","105","27163","18.99"
"Watonwan","3","77","Minnesota","6/2/20","58","19","27165","32.76"
"Wilkin","0","11","Minnesota","6/2/20","11","0","27167","0"
"Winona","0","80","Minnesota","6/2/20","78","2","27169","2.56"
"Wright","9","327","Minnesota","6/2/20","263","64","27171","24.33"
"Yellow Medicine","0","6","Minnesota","6/2/20","6","0","27173","0"
"Adams","2","200","Mississippi","6/2/20","189","11","28001","5.82"
"Alcorn","1","18","Mississippi","6/2/20","14","4","28003","28.57"
"Amite","2","64","Mississippi","6/2/20","53","11","28005","20.75"
"Attala","4","303","Mississippi","6/2/20","277","26","28007","9.39"
"Benton","0","14","Mississippi","6/2/20","15","-1","28009","-6.67"
"Bolivar","3","165","Mississippi","6/2/20","142","23","28011","16.2"
"Calhoun","1","67","Mississippi","6/2/20","60","7","28013","11.67"
"Carroll","0","117","Mississippi","6/2/20","114","3","28015","2.63"
"Chickasaw","1","137","Mississippi","6/2/20","127","10","28017","7.87"
"Choctaw","2","48","Mississippi","6/2/20","33","15","28019","45.45"
"Claiborne","8","112","Mississippi","6/2/20","58","54","28021","93.1"
"Clarke","3","154","Mississippi","6/2/20","135","19","28023","14.07"
"Clay","2","115","Mississippi","6/2/20","101","14","28025","13.86"
"Coahoma","3","127","Mississippi","6/2/20","108","19","28027","17.59"
"Copiah","4","315","Mississippi","6/2/20","284","31","28029","10.92"
"Covington","5","173","Mississippi","6/2/20","140","33","28031","23.57"
"DeSoto","10","553","Mississippi","6/2/20","485","68","28033","14.02"
"Forrest","13","594","Mississippi","6/2/20","503","91","28035","18.09"
"Franklin","0","29","Mississippi","6/2/20","27","2","28037","7.41"
"George","1","26","Mississippi","6/2/20","20","6","28039","30"
"Greene","2","22","Mississippi","6/2/20","8","14","28041","175"
"Grenada","3","99","Mississippi","6/2/20","78","21","28043","26.92"
"Hancock","0","91","Mississippi","6/2/20","88","3","28045","3.41"
"Harrison","4","263","Mississippi","6/2/20","237","26","28047","10.97"
"Hinds","19","1035","Mississippi","6/2/20","904","131","28049","14.49"
"Holmes","10","439","Mississippi","6/2/20","370","69","28051","18.65"
"Humphreys","1","59","Mississippi","6/2/20","52","7","28053","13.46"
"Itawamba","0","89","Mississippi","6/2/20","86","3","28057","3.49"
"Jackson","2","308","Mississippi","6/2/20","296","12","28059","4.05"
"Jasper","3","165","Mississippi","6/2/20","146","19","28061","13.01"
"Jefferson","0","43","Mississippi","6/2/20","41","2","28063","4.88"
"Jefferson Davis","1","80","Mississippi","6/2/20","74","6","28065","8.11"
"Jones","22","663","Mississippi","6/2/20","506","157","28067","31.03"
"Kemper","2","147","Mississippi","6/2/20","132","15","28069","11.36"
"Lafayette","2","141","Mississippi","6/2/20","126","15","28071","11.9"
"Lamar","4","248","Mississippi","6/2/20","222","26","28073","11.71"
"Lauderdale","8","745","Mississippi","6/2/20","689","56","28075","8.13"
"Lawrence","1","106","Mississippi","6/2/20","97","9","28077","9.28"
"Leake","8","447","Mississippi","6/2/20","389","58","28079","14.91"
"Lee","7","165","Mississippi","6/2/20","113","52","28081","46.02"
"Leflore","4","273","Mississippi","6/2/20","246","27","28083","10.98"
"Lincoln","3","270","Mississippi","6/2/20","248","22","28085","8.87"
"Lowndes","9","230","Mississippi","6/2/20","166","64","28087","38.55"
"Madison","10","745","Mississippi","6/2/20","675","70","28089","10.37"
"Marion","1","117","Mississippi","6/2/20","110","7","28091","6.36"
"Marshall","1","81","Mississippi","6/2/20","71","10","28093","14.08"
"Monroe","2","265","Mississippi","6/2/20","249","16","28095","6.43"
"Montgomery","1","85","Mississippi","6/2/20","80","5","28097","6.25"
"Neshoba","24","707","Mississippi","6/2/20","539","168","28099","31.17"
"Newton","7","282","Mississippi","6/2/20","231","51","28101","22.08"
"Noxubee","4","191","Mississippi","6/2/20","166","25","28103","15.06"
"Oktibbeha","16","253","Mississippi","6/2/20","144","109","28105","75.69"
"Panola","3","84","Mississippi","6/2/20","64","20","28107","31.25"
"Pearl River","1","211","Mississippi","6/2/20","205","6","28109","2.93"
"Perry","0","51","Mississippi","6/2/20","49","2","28111","4.08"
"Pike","0","204","Mississippi","6/2/20","201","3","28113","1.49"
"Pontotoc","2","43","Mississippi","6/2/20","26","17","28115","65.38"
"Prentiss","2","56","Mississippi","6/2/20","40","16","28117","40"
"Quitman","1","34","Mississippi","6/2/20","24","10","28119","41.67"
"Rankin","13","446","Mississippi","6/2/20","358","88","28121","24.58"
"Scott","9","661","Mississippi","6/2/20","597","64","28123","10.72"
"Sharkey","0","7","Mississippi","6/2/20","7","0","28125","0"
"Simpson","2","102","Mississippi","6/2/20","91","11","28127","12.09"
"Smith","3","153","Mississippi","6/2/20","131","22","28129","16.79"
"Stone","0","31","Mississippi","6/2/20","30","1","28131","3.33"
"Sunflower","1","85","Mississippi","6/2/20","78","7","28133","8.97"
"Tallahatchie","1","29","Mississippi","6/2/20","24","5","28135","20.83"
"Tate","4","95","Mississippi","6/2/20","66","29","28137","43.94"
"Tippah","1","76","Mississippi","6/2/20","71","5","28139","7.04"
"Tishomingo","1","34","Mississippi","6/2/20","26","8","28141","30.77"
"Tunica","1","56","Mississippi","6/2/20","50","6","28143","12"
"Union","2","85","Mississippi","6/2/20","74","11","28145","14.86"
"Walthall","2","61","Mississippi","6/2/20","50","11","28147","22"
"Warren","3","181","Mississippi","6/2/20","158","23","28149","14.56"
"Washington","5","191","Mississippi","6/2/20","159","32","28151","20.13"
"Wayne","13","224","Mississippi","6/2/20","133","91","28153","68.42"
"Webster","1","68","Mississippi","6/2/20","63","5","28155","7.94"
"Wilkinson","0","85","Mississippi","6/2/20","85","0","28157","0"
"Winston","3","121","Mississippi","6/2/20","102","19","28159","18.63"
"Yalobusha","2","96","Mississippi","6/2/20","84","12","28161","14.29"
"Yazoo","9","286","Mississippi","6/2/20","221","65","28163","29.41"
"Adair","2","60","Missouri","6/2/20","46","14","29001","30.43"
"Andrew","1","30","Missouri","6/2/20","24","6","29003","25"
"Atchison","0","3","Missouri","6/2/20","3","0","29005","0"
"Audrain","4","90","Missouri","6/2/20","61","29","29007","47.54"
"Barry","0","9","Missouri","6/2/20","9","0","29009","0"
"Bates","0","10","Missouri","6/2/20","7","3","29013","42.86"
"Benton","0","11","Missouri","6/2/20","10","1","29015","10"
"Bollinger","0","6","Missouri","6/2/20","6","0","29017","0"
"Boone","4","154","Missouri","6/2/20","123","31","29019","25.2"
"Buchanan","11","719","Missouri","6/2/20","640","79","29021","12.34"
"Butler","2","40","Missouri","6/2/20","29","11","29023","37.93"
"Caldwell","0","6","Missouri","6/2/20","5","1","29025","20"
"Callaway","1","30","Missouri","6/2/20","26","4","29027","15.38"
"Camden","0","38","Missouri","6/2/20","38","0","29029","0"
"Cape Girardeau","2","76","Missouri","6/2/20","64","12","29031","18.75"
"Carroll","0","8","Missouri","6/2/20","7","1","29033","14.29"
"Carter","0","5","Missouri","6/2/20","5","0","29035","0"
"Cass","2","96","Missouri","6/2/20","82","14","29037","17.07"
"Cedar","0","9","Missouri","6/2/20","9","0","29039","0"
"Chariton","0","6","Missouri","6/2/20","6","0","29041","0"
"Christian","0","24","Missouri","6/2/20","21","3","29043","14.29"
"Clark","0","1","Missouri","6/2/20","1","0","29045","0"
"Clay","3","173","Missouri","6/2/20","149","24","29047","16.11"
"Clinton","0","18","Missouri","6/2/20","18","0","29049","0"
"Cole","0","61","Missouri","6/2/20","60","1","29051","1.67"
"Cooper","0","9","Missouri","6/2/20","9","0","29053","0"
"Crawford","0","9","Missouri","6/2/20","9","0","29055","0"
"Dallas","0","3","Missouri","6/2/20","3","0","29059","0"
"Daviess","0","4","Missouri","6/2/20","4","0","29061","0"
"DeKalb","0","6","Missouri","6/2/20","6","0","29063","0"
"Dunklin","2","45","Missouri","6/2/20","31","14","29069","45.16"
"Franklin","0","142","Missouri","6/2/20","140","2","29071","1.43"
"Gasconade","0","2","Missouri","6/2/20","2","0","29073","0"
"Gentry","3","41","Missouri","6/2/20","19","22","29075","115.79"
"Greene","4","155","Missouri","6/2/20","125","30","29077","24"
"Harrison","0","9","Missouri","6/2/20","9","0","29081","0"
"Henry","0","12","Missouri","6/2/20","10","2","29083","20"
"Holt","0","2","Missouri","6/2/20","1","1","29087","100"
"Howard","0","3","Missouri","6/2/20","3","0","29089","0"
"Howell","1","9","Missouri","6/2/20","5","4","29091","80"
"Iron","0","3","Missouri","6/2/20","2","1","29093","50"
"Jackson","16","637","Missouri","6/2/20","528","109","29095","20.64"
"Jasper","1","38","Missouri","6/2/20","32","6","29097","18.75"
"Jefferson","7","390","Missouri","6/2/20","344","46","29099","13.37"
"Johnson","0","76","Missouri","6/2/20","73","3","29101","4.11"
"Kansas City","35","1315","Missouri","6/2/20","1071","244","00000","22.78"
"Laclede","1","7","Missouri","6/2/20","3","4","29105","133.33"
"Lafayette","1","75","Missouri","6/2/20","71","4","29107","5.63"
"Lawrence","0","8","Missouri","6/2/20","8","0","29109","0"
"Lewis","0","7","Missouri","6/2/20","7","0","29111","0"
"Lincoln","2","118","Missouri","6/2/20","106","12","29113","11.32"
"Linn","0","9","Missouri","6/2/20","6","3","29115","50"
"Livingston","0","3","Missouri","6/2/20","3","0","29117","0"
"Macon","0","5","Missouri","6/2/20","2","3","29121","150"
"Madison","0","3","Missouri","6/2/20","3","0","29123","0"
"Maries","0","2","Missouri","6/2/20","2","0","29125","0"
"Marion","0","5","Missouri","6/2/20","5","0","29127","0"
"McDonald","1","22","Missouri","6/2/20","17","5","29119","29.41"
"Miller","0","4","Missouri","6/2/20","4","0","29131","0"
"Mississippi","1","59","Missouri","6/2/20","54","5","29133","9.26"
"Moniteau","0","48","Missouri","6/2/20","45","3","29135","6.67"
"Montgomery","0","9","Missouri","6/2/20","8","1","29139","12.5"
"Morgan","0","9","Missouri","6/2/20","9","0","29141","0"
"New Madrid","1","21","Missouri","6/2/20","17","4","29143","23.53"
"Newton","1","20","Missouri","6/2/20","16","4","29145","25"
"Nodaway","0","14","Missouri","6/2/20","12","2","29147","16.67"
"Oregon","0","2","Missouri","6/2/20","2","0","29149","0"
"Osage","0","5","Missouri","6/2/20","5","0","29151","0"
"Pemiscot","2","88","Missouri","6/2/20","76","12","29155","15.79"
"Perry","2","63","Missouri","6/2/20","49","14","29157","28.57"
"Pettis","1","79","Missouri","6/2/20","72","7","29159","9.72"
"Phelps","0","4","Missouri","6/2/20","4","0","29161","0"
"Pike","1","25","Missouri","6/2/20","15","10","29163","66.67"
"Platte","1","73","Missouri","6/2/20","67","6","29165","8.96"
"Polk","0","3","Missouri","6/2/20","3","0","29167","0"
"Pulaski","0","35","Missouri","6/2/20","33","2","29169","6.06"
"Ralls","0","5","Missouri","6/2/20","3","2","29173","66.67"
"Randolph","0","10","Missouri","6/2/20","9","1","29175","11.11"
"Ray","0","19","Missouri","6/2/20","18","1","29177","5.56"
"Reynolds","0","2","Missouri","6/2/20","2","0","29179","0"
"Ripley","0","8","Missouri","6/2/20","7","1","29181","14.29"
"Saline","0","269","Missouri","6/2/20","268","1","29195","0.37"
"Scotland","0","6","Missouri","6/2/20","4","2","29199","50"
"Scott","2","110","Missouri","6/2/20","94","16","29201","17.02"
"Shelby","0","1","Missouri","6/2/20","1","0","29205","0"
"St. Charles","6","791","Missouri","6/2/20","748","43","29183","5.75"
"St. Clair","0","3","Missouri","6/2/20","3","0","29185","0"
"St. Francois","0","36","Missouri","6/2/20","33","3","29187","9.09"
"St. Louis","41","5121","Missouri","6/2/20","4831","290","29189","6"
"St. Louis City","18","1990","Missouri","6/2/20","1867","123","29510","6.59"
"Ste. Genevieve","0","12","Missouri","6/2/20","9","3","29186","33.33"
"Stoddard","2","87","Missouri","6/2/20","74","13","29207","17.57"
"Stone","0","5","Missouri","6/2/20","4","1","29209","25"
"Sullivan","1","61","Missouri","6/2/20","53","8","29211","15.09"
"Taney","0","14","Missouri","6/2/20","14","0","29213","0"
"Texas","0","1","Missouri","6/2/20","0","1","29215","1"
"Vernon","0","10","Missouri","6/2/20","9","1","29217","11.11"
"Warren","0","28","Missouri","6/2/20","28","0","29219","0"
"Washington","0","12","Missouri","6/2/20","10","2","29221","20"
"Webster","0","18","Missouri","6/2/20","17","1","29225","5.88"
"Worth","0","4","Missouri","6/2/20","4","0","29227","0"
"Wright","0","11","Missouri","6/2/20","11","0","29229","0"
"Beaverhead","0","1","Montana","6/2/20","1","0","30001","0"
"Big Horn","3","31","Montana","6/2/20","8","23","30003","287.5"
"Broadwater","0","4","Montana","6/2/20","4","0","30007","0"
"Carbon","0","6","Montana","6/2/20","6","0","30009","0"
"Cascade","0","17","Montana","6/2/20","17","0","30013","0"
"Deer Lodge","0","3","Montana","6/2/20","3","0","30023","0"
"Flathead","0","37","Montana","6/2/20","37","0","30029","0"
"Gallatin","1","155","Montana","6/2/20","149","6","30031","4.03"
"Glacier","0","6","Montana","6/2/20","6","0","30035","0"
"Golden Valley","0","3","Montana","6/2/20","3","0","30037","0"
"Hill","0","1","Montana","6/2/20","1","0","30041","0"
"Jefferson","0","3","Montana","6/2/20","3","0","30043","0"
"Lake","0","5","Montana","6/2/20","5","0","30047","0"
"Lewis and Clark","0","16","Montana","6/2/20","16","0","30049","0"
"Liberty","0","1","Montana","6/2/20","1","0","30051","0"
"Lincoln","0","7","Montana","6/2/20","7","0","30053","0"
"Madison","0","8","Montana","6/2/20","8","0","30057","0"
"Meagher","0","1","Montana","6/2/20","1","0","30059","0"
"Missoula","0","40","Montana","6/2/20","39","1","30063","2.56"
"Musselshell","0","1","Montana","6/2/20","1","0","30065","0"
"Park","0","8","Montana","6/2/20","8","0","30067","0"
"Pondera","0","2","Montana","6/2/20","2","0","30073","0"
"Ravalli","0","14","Montana","6/2/20","13","1","30081","7.69"
"Richland","0","3","Montana","6/2/20","3","0","30083","0"
"Roosevelt","0","7","Montana","6/2/20","7","0","30085","0"
"Rosebud","0","1","Montana","6/2/20","0","1","30087","1"
"Silver Bow","0","11","Montana","6/2/20","11","0","30093","0"
"Stillwater","0","1","Montana","6/2/20","1","0","30095","0"
"Toole","0","29","Montana","6/2/20","29","0","30101","0"
"Wheatland","0","1","Montana","6/2/20","1","0","30107","0"
"Yellowstone","2","100","Montana","6/2/20","88","12","30111","13.64"
"Adams","1","272","Nebraska","6/2/20","265","7","31001","2.64"
"Antelope","0","8","Nebraska","6/2/20","8","0","31003","0"
"Boone","0","6","Nebraska","6/2/20","3","3","31011","100"
"Box Butte","0","2","Nebraska","6/2/20","2","0","31013","0"
"Boyd","0","1","Nebraska","6/2/20","0","1","31015","1"
"Buffalo","3","166","Nebraska","6/2/20","145","21","31019","14.48"
"Burt","0","8","Nebraska","6/2/20","9","-1","31021","-11.11"
"Butler","1","49","Nebraska","6/2/20","45","4","31023","8.89"
"Cass","2","53","Nebraska","6/2/20","39","14","31025","35.9"
"Cedar","0","8","Nebraska","6/2/20","7","1","31027","14.29"
"Chase","0","1","Nebraska","6/2/20","1","0","31029","0"
"Cherry","0","1","Nebraska","6/2/20","1","0","31031","0"
"Cheyenne","0","9","Nebraska","6/2/20","9","0","31033","0"
"Clay","0","24","Nebraska","6/2/20","23","1","31035","4.35"
"Colfax","2","620","Nebraska","6/2/20","604","16","31037","2.65"
"Cuming","0","34","Nebraska","6/2/20","31","3","31039","9.68"
"Custer","0","31","Nebraska","6/2/20","31","0","31041","0"
"Dakota","5","1675","Nebraska","6/2/20","1639","36","31043","2.2"
"Dawes","0","1","Nebraska","6/2/20","1","0","31045","0"
"Dawson","2","839","Nebraska","6/2/20","826","13","31047","1.57"
"Dixon","1","29","Nebraska","6/2/20","25","4","31051","16"
"Dodge","14","487","Nebraska","6/2/20","390","97","31053","24.87"
"Douglas","164","4476","Nebraska","6/2/20","3329","1147","31055","34.45"
"Fillmore","0","7","Nebraska","6/2/20","5","2","31059","40"
"Franklin","0","6","Nebraska","6/2/20","6","0","31061","0"
"Frontier","0","1","Nebraska","6/2/20","1","0","31063","0"
"Furnas","0","9","Nebraska","6/2/20","8","1","31065","12.5"
"Gage","0","45","Nebraska","6/2/20","44","1","31067","2.27"
"Garden","0","2","Nebraska","6/2/20","0","2","31069","1"
"Gosper","0","13","Nebraska","6/2/20","13","0","31073","0"
"Greeley","0","2","Nebraska","6/2/20","3","-1","31077","-33.33"
"Hall","7","1522","Nebraska","6/2/20","1470","52","31079","3.54"
"Hamilton","0","55","Nebraska","6/2/20","54","1","31081","1.85"
"Harlan","0","0","Nebraska","6/2/20","1","-1","31083","-100"
"Hitchcock","0","1","Nebraska","6/2/20","1","0","31087","0"
"Holt","0","1","Nebraska","6/2/20","1","0","31089","0"
"Howard","0","42","Nebraska","6/2/20","40","2","31093","5"
"Jefferson","0","7","Nebraska","6/2/20","6","1","31095","16.67"
"Johnson","0","6","Nebraska","6/2/20","7","-1","31097","-14.29"
"Kearney","0","11","Nebraska","6/2/20","12","-1","31099","-8.33"
"Keith","0","2","Nebraska","6/2/20","2","0","31101","0"
"Kimball","0","8","Nebraska","6/2/20","8","0","31105","0"
"Knox","0","10","Nebraska","6/2/20","10","0","31107","0"
"Lancaster","21","1244","Nebraska","6/2/20","1098","146","31109","13.3"
"Lincoln","0","48","Nebraska","6/2/20","47","1","31111","2.13"
"Madison","3","318","Nebraska","6/2/20","299","19","31119","6.35"
"Merrick","0","32","Nebraska","6/2/20","32","0","31121","0"
"Morrill","0","11","Nebraska","6/2/20","11","0","31123","0"
"Nance","0","4","Nebraska","6/2/20","5","-1","31125","-20"
"Nemaha","0","4","Nebraska","6/2/20","3","1","31127","33.33"
"Nuckolls","0","1","Nebraska","6/2/20","1","0","31129","0"
"Otoe","0","7","Nebraska","6/2/20","6","1","31131","16.67"
"Phelps","0","20","Nebraska","6/2/20","20","0","31137","0"
"Pierce","0","6","Nebraska","6/2/20","3","3","31139","100"
"Platte","10","603","Nebraska","6/2/20","534","69","31141","12.92"
"Polk","0","11","Nebraska","6/2/20","9","2","31143","22.22"
"Red Willow","0","5","Nebraska","6/2/20","5","0","31145","0"
"Richardson","0","1","Nebraska","6/2/20","1","0","31147","0"
"Saline","3","506","Nebraska","6/2/20","484","22","31151","4.55"
"Sarpy","29","680","Nebraska","6/2/20","476","204","31153","42.86"
"Saunders","1","40","Nebraska","6/2/20","30","10","31155","33.33"
"Scotts Bluff","6","112","Nebraska","6/2/20","72","40","31157","55.56"
"Seward","0","28","Nebraska","6/2/20","27","1","31159","3.7"
"Sherman","0","4","Nebraska","6/2/20","4","0","31163","0"
"Stanton","0","20","Nebraska","6/2/20","20","0","31167","0"
"Thayer","0","1","Nebraska","6/2/20","0","1","31169","1"
"Thomas","0","1","Nebraska","6/2/20","1","0","31171","0"
"Thurston","2","49","Nebraska","6/2/20","34","15","31173","44.12"
"Valley","0","4","Nebraska","6/2/20","3","1","31175","33.33"
"Washington","1","32","Nebraska","6/2/20","27","5","31177","18.52"
"Wayne","1","18","Nebraska","6/2/20","13","5","31179","38.46"
"Webster","0","5","Nebraska","6/2/20","5","0","31181","0"
"York","0","36","Nebraska","6/2/20","35","1","31185","2.86"
"Carson City","1","99","Nevada","6/2/20","90","9","32510","10"
"Churchill","0","8","Nevada","6/2/20","7","1","32001","14.29"
"Clark","88","6845","Nevada","6/2/20","6226","619","32003","9.94"
"Douglas","0","32","Nevada","6/2/20","29","3","32005","10.34"
"Elko","0","25","Nevada","6/2/20","22","3","32007","13.64"
"Humboldt","0","78","Nevada","6/2/20","78","0","32013","0"
"Lander","0","20","Nevada","6/2/20","20","0","32015","0"
"Lincoln","0","2","Nevada","6/2/20","2","0","32017","0"
"Lyon","2","68","Nevada","6/2/20","56","12","32019","21.43"
"Mineral","0","4","Nevada","6/2/20","4","0","32021","0"
"Nye","1","64","Nevada","6/2/20","59","5","32023","8.47"
"Pershing","0","2","Nevada","6/2/20","0","2","32027","1"
"Storey","0","1","Nevada","6/2/20","1","0","32029","0"
"Washoe","21","1606","Nevada","6/2/20","1459","147","32031","10.08"
"White Pine","0","4","Nevada","6/2/20","4","0","32033","0"
"Belknap","1","63","New Hampshire","6/2/20","56","7","33001","12.5"
"Carroll","0","48","New Hampshire","6/2/20","46","2","33003","4.35"
"Cheshire","0","57","New Hampshire","6/2/20","54","3","33005","5.56"
"Coos","0","5","New Hampshire","6/2/20","5","0","33007","0"
"Grafton","1","76","New Hampshire","6/2/20","69","7","33009","10.14"
"Hillsborough","54","2528","New Hampshire","6/2/20","2149","379","33011","17.64"
"Merrimack","4","352","New Hampshire","6/2/20","324","28","33013","8.64"
"Rockingham","11","1320","New Hampshire","6/2/20","1240","80","33015","6.45"
"Strafford","2","271","New Hampshire","6/2/20","259","12","33017","4.63"
"Sullivan","0","19","New Hampshire","6/2/20","17","2","33019","11.76"
"Atlantic","29","2251","New Jersey","6/2/20","2049","202","34001","9.86"
"Bergen","53","18333","New Jersey","6/2/20","17963","370","34003","2.06"
"Burlington","43","4680","New Jersey","6/2/20","4381","299","34005","6.82"
"Camden","62","6603","New Jersey","6/2/20","6171","432","34007","7"
"Cape May","8","628","New Jersey","6/2/20","571","57","34009","9.98"
"Cumberland","46","2345","New Jersey","6/2/20","2024","321","34011","15.86"
"Essex","69","17761","New Jersey","6/2/20","17279","482","34013","2.79"
"Gloucester","23","2262","New Jersey","6/2/20","2103","159","34015","7.56"
"Hudson","-15","18822","New Jersey","6/2/20","18927","-105","34017","-0.55"
"Hunterdon","5","999","New Jersey","6/2/20","967","32","34019","3.31"
"Mercer","66","7004","New Jersey","6/2/20","6544","460","34021","7.03"
"Middlesex","75","16021","New Jersey","6/2/20","15499","522","34023","3.37"
"Monmouth","54","8289","New Jersey","6/2/20","7911","378","34025","4.78"
"Morris","33","6512","New Jersey","6/2/20","6279","233","34027","3.71"
"Ocean","51","8817","New Jersey","6/2/20","8462","355","34029","4.2"
"Passaic","58","16234","New Jersey","6/2/20","15826","408","34031","2.58"
"Salem","10","645","New Jersey","6/2/20","573","72","34033","12.57"
"Somerset","17","4605","New Jersey","6/2/20","4489","116","34035","2.58"
"Sussex","5","1123","New Jersey","6/2/20","1089","34","34037","3.12"
"Union","82","15868","New Jersey","6/2/20","15293","575","34039","3.76"
"Warren","5","1173","New Jersey","6/2/20","1136","37","34041","3.26"
"Bernalillo","20","1499","New Mexico","6/2/20","1362","137","35001","10.06"
"Catron","0","2","New Mexico","6/2/20","2","0","35003","0"
"Chaves","1","51","New Mexico","6/2/20","42","9","35005","21.43"
"Cibola","2","145","New Mexico","6/2/20","130","15","35006","11.54"
"Colfax","0","5","New Mexico","6/2/20","5","0","35007","0"
"Curry","1","55","New Mexico","6/2/20","49","6","35009","12.24"
"Dona Ana","7","479","New Mexico","6/2/20","428","51","35013","11.92"
"Eddy","1","23","New Mexico","6/2/20","19","4","35015","21.05"
"Grant","0","15","New Mexico","6/2/20","15","0","35017","0"
"Guadalupe","0","20","New Mexico","6/2/20","20","0","35019","0"
"Harding","0","1","New Mexico","6/2/20","1","0","35021","0"
"Hidalgo","0","1","New Mexico","6/2/20","1","0","35023","0"
"Lea","0","26","New Mexico","6/2/20","24","2","35025","8.33"
"Lincoln","0","4","New Mexico","6/2/20","2","2","35027","100"
"Los Alamos","0","6","New Mexico","6/2/20","6","0","35028","0"
"Luna","0","9","New Mexico","6/2/20","7","2","35029","28.57"
"McKinley","35","2480","New Mexico","6/2/20","2236","244","35031","10.91"
"Otero","1","22","New Mexico","6/2/20","17","5","35035","29.41"
"Quay","0","5","New Mexico","6/2/20","5","0","35037","0"
"Rio Arriba","2","49","New Mexico","6/2/20","37","12","35039","32.43"
"Roosevelt","1","41","New Mexico","6/2/20","36","5","35041","13.89"
"San Juan","30","1813","New Mexico","6/2/20","1605","208","35045","12.96"
"San Miguel","0","15","New Mexico","6/2/20","15","0","35047","0"
"Sandoval","4","572","New Mexico","6/2/20","546","26","35043","4.76"
"Santa Fe","2","148","New Mexico","6/2/20","133","15","35049","11.28"
"Sierra","0","1","New Mexico","6/2/20","1","0","35051","0"
"Socorro","0","52","New Mexico","6/2/20","49","3","35053","6.12"
"Taos","1","30","New Mexico","6/2/20","24","6","35055","25"
"Torrance","0","32","New Mexico","6/2/20","32","0","35057","0"
"Union","0","4","New Mexico","6/2/20","3","1","35059","33.33"
"Valencia","1","77","New Mexico","6/2/20","73","4","35061","5.48"
"Albany","15","1900","New York","6/2/20","1793","107","36001","5.97"
"Allegany","1","48","New York","6/2/20","44","4","36003","9.09"
"Broome","8","578","New York","6/2/20","522","56","36007","10.73"
"Cattaraugus","1","89","New York","6/2/20","81","8","36009","9.88"
"Cayuga","2","93","New York","6/2/20","78","15","36011","19.23"
"Chautauqua","1","86","New York","6/2/20","77","9","36013","11.69"
"Chemung","0","137","New York","6/2/20","136","1","36015","0.74"
"Chenango","1","133","New York","6/2/20","123","10","36017","8.13"
"Clinton","0","97","New York","6/2/20","95","2","36019","2.11"
"Columbia","3","391","New York","6/2/20","373","18","36021","4.83"
"Cortland","0","41","New York","6/2/20","39","2","36023","5.13"
"Delaware","1","82","New York","6/2/20","77","5","36025","6.49"
"Dutchess","15","3936","New York","6/2/20","3834","102","36027","2.66"
"Erie","60","6173","New York","6/2/20","5753","420","36029","7.3"
"Essex","0","38","New York","6/2/20","36","2","36031","5.56"
"Franklin","0","23","New York","6/2/20","20","3","36033","15"
"Fulton","2","212","New York","6/2/20","196","16","36035","8.16"
"Genesee","1","202","New York","6/2/20","193","9","36037","4.66"
"Greene","2","241","New York","6/2/20","225","16","36039","7.11"
"Hamilton","0","5","New York","6/2/20","5","0","36041","0"
"Herkimer","1","111","New York","6/2/20","103","8","36043","7.77"
"Jefferson","0","74","New York","6/2/20","72","2","36045","2.78"
"Lewis","0","20","New York","6/2/20","20","0","36049","0"
"Livingston","0","119","New York","6/2/20","118","1","36051","0.85"
"Madison","2","317","New York","6/2/20","303","14","36053","4.62"
"Monroe","32","2989","New York","6/2/20","2762","227","36055","8.22"
"Montgomery","2","93","New York","6/2/20","80","13","36057","16.25"
"Nassau","85","40572","New York","6/2/20","39974","598","36059","1.5"
"New York","725","204377","New York","6/2/20","199301","5076","36061","2.55"
"Niagara","12","1048","New York","6/2/20","965","83","36063","8.6"
"Oneida","19","1049","New York","6/2/20","917","132","36065","14.39"
"Onondaga","31","2228","New York","6/2/20","2012","216","36067","10.74"
"Ontario","2","209","New York","6/2/20","195","14","36069","7.18"
"Orange","25","10449","New York","6/2/20","10277","172","36071","1.67"
"Orleans","5","241","New York","6/2/20","208","33","36073","15.87"
"Oswego","1","110","New York","6/2/20","104","6","36075","5.77"
"Otsego","1","73","New York","6/2/20","69","4","36077","5.8"
"Putnam","6","1262","New York","6/2/20","1222","40","36079","3.27"
"Rensselaer","4","493","New York","6/2/20","466","27","36083","5.79"
"Rockland","29","13223","New York","6/2/20","13019","204","36087","1.57"
"Saratoga","3","484","New York","6/2/20","463","21","36091","4.54"
"Schenectady","4","696","New York","6/2/20","668","28","36093","4.19"
"Schoharie","0","51","New York","6/2/20","49","2","36095","4.08"
"Schuyler","0","12","New York","6/2/20","11","1","36097","9.09"
"Seneca","1","59","New York","6/2/20","55","4","36099","7.27"
"St. Lawrence","1","205","New York","6/2/20","197","8","36089","4.06"
"Steuben","0","242","New York","6/2/20","240","2","36101","0.83"
"Suffolk","112","39980","New York","6/2/20","39199","781","36103","1.99"
"Sullivan","8","1392","New York","6/2/20","1338","54","36105","4.04"
"Tioga","1","131","New York","6/2/20","122","9","36107","7.38"
"Tompkins","1","164","New York","6/2/20","154","10","36109","6.49"
"Ulster","8","1696","New York","6/2/20","1638","58","36111","3.54"
"Warren","1","255","New York","6/2/20","251","4","36113","1.59"
"Washington","1","237","New York","6/2/20","228","9","36115","3.95"
"Wayne","1","116","New York","6/2/20","110","6","36117","5.45"
"Westchester","75","33633","New York","6/2/20","33107","526","36119","1.59"
"Wyoming","1","86","New York","6/2/20","82","4","36121","4.88"
"Yates","0","39","New York","6/2/20","37","2","36123","5.41"
"Alamance","13","391","North Carolina","6/2/20","300","91","37001","30.33"
"Alexander","2","38","North Carolina","6/2/20","27","11","37003","40.74"
"Alleghany","1","18","North Carolina","6/2/20","13","5","37005","38.46"
"Anson","1","66","North Carolina","6/2/20","62","4","37007","6.45"
"Ashe","0","37","North Carolina","6/2/20","35","2","37009","5.71"
"Avery","0","2","North Carolina","6/2/20","2","0","37011","0"
"Beaufort","0","36","North Carolina","6/2/20","35","1","37013","2.86"
"Bertie","1","125","North Carolina","6/2/20","115","10","37015","8.7"
"Bladen","2","105","North Carolina","6/2/20","94","11","37017","11.7"
"Brunswick","3","95","North Carolina","6/2/20","76","19","37019","25"
"Buncombe","11","354","North Carolina","6/2/20","277","77","37021","27.8"
"Burke","16","439","North Carolina","6/2/20","324","115","37023","35.49"
"Cabarrus","7","508","North Carolina","6/2/20","456","52","37025","11.4"
"Caldwell","7","157","North Carolina","6/2/20","107","50","37027","46.73"
"Camden","0","3","North Carolina","6/2/20","3","0","37029","0"
"Carteret","0","37","North Carolina","6/2/20","36","1","37031","2.78"
"Caswell","5","93","North Carolina","6/2/20","55","38","37033","69.09"
"Catawba","9","234","North Carolina","6/2/20","171","63","37035","36.84"
"Chatham","7","638","North Carolina","6/2/20","588","50","37037","8.5"
"Cherokee","0","30","North Carolina","6/2/20","30","0","37039","0"
"Chowan","0","17","North Carolina","6/2/20","15","2","37041","13.33"
"Clay","0","8","North Carolina","6/2/20","8","0","37043","0"
"Cleveland","4","99","North Carolina","6/2/20","69","30","37045","43.48"
"Columbus","5","338","North Carolina","6/2/20","306","32","37047","10.46"
"Craven","3","210","North Carolina","6/2/20","192","18","37049","9.38"
"Cumberland","17","712","North Carolina","6/2/20","590","122","37051","20.68"
"Currituck","0","14","North Carolina","6/2/20","11","3","37053","27.27"
"Dare","0","22","North Carolina","6/2/20","22","0","37055","0"
"Davidson","10","434","North Carolina","6/2/20","361","73","37057","20.22"
"Davie","4","105","North Carolina","6/2/20","76","29","37059","38.16"
"Duplin","29","870","North Carolina","6/2/20","670","200","37061","29.85"
"Durham","50","1706","North Carolina","6/2/20","1353","353","37063","26.09"
"Edgecombe","3","208","North Carolina","6/2/20","190","18","37065","9.47"
"Forsyth","61","1441","North Carolina","6/2/20","1012","429","37067","42.39"
"Franklin","2","162","North Carolina","6/2/20","146","16","37069","10.96"
"Gaston","5","288","North Carolina","6/2/20","255","33","37071","12.94"
"Gates","0","24","North Carolina","6/2/20","23","1","37073","4.35"
"Graham","0","2","North Carolina","6/2/20","2","0","37075","0"
"Granville","8","312","North Carolina","6/2/20","254","58","37077","22.83"
"Greene","2","81","North Carolina","6/2/20","66","15","37079","22.73"
"Guilford","32","1318","North Carolina","6/2/20","1092","226","37081","20.7"
"Halifax","4","183","North Carolina","6/2/20","152","31","37083","20.39"
"Harnett","3","297","North Carolina","6/2/20","276","21","37085","7.61"
"Haywood","1","49","North Carolina","6/2/20","40","9","37087","22.5"
"Henderson","5","352","North Carolina","6/2/20","319","33","37089","10.34"
"Hertford","8","128","North Carolina","6/2/20","72","56","37091","77.78"
"Hoke","7","248","North Carolina","6/2/20","201","47","37093","23.38"
"Hyde","0","1","North Carolina","6/2/20","1","0","37095","0"
"Iredell","6","273","North Carolina","6/2/20","233","40","37097","17.17"
"Jackson","1","34","North Carolina","6/2/20","27","7","37099","25.93"
"Johnston","16","471","North Carolina","6/2/20","361","110","37101","30.47"
"Jones","0","28","North Carolina","6/2/20","28","0","37103","0"
"Lee","13","466","North Carolina","6/2/20","372","94","37105","25.27"
"Lenoir","3","217","North Carolina","6/2/20","193","24","37107","12.44"
"Lincoln","2","72","North Carolina","6/2/20","60","12","37109","20"
"Macon","10","89","North Carolina","6/2/20","18","71","37113","394.44"
"Madison","0","4","North Carolina","6/2/20","4","0","37115","0"
"Martin","2","73","North Carolina","6/2/20","56","17","37117","30.36"
"McDowell","4","82","North Carolina","6/2/20","51","31","37111","60.78"
"Mecklenburg","159","4519","North Carolina","6/2/20","3403","1116","37119","32.79"
"Mitchell","1","15","North Carolina","6/2/20","9","6","37121","66.67"
"Montgomery","5","132","North Carolina","6/2/20","98","34","37123","34.69"
"Moore","4","224","North Carolina","6/2/20","198","26","37125","13.13"
"Nash","4","210","North Carolina","6/2/20","184","26","37127","14.13"
"New Hanover","6","208","North Carolina","6/2/20","163","45","37129","27.61"
"Northampton","1","156","North Carolina","6/2/20","147","9","37131","6.12"
"Onslow","2","112","North Carolina","6/2/20","98","14","37133","14.29"
"Orange","7","360","North Carolina","6/2/20","311","49","37135","15.76"
"Pamlico","0","10","North Carolina","6/2/20","10","0","37137","0"
"Pasquotank","2","110","North Carolina","6/2/20","96","14","37139","14.58"
"Pender","2","83","North Carolina","6/2/20","72","11","37141","15.28"
"Perquimans","0","25","North Carolina","6/2/20","23","2","37143","8.7"
"Person","2","50","North Carolina","6/2/20","38","12","37145","31.58"
"Pitt","7","316","North Carolina","6/2/20","267","49","37147","18.35"
"Polk","0","37","North Carolina","6/2/20","35","2","37149","5.71"
"Randolph","9","678","North Carolina","6/2/20","613","65","37151","10.6"
"Richmond","2","165","North Carolina","6/2/20","152","13","37153","8.55"
"Robeson","21","824","North Carolina","6/2/20","674","150","37155","22.26"
"Rockingham","4","100","North Carolina","6/2/20","72","28","37157","38.89"
"Rowan","9","675","North Carolina","6/2/20","612","63","37159","10.29"
"Rutherford","2","186","North Carolina","6/2/20","171","15","37161","8.77"
"Sampson","13","499","North Carolina","6/2/20","409","90","37163","22"
"Scotland","3","86","North Carolina","6/2/20","68","18","37165","26.47"
"Stanly","5","86","North Carolina","6/2/20","53","33","37167","62.26"
"Stokes","2","69","North Carolina","6/2/20","57","12","37169","21.05"
"Surry","8","224","North Carolina","6/2/20","168","56","37171","33.33"
"Swain","0","13","North Carolina","6/2/20","10","3","37173","30"
"Transylvania","0","14","North Carolina","6/2/20","11","3","37175","27.27"
"Tyrrell","0","4","North Carolina","6/2/20","4","0","37177","0"
"Union","8","466","North Carolina","6/2/20","408","58","37179","14.22"
"Vance","10","323","North Carolina","6/2/20","250","73","37181","29.2"
"Wake","47","1841","North Carolina","6/2/20","1509","332","37183","22"
"Warren","1","64","North Carolina","6/2/20","54","10","37185","18.52"
"Washington","1","30","North Carolina","6/2/20","26","4","37187","15.38"
"Watauga","2","27","North Carolina","6/2/20","13","14","37189","107.69"
"Wayne","21","1179","North Carolina","6/2/20","1031","148","37191","14.35"
"Wilkes","3","500","North Carolina","6/2/20","478","22","37193","4.6"
"Wilson","6","363","North Carolina","6/2/20","321","42","37195","13.08"
"Yadkin","5","181","North Carolina","6/2/20","146","35","37197","23.97"
"Yancey","1","15","North Carolina","6/2/20","10","5","37199","50"
"Barnes","0","5","North Dakota","6/2/20","4","1","38003","25"
"Benson","0","1","North Dakota","6/2/20","1","0","38005","0"
"Bottineau","0","2","North Dakota","6/2/20","2","0","38009","0"
"Bowman","0","1","North Dakota","6/2/20","1","0","38011","0"
"Burke","0","5","North Dakota","6/2/20","5","0","38013","0"
"Burleigh","1","130","North Dakota","6/2/20","123","7","38015","5.69"
"Cass","26","1762","North Dakota","6/2/20","1580","182","38017","11.52"
"Dickey","0","1","North Dakota","6/2/20","0","1","38021","1"
"Divide","0","1","North Dakota","6/2/20","1","0","38023","0"
"Dunn","0","11","North Dakota","6/2/20","12","-1","38025","-8.33"
"Eddy","0","4","North Dakota","6/2/20","4","0","38027","0"
"Emmons","0","4","North Dakota","6/2/20","4","0","38029","0"
"Foster","0","1","North Dakota","6/2/20","1","0","38031","0"
"Grand Forks","1","335","North Dakota","6/2/20","326","9","38035","2.76"
"Grant","0","2","North Dakota","6/2/20","2","0","38037","0"
"Griggs","0","1","North Dakota","6/2/20","1","0","38039","0"
"McHenry","0","2","North Dakota","6/2/20","2","0","38049","0"
"McIntosh","0","1","North Dakota","6/2/20","1","0","38051","0"
"McKenzie","0","17","North Dakota","6/2/20","16","1","38053","6.25"
"McLean","0","7","North Dakota","6/2/20","7","0","38055","0"
"Mercer","0","5","North Dakota","6/2/20","5","0","38057","0"
"Morton","0","60","North Dakota","6/2/20","59","1","38059","1.69"
"Mountrail","0","41","North Dakota","6/2/20","39","2","38061","5.13"
"Nelson","0","1","North Dakota","6/2/20","1","0","38063","0"
"Oliver","0","1","North Dakota","6/2/20","1","0","38065","0"
"Pembina","0","6","North Dakota","6/2/20","6","0","38067","0"
"Pierce","0","3","North Dakota","6/2/20","3","0","38069","0"
"Ramsey","0","8","North Dakota","6/2/20","8","0","38071","0"
"Ransom","0","9","North Dakota","6/2/20","8","1","38073","12.5"
"Renville","0","3","North Dakota","6/2/20","1","2","38075","200"
"Richland","0","22","North Dakota","6/2/20","19","3","38077","15.79"
"Rolette","0","6","North Dakota","6/2/20","5","1","38079","20"
"Sargent","0","3","North Dakota","6/2/20","3","0","38081","0"
"Sioux","0","1","North Dakota","6/2/20","2","-1","38085","-50"
"Slope","0","3","North Dakota","6/2/20","3","0","38087","0"
"Stark","0","62","North Dakota","6/2/20","61","1","38089","1.64"
"Steele","0","1","North Dakota","6/2/20","1","0","38091","0"
"Stutsman","1","24","North Dakota","6/2/20","18","6","38093","33.33"
"Traill","1","14","North Dakota","6/2/20","10","4","38097","40"
"Walsh","0","14","North Dakota","6/2/20","13","1","38099","7.69"
"Ward","0","38","North Dakota","6/2/20","36","2","38101","5.56"
"Wells","0","3","North Dakota","6/2/20","3","0","38103","0"
"Williams","0","25","North Dakota","6/2/20","24","1","38105","4.17"
"","0","23","Northern Mariana Islands","6/2/20","22","1",,"4.55"
"Adams","0","10","Ohio","6/2/20","8","2","39001","25"
"Allen","3","212","Ohio","6/2/20","191","21","39003","10.99"
"Ashland","0","20","Ohio","6/2/20","19","1","39005","5.26"
"Ashtabula","8","340","Ohio","6/2/20","283","57","39007","20.14"
"Athens","0","18","Ohio","6/2/20","18","0","39009","0"
"Auglaize","2","75","Ohio","6/2/20","64","11","39011","17.19"
"Belmont","5","438","Ohio","6/2/20","402","36","39013","8.96"
"Brown","0","28","Ohio","6/2/20","25","3","39015","12"
"Butler","15","919","Ohio","6/2/20","817","102","39017","12.48"
"Carroll","0","31","Ohio","6/2/20","28","3","39019","10.71"
"Champaign","0","28","Ohio","6/2/20","27","1","39021","3.7"
"Clark","10","298","Ohio","6/2/20","225","73","39023","32.44"
"Clermont","3","215","Ohio","6/2/20","193","22","39025","11.4"
"Clinton","0","43","Ohio","6/2/20","43","0","39027","0"
"Columbiana","32","881","Ohio","6/2/20","657","224","39029","34.09"
"Coshocton","2","41","Ohio","6/2/20","26","15","39031","57.69"
"Crawford","1","116","Ohio","6/2/20","106","10","39033","9.43"
"Cuyahoga","74","4581","Ohio","6/2/20","4060","521","39035","12.83"
"Darke","4","181","Ohio","6/2/20","156","25","39037","16.03"
"Defiance","0","34","Ohio","6/2/20","32","2","39039","6.25"
"Delaware","5","340","Ohio","6/2/20","302","38","39041","12.58"
"Erie","3","178","Ohio","6/2/20","159","19","39043","11.95"
"Fairfield","8","301","Ohio","6/2/20","246","55","39045","22.36"
"Fayette","0","40","Ohio","6/2/20","37","3","39047","8.11"
"Franklin","83","5996","Ohio","6/2/20","5414","582","39049","10.75"
"Fulton","1","44","Ohio","6/2/20","35","9","39051","25.71"
"Gallia","0","8","Ohio","6/2/20","7","1","39053","14.29"
"Geauga","5","292","Ohio","6/2/20","258","34","39055","13.18"
"Greene","1","102","Ohio","6/2/20","94","8","39057","8.51"
"Guernsey","1","36","Ohio","6/2/20","32","4","39059","12.5"
"Hamilton","33","2721","Ohio","6/2/20","2492","229","39061","9.19"
"Hancock","0","51","Ohio","6/2/20","48","3","39063","6.25"
"Hardin","3","61","Ohio","6/2/20","41","20","39065","48.78"
"Harrison","0","10","Ohio","6/2/20","10","0","39067","0"
"Henry","0","16","Ohio","6/2/20","15","1","39069","6.67"
"Highland","1","26","Ohio","6/2/20","19","7","39071","36.84"
"Hocking","0","70","Ohio","6/2/20","69","1","39073","1.45"
"Holmes","2","45","Ohio","6/2/20","28","17","39075","60.71"
"Huron","1","60","Ohio","6/2/20","55","5","39077","9.09"
"Jackson","0","14","Ohio","6/2/20","12","2","39079","16.67"
"Jefferson","0","66","Ohio","6/2/20","63","3","39081","4.76"
"Knox","0","25","Ohio","6/2/20","23","2","39083","8.7"
"Lake","4","309","Ohio","6/2/20","282","27","39085","9.57"
"Lawrence","0","30","Ohio","6/2/20","28","2","39087","7.14"
"Licking","6","258","Ohio","6/2/20","214","44","39089","20.56"
"Logan","0","40","Ohio","6/2/20","37","3","39091","8.11"
"Lorain","7","702","Ohio","6/2/20","653","49","39093","7.5"
"Lucas","19","2282","Ohio","6/2/20","2152","130","39095","6.04"
"Madison","2","157","Ohio","6/2/20","141","16","39097","11.35"
"Mahoning","16","1456","Ohio","6/2/20","1347","109","39099","8.09"
"Marion","7","2674","Ohio","6/2/20","2623","51","39101","1.94"
"Medina","7","356","Ohio","6/2/20","307","49","39103","15.96"
"Meigs","0","6","Ohio","6/2/20","6","0","39105","0"
"Mercer","2","217","Ohio","6/2/20","200","17","39107","8.5"
"Miami","1","361","Ohio","6/2/20","351","10","39109","2.85"
"Monroe","1","79","Ohio","6/2/20","73","6","39111","8.22"
"Montgomery","11","688","Ohio","6/2/20","609","79","39113","12.97"
"Morgan","0","5","Ohio","6/2/20","5","0","39115","0"
"Morrow","0","107","Ohio","6/2/20","104","3","39117","2.88"
"Muskingum","1","52","Ohio","6/2/20","45","7","39119","15.56"
"Noble","0","6","Ohio","6/2/20","5","1","39121","20"
"Ottawa","2","103","Ohio","6/2/20","92","11","39123","11.96"
"Paulding","0","14","Ohio","6/2/20","13","1","39125","7.69"
"Perry","0","19","Ohio","6/2/20","18","1","39127","5.56"
"Pickaway","7","2092","Ohio","6/2/20","2046","46","39129","2.25"
"Pike","0","8","Ohio","6/2/20","6","2","39131","33.33"
"Portage","2","329","Ohio","6/2/20","316","13","39133","4.11"
"Preble","1","39","Ohio","6/2/20","30","9","39135","30"
"Putnam","1","93","Ohio","6/2/20","87","6","39137","6.9"
"Richland","3","205","Ohio","6/2/20","187","18","39139","9.63"
"Ross","1","73","Ohio","6/2/20","66","7","39141","10.61"
"Sandusky","2","82","Ohio","6/2/20","70","12","39143","17.14"
"Scioto","0","17","Ohio","6/2/20","15","2","39145","13.33"
"Seneca","0","21","Ohio","6/2/20","19","2","39147","10.53"
"Shelby","0","43","Ohio","6/2/20","40","3","39149","7.5"
"Stark","7","743","Ohio","6/2/20","697","46","39151","6.6"
"Summit","28","1475","Ohio","6/2/20","1277","198","39153","15.51"
"Trumbull","6","584","Ohio","6/2/20","540","44","39155","8.15"
"Tuscarawas","4","352","Ohio","6/2/20","321","31","39157","9.66"
"Union","1","52","Ohio","6/2/20","46","6","39159","13.04"
"Van Wert","0","7","Ohio","6/2/20","6","1","39161","16.67"
"Vinton","0","21","Ohio","6/2/20","19","2","39163","10.53"
"Warren","6","383","Ohio","6/2/20","340","43","39165","12.65"
"Washington","0","118","Ohio","6/2/20","117","1","39167","0.85"
"Wayne","4","281","Ohio","6/2/20","252","29","39169","11.51"
"Williams","0","55","Ohio","6/2/20","52","3","39171","5.77"
"Wood","3","300","Ohio","6/2/20","277","23","39173","8.3"
"Wyandot","1","45","Ohio","6/2/20","36","9","39175","25"
"Adair","1","91","Oklahoma","6/2/20","82","9","40001","10.98"
"Alfalfa","0","1","Oklahoma","6/2/20","1","0","40003","0"
"Atoka","0","4","Oklahoma","6/2/20","1","3","40005","300"
"Beaver","0","24","Oklahoma","6/2/20","24","0","40007","0"
"Beckham","1","10","Oklahoma","6/2/20","6","4","40009","66.67"
"Blaine","0","7","Oklahoma","6/2/20","6","1","40011","16.67"
"Bryan","1","31","Oklahoma","6/2/20","22","9","40013","40.91"
"Caddo","2","164","Oklahoma","6/2/20","150","14","40015","9.33"
"Canadian","1","133","Oklahoma","6/2/20","128","5","40017","3.91"
"Carter","3","45","Oklahoma","6/2/20","25","20","40019","80"
"Cherokee","0","30","Oklahoma","6/2/20","29","1","40021","3.45"
"Choctaw","7","76","Oklahoma","6/2/20","25","51","40023","204"
"Cimarron","0","1","Oklahoma","6/2/20","1","0","40025","0"
"Cleveland","2","506","Oklahoma","6/2/20","493","13","40027","2.64"
"Coal","0","3","Oklahoma","6/2/20","1","2","40029","200"
"Comanche","2","285","Oklahoma","6/2/20","270","15","40031","5.56"
"Cotton","0","5","Oklahoma","6/2/20","5","0","40033","0"
"Craig","0","15","Oklahoma","6/2/20","15","0","40035","0"
"Creek","1","96","Oklahoma","6/2/20","92","4","40037","4.35"
"Custer","2","26","Oklahoma","6/2/20","12","14","40039","116.67"
"Delaware","0","100","Oklahoma","6/2/20","100","0","40041","0"
"Dewey","0","3","Oklahoma","6/2/20","4","-1","40043","-25"
"Garfield","0","27","Oklahoma","6/2/20","26","1","40047","3.85"
"Garvin","0","18","Oklahoma","6/2/20","15","3","40049","20"
"Grady","3","99","Oklahoma","6/2/20","80","19","40051","23.75"
"Grant","0","2","Oklahoma","6/2/20","2","0","40053","0"
"Greer","0","66","Oklahoma","6/2/20","66","0","40055","0"
"Harper","0","1","Oklahoma","6/2/20","1","0","40059","0"
"Haskell","0","6","Oklahoma","6/2/20","6","0","40061","0"
"Hughes","0","3","Oklahoma","6/2/20","0","3","40063","1"
"Jackson","0","27","Oklahoma","6/2/20","24","3","40065","12.5"
"Jefferson","0","4","Oklahoma","6/2/20","3","1","40067","33.33"
"Johnston","0","3","Oklahoma","6/2/20","3","0","40069","0"
"Kay","1","56","Oklahoma","6/2/20","52","4","40071","7.69"
"Kingfisher","0","11","Oklahoma","6/2/20","11","0","40073","0"
"Kiowa","0","6","Oklahoma","6/2/20","6","0","40075","0"
"Latimer","0","5","Oklahoma","6/2/20","5","0","40077","0"
"Le Flore","0","14","Oklahoma","6/2/20","14","0","40079","0"
"Lincoln","0","22","Oklahoma","6/2/20","22","0","40081","0"
"Logan","0","19","Oklahoma","6/2/20","19","0","40083","0"
"Love","0","16","Oklahoma","6/2/20","15","1","40085","6.67"
"Major","0","6","Oklahoma","6/2/20","6","0","40093","0"
"Marshall","0","8","Oklahoma","6/2/20","8","0","40095","0"
"Mayes","0","30","Oklahoma","6/2/20","30","0","40097","0"
"McClain","1","106","Oklahoma","6/2/20","98","8","40087","8.16"
"McCurtain","6","71","Oklahoma","6/2/20","29","42","40089","144.83"
"McIntosh","0","12","Oklahoma","6/2/20","11","1","40091","9.09"
"Murray","0","4","Oklahoma","6/2/20","2","2","40099","100"
"Muskogee","2","49","Oklahoma","6/2/20","36","13","40101","36.11"
"Noble","0","7","Oklahoma","6/2/20","7","0","40103","0"
"Nowata","0","23","Oklahoma","6/2/20","23","0","40105","0"
"Okfuskee","0","5","Oklahoma","6/2/20","3","2","40107","66.67"
"Oklahoma","11","1294","Oklahoma","6/2/20","1216","78","40109","6.41"
"Okmulgee","0","25","Oklahoma","6/2/20","23","2","40111","8.7"
"Osage","0","95","Oklahoma","6/2/20","94","1","40113","1.06"
"Ottawa","0","35","Oklahoma","6/2/20","35","0","40115","0"
"Pawnee","0","31","Oklahoma","6/2/20","29","2","40117","6.9"
"Payne","0","46","Oklahoma","6/2/20","45","1","40119","2.22"
"Pittsburg","0","41","Oklahoma","6/2/20","40","1","40121","2.5"
"Pontotoc","0","15","Oklahoma","6/2/20","12","3","40123","25"
"Pottawatomie","1","63","Oklahoma","6/2/20","57","6","40125","10.53"
"Pushmataha","0","3","Oklahoma","6/2/20","2","1","40127","50"
"Rogers","1","82","Oklahoma","6/2/20","78","4","40131","5.13"
"Seminole","0","26","Oklahoma","6/2/20","23","3","40133","13.04"
"Sequoyah","0","15","Oklahoma","6/2/20","14","1","40135","7.14"
"Stephens","0","38","Oklahoma","6/2/20","37","1","40137","2.7"
"Texas","6","934","Oklahoma","6/2/20","890","44","40139","4.94"
"Tillman","0","23","Oklahoma","6/2/20","23","0","40141","0"
"Tulsa","17","1057","Oklahoma","6/2/20","935","122","40143","13.05"
"Wagoner","0","150","Oklahoma","6/2/20","149","1","40145","0.67"
"Washington","2","327","Oklahoma","6/2/20","312","15","40147","4.81"
"Washita","0","2","Oklahoma","6/2/20","2","0","40149","0"
"Woods","0","3","Oklahoma","6/2/20","3","0","40151","0"
"Woodward","0","5","Oklahoma","6/2/20","4","1","40153","25"
"Baker","0","1","Oregon","6/2/20","1","0","41001","0"
"Benton","0","56","Oregon","6/2/20","55","1","41003","1.82"
"Clackamas","3","317","Oregon","6/2/20","296","21","41005","7.09"
"Clatsop","0","45","Oregon","6/2/20","45","0","41007","0"
"Columbia","0","16","Oregon","6/2/20","16","0","41009","0"
"Coos","0","31","Oregon","6/2/20","31","0","41011","0"
"Crook","0","6","Oregon","6/2/20","6","0","41013","0"
"Curry","0","7","Oregon","6/2/20","6","1","41015","16.67"
"Deschutes","1","127","Oregon","6/2/20","120","7","41017","5.83"
"Douglas","0","27","Oregon","6/2/20","25","2","41019","8"
"Grant","0","1","Oregon","6/2/20","1","0","41023","0"
"Harney","0","1","Oregon","6/2/20","1","0","41025","0"
"Hood River","1","22","Oregon","6/2/20","12","10","41027","83.33"
"Jackson","1","67","Oregon","6/2/20","60","7","41029","11.67"
"Jefferson","3","44","Oregon","6/2/20","24","20","41031","83.33"
"Josephine","0","24","Oregon","6/2/20","25","-1","41033","-4"
"Klamath","0","44","Oregon","6/2/20","41","3","41035","7.32"
"Lake","0","2","Oregon","6/2/20","0","2","41037","1"
"Lane","1","77","Oregon","6/2/20","67","10","41039","14.93"
"Lincoln","1","17","Oregon","6/2/20","9","8","41041","88.89"
"Linn","0","118","Oregon","6/2/20","115","3","41043","2.61"
"Malheur","1","32","Oregon","6/2/20","28","4","41045","14.29"
"Marion","10","981","Oregon","6/2/20","914","67","41047","7.33"
"Morrow","0","12","Oregon","6/2/20","12","0","41049","0"
"Multnomah","18","1181","Oregon","6/2/20","1052","129","41051","12.26"
"Polk","1","100","Oregon","6/2/20","96","4","41053","4.17"
"Sherman","0","1","Oregon","6/2/20","1","0","41055","0"
"Tillamook","0","6","Oregon","6/2/20","6","0","41057","0"
"Umatilla","1","121","Oregon","6/2/20","112","9","41059","8.04"
"Union","0","6","Oregon","6/2/20","6","0","41061","0"
"Wallowa","0","2","Oregon","6/2/20","2","0","41063","0"
"Wasco","1","26","Oregon","6/2/20","18","8","41065","44.44"
"Washington","7","747","Oregon","6/2/20","698","49","41067","7.02"
"Yamhill","1","70","Oregon","6/2/20","66","4","41071","6.06"
"Adams","3","255","Pennsylvania","6/2/20","233","22","42001","9.44"
"Allegheny","16","1928","Pennsylvania","6/2/20","1816","112","42003","6.17"
"Armstrong","0","62","Pennsylvania","6/2/20","59","3","42005","5.08"
"Beaver","3","591","Pennsylvania","6/2/20","570","21","42007","3.68"
"Bedford","0","40","Pennsylvania","6/2/20","37","3","42009","8.11"
"Berks","27","4107","Pennsylvania","6/2/20","3919","188","42011","4.8"
"Blair","0","51","Pennsylvania","6/2/20","48","3","42013","6.25"
"Bradford","0","48","Pennsylvania","6/2/20","45","3","42015","6.67"
"Bucks","29","5116","Pennsylvania","6/2/20","4916","200","42017","4.07"
"Butler","2","232","Pennsylvania","6/2/20","220","12","42019","5.45"
"Cambria","0","59","Pennsylvania","6/2/20","57","2","42021","3.51"
"Cameron","0","2","Pennsylvania","6/2/20","2","0","42023","0"
"Carbon","1","241","Pennsylvania","6/2/20","231","10","42025","4.33"
"Centre","1","154","Pennsylvania","6/2/20","148","6","42027","4.05"
"Chester","53","2823","Pennsylvania","6/2/20","2454","369","42029","15.04"
"Clarion","0","27","Pennsylvania","6/2/20","29","-2","42031","-6.9"
"Clearfield","1","42","Pennsylvania","6/2/20","37","5","42033","13.51"
"Clinton","1","60","Pennsylvania","6/2/20","54","6","42035","11.11"
"Columbia","1","349","Pennsylvania","6/2/20","343","6","42037","1.75"
"Crawford","1","29","Pennsylvania","6/2/20","22","7","42039","31.82"
"Cumberland","6","644","Pennsylvania","6/2/20","602","42","42041","6.98"
"Dauphin","32","1359","Pennsylvania","6/2/20","1137","222","42043","19.53"
"Delaware","36","6496","Pennsylvania","6/2/20","6243","253","42045","4.05"
"Elk","0","6","Pennsylvania","6/2/20","6","0","42047","0"
"Erie","12","307","Pennsylvania","6/2/20","223","84","42049","37.67"
"Fayette","0","95","Pennsylvania","6/2/20","95","0","42051","0"
"Forest","0","7","Pennsylvania","6/2/20","7","0","42053","0"
"Franklin","5","781","Pennsylvania","6/2/20","746","35","42055","4.69"
"Fulton","0","15","Pennsylvania","6/2/20","15","0","42057","0"
"Greene","0","27","Pennsylvania","6/2/20","27","0","42059","0"
"Huntingdon","0","231","Pennsylvania","6/2/20","228","3","42061","1.32"
"Indiana","0","91","Pennsylvania","6/2/20","89","2","42063","2.25"
"Jefferson","1","12","Pennsylvania","6/2/20","7","5","42065","71.43"
"Juniata","0","95","Pennsylvania","6/2/20","95","0","42067","0"
"Lackawanna","7","1555","Pennsylvania","6/2/20","1503","52","42069","3.46"
"Lancaster","33","3218","Pennsylvania","6/2/20","2985","233","42071","7.81"
"Lawrence","1","81","Pennsylvania","6/2/20","74","7","42073","9.46"
"Lebanon","8","980","Pennsylvania","6/2/20","922","58","42075","6.29"
"Lehigh","15","3780","Pennsylvania","6/2/20","3676","104","42077","2.83"
"Luzerne","13","2750","Pennsylvania","6/2/20","2662","88","42079","3.31"
"Lycoming","0","164","Pennsylvania","6/2/20","161","3","42081","1.86"
"McKean","0","12","Pennsylvania","6/2/20","12","0","42083","0"
"Mercer","0","107","Pennsylvania","6/2/20","105","2","42085","1.9"
"Mifflin","0","59","Pennsylvania","6/2/20","58","1","42087","1.72"
"Monroe","3","1325","Pennsylvania","6/2/20","1305","20","42089","1.53"
"Montgomery","82","7172","Pennsylvania","6/2/20","6598","574","42091","8.7"
"Montour","0","53","Pennsylvania","6/2/20","50","3","42093","6"
"Northampton","25","3108","Pennsylvania","6/2/20","2933","175","42095","5.97"
"Northumberland","3","198","Pennsylvania","6/2/20","177","21","42097","11.86"
"Perry","2","62","Pennsylvania","6/2/20","48","14","42099","29.17"
"Philadelphia","185","23034","Pennsylvania","6/2/20","21738","1296","42101","5.96"
"Pike","0","478","Pennsylvania","6/2/20","476","2","42103","0.42"
"Potter","0","4","Pennsylvania","6/2/20","4","0","42105","0"
"Schuylkill","6","643","Pennsylvania","6/2/20","600","43","42107","7.17"
"Snyder","1","45","Pennsylvania","6/2/20","38","7","42109","18.42"
"Somerset","0","38","Pennsylvania","6/2/20","37","1","42111","2.7"
"Sullivan","0","3","Pennsylvania","6/2/20","2","1","42113","50"
"Susquehanna","2","110","Pennsylvania","6/2/20","97","13","42115","13.4"
"Tioga","0","19","Pennsylvania","6/2/20","16","3","42117","18.75"
"Union","1","60","Pennsylvania","6/2/20","56","4","42119","7.14"
"Venango","0","9","Pennsylvania","6/2/20","8","1","42121","12.5"
"Warren","0","3","Pennsylvania","6/2/20","3","0","42123","0"
"Washington","0","140","Pennsylvania","6/2/20","138","2","42125","1.45"
"Wayne","0","120","Pennsylvania","6/2/20","118","2","42127","1.69"
"Westmoreland","1","451","Pennsylvania","6/2/20","442","9","42129","2.04"
"Wyoming","0","34","Pennsylvania","6/2/20","33","1","42131","3.03"
"York","12","1028","Pennsylvania","6/2/20","943","85","42133","9.01"
"","87","3935","Puerto Rico","6/2/20","3324","611",,"18.38"
"Bristol","2","224","Rhode Island","6/2/20","213","11","44001","5.16"
"Kent","6","1052","Rhode Island","6/2/20","1013","39","44003","3.85"
"Newport","2","244","Rhode Island","6/2/20","228","16","44005","7.02"
"Providence","64","11052","Rhode Island","6/2/20","10607","445","44007","4.2"
"Washington","2","499","Rhode Island","6/2/20","486","13","44009","2.67"
"Abbeville","2","46","South Carolina","6/2/20","35","11","45001","31.43"
"Aiken","4","208","South Carolina","6/2/20","181","27","45003","14.92"
"Allendale","1","38","South Carolina","6/2/20","34","4","45005","11.76"
"Anderson","3","244","South Carolina","6/2/20","221","23","45007","10.41"
"Bamberg","0","23","South Carolina","6/2/20","21","2","45009","9.52"
"Barnwell","1","48","South Carolina","6/2/20","43","5","45011","11.63"
"Beaufort","8","398","South Carolina","6/2/20","342","56","45013","16.37"
"Berkeley","3","242","South Carolina","6/2/20","219","23","45015","10.5"
"Calhoun","1","15","South Carolina","6/2/20","10","5","45017","50"
"Charleston","11","646","South Carolina","6/2/20","568","78","45019","13.73"
"Cherokee","2","43","South Carolina","6/2/20","32","11","45021","34.38"
"Chester","5","87","South Carolina","6/2/20","55","32","45023","58.18"
"Chesterfield","9","203","South Carolina","6/2/20","141","62","45025","43.97"
"Clarendon","1","302","South Carolina","6/2/20","294","8","45027","2.72"
"Colleton","5","114","South Carolina","6/2/20","76","38","45029","50"
"Darlington","8","308","South Carolina","6/2/20","254","54","45031","21.26"
"Dillon","3","170","South Carolina","6/2/20","152","18","45033","11.84"
"Dorchester","3","165","South Carolina","6/2/20","142","23","45035","16.2"
"Edgefield","0","51","South Carolina","6/2/20","49","2","45037","4.08"
"Fairfield","3","181","South Carolina","6/2/20","160","21","45039","13.12"
"Florence","10","678","South Carolina","6/2/20","605","73","45041","12.07"
"Georgetown","1","78","South Carolina","6/2/20","71","7","45043","9.86"
"Greenville","58","1751","South Carolina","6/2/20","1344","407","45045","30.28"
"Greenwood","8","148","South Carolina","6/2/20","92","56","45047","60.87"
"Hampton","0","38","South Carolina","6/2/20","35","3","45049","8.57"
"Horry","13","472","South Carolina","6/2/20","382","90","45051","23.56"
"Jasper","1","43","South Carolina","6/2/20","39","4","45053","10.26"
"Kershaw","5","339","South Carolina","6/2/20","305","34","45055","11.15"
"Lancaster","6","166","South Carolina","6/2/20","122","44","45057","36.07"
"Laurens","1","69","South Carolina","6/2/20","59","10","45059","16.95"
"Lee","2","221","South Carolina","6/2/20","207","14","45061","6.76"
"Lexington","15","677","South Carolina","6/2/20","572","105","45063","18.36"
"Marion","1","72","South Carolina","6/2/20","66","6","45067","9.09"
"Marlboro","9","183","South Carolina","6/2/20","117","66","45069","56.41"
"McCormick","0","9","South Carolina","6/2/20","8","1","45065","12.5"
"Newberry","2","63","South Carolina","6/2/20","48","15","45071","31.25"
"Oconee","1","55","South Carolina","6/2/20","47","8","45073","17.02"
"Orangeburg","8","210","South Carolina","6/2/20","152","58","45075","38.16"
"Pickens","7","174","South Carolina","6/2/20","127","47","45077","37.01"
"Richland","22","1542","South Carolina","6/2/20","1386","156","45079","11.26"
"Saluda","2","148","South Carolina","6/2/20","137","11","45081","8.03"
"Spartanburg","19","645","South Carolina","6/2/20","512","133","45083","25.98"
"Sumter","7","396","South Carolina","6/2/20","347","49","45085","14.12"
"Union","1","40","South Carolina","6/2/20","34","6","45087","17.65"
"Williamsburg","3","245","South Carolina","6/2/20","221","24","45089","10.86"
"York","10","421","South Carolina","6/2/20","352","69","45091","19.6"
"Aurora","1","26","South Dakota","6/2/20","22","4","46003","18.18"
"Beadle","18","276","South Dakota","6/2/20","150","126","46005","84"
"Bon Homme","0","8","South Dakota","6/2/20","8","0","46009","0"
"Brookings","0","17","South Dakota","6/2/20","15","2","46011","13.33"
"Brown","3","281","South Dakota","6/2/20","259","22","46013","8.49"
"Buffalo","2","21","South Dakota","6/2/20","9","12","46017","133.33"
"Charles Mix","1","18","South Dakota","6/2/20","13","5","46023","38.46"
"Clark","0","4","South Dakota","6/2/20","4","0","46025","0"
"Clay","0","15","South Dakota","6/2/20","15","0","46027","0"
"Codington","1","37","South Dakota","6/2/20","33","4","46029","12.12"
"Corson","0","4","South Dakota","6/2/20","4","0","46031","0"
"Davison","1","16","South Dakota","6/2/20","10","6","46035","60"
"Day","0","13","South Dakota","6/2/20","12","1","46037","8.33"
"Deuel","0","1","South Dakota","6/2/20","1","0","46039","0"
"Dewey","0","1","South Dakota","6/2/20","0","1","46041","1"
"Douglas","0","3","South Dakota","6/2/20","3","0","46043","0"
"Edmunds","0","1","South Dakota","6/2/20","0","1","46045","1"
"Fall River","0","5","South Dakota","6/2/20","4","1","46047","25"
"Faulk","0","1","South Dakota","6/2/20","1","0","46049","0"
"Grant","0","13","South Dakota","6/2/20","10","3","46051","30"
"Gregory","0","1","South Dakota","6/2/20","0","1","46053","1"
"Hamlin","0","4","South Dakota","6/2/20","4","0","46057","0"
"Hand","0","2","South Dakota","6/2/20","1","1","46059","100"
"Hughes","0","19","South Dakota","6/2/20","19","0","46065","0"
"Hutchinson","0","6","South Dakota","6/2/20","4","2","46067","50"
"Hyde","0","1","South Dakota","6/2/20","1","0","46069","0"
"Jackson","0","4","South Dakota","6/2/20","2","2","46071","100"
"Jerauld","1","35","South Dakota","6/2/20","29","6","46073","20.69"
"Kingsbury","0","2","South Dakota","6/2/20","0","2","46077","1"
"Lake","0","8","South Dakota","6/2/20","6","2","46079","33.33"
"Lawrence","0","11","South Dakota","6/2/20","9","2","46081","22.22"
"Lincoln","1","239","South Dakota","6/2/20","233","6","46083","2.58"
"Lyman","0","14","South Dakota","6/2/20","12","2","46085","16.67"
"Marshall","0","4","South Dakota","6/2/20","4","0","46091","0"
"McCook","0","6","South Dakota","6/2/20","5","1","46087","20"
"McPherson","0","1","South Dakota","6/2/20","1","0","46089","0"
"Meade","2","22","South Dakota","6/2/20","10","12","46093","120"
"Miner","0","2","South Dakota","6/2/20","1","1","46097","100"
"Minnehaha","10","3362","South Dakota","6/2/20","3289","73","46099","2.22"
"Moody","0","19","South Dakota","6/2/20","18","1","46101","5.56"
"Oglala Lakota","2","31","South Dakota","6/2/20","17","14","46102","82.35"
"Pennington","11","241","South Dakota","6/2/20","162","79","46103","48.77"
"Roberts","0","36","South Dakota","6/2/20","35","1","46109","2.86"
"Sanborn","0","13","South Dakota","6/2/20","11","2","46111","18.18"
"Spink","0","5","South Dakota","6/2/20","4","1","46115","25"
"Stanley","0","10","South Dakota","6/2/20","9","1","46117","11.11"
"Sully","0","1","South Dakota","6/2/20","1","0","46119","0"
"Todd","1","28","South Dakota","6/2/20","20","8","46121","40"
"Tripp","0","6","South Dakota","6/2/20","6","0","46123","0"
"Turner","0","25","South Dakota","6/2/20","23","2","46125","8.7"
"Union","1","91","South Dakota","6/2/20","86","5","46127","5.81"
"Walworth","0","5","South Dakota","6/2/20","5","0","46129","0"
"Yankton","0","51","South Dakota","6/2/20","51","0","46135","0"
"Ziebach","0","1","South Dakota","6/2/20","1","0","46137","0"
"Anderson","0","41","Tennessee","6/2/20","40","1","47001","2.5"
"Bedford","4","295","Tennessee","6/2/20","269","26","47003","9.67"
"Benton","0","7","Tennessee","6/2/20","7","0","47005","0"
"Bledsoe","0","609","Tennessee","6/2/20","608","1","47007","0.16"
"Blount","1","93","Tennessee","6/2/20","84","9","47009","10.71"
"Bradley","8","157","Tennessee","6/2/20","99","58","47011","58.59"
"Campbell","0","18","Tennessee","6/2/20","17","1","47013","5.88"
"Cannon","2","31","Tennessee","6/2/20","17","14","47015","82.35"
"Carroll","0","28","Tennessee","6/2/20","27","1","47017","3.7"
"Carter","0","19","Tennessee","6/2/20","19","0","47019","0"
"Cheatham","3","134","Tennessee","6/2/20","112","22","47021","19.64"
"Chester","0","12","Tennessee","6/2/20","12","0","47023","0"
"Claiborne","1","12","Tennessee","6/2/20","8","4","47025","50"
"Clay","0","8","Tennessee","6/2/20","6","2","47027","33.33"
"Cocke","0","21","Tennessee","6/2/20","20","1","47029","5"
"Coffee","1","74","Tennessee","6/2/20","66","8","47031","12.12"
"Crockett","0","16","Tennessee","6/2/20","16","0","47033","0"
"Cumberland","1","118","Tennessee","6/2/20","111","7","47035","6.31"
"Davidson","87","5323","Tennessee","6/2/20","4716","607","47037","12.87"
"Decatur","0","5","Tennessee","6/2/20","5","0","47039","0"
"DeKalb","1","40","Tennessee","6/2/20","35","5","47041","14.29"
"Dickson","1","116","Tennessee","6/2/20","106","10","47043","9.43"
"Dyer","1","55","Tennessee","6/2/20","48","7","47045","14.58"
"Fayette","2","121","Tennessee","6/2/20","108","13","47047","12.04"
"Fentress","0","12","Tennessee","6/2/20","12","0","47049","0"
"Franklin","1","54","Tennessee","6/2/20","48","6","47051","12.5"
"Gibson","0","62","Tennessee","6/2/20","61","1","47053","1.64"
"Giles","0","12","Tennessee","6/2/20","12","0","47055","0"
"Grainger","1","11","Tennessee","6/2/20","6","5","47057","83.33"
"Greene","1","52","Tennessee","6/2/20","47","5","47059","10.64"
"Grundy","0","31","Tennessee","6/2/20","32","-1","47061","-3.12"
"Hamblen","2","43","Tennessee","6/2/20","26","17","47063","65.38"
"Hamilton","38","910","Tennessee","6/2/20","642","268","47065","41.74"
"Hancock","0","1","Tennessee","6/2/20","1","0","47067","0"
"Hardeman","2","202","Tennessee","6/2/20","189","13","47069","6.88"
"Hardin","1","18","Tennessee","6/2/20","11","7","47071","63.64"
"Hawkins","1","35","Tennessee","6/2/20","31","4","47073","12.9"
"Haywood","0","32","Tennessee","6/2/20","29","3","47075","10.34"
"Henderson","0","15","Tennessee","6/2/20","13","2","47077","15.38"
"Henry","0","31","Tennessee","6/2/20","29","2","47079","6.9"
"Hickman","1","58","Tennessee","6/2/20","53","5","47081","9.43"
"Houston","0","8","Tennessee","6/2/20","7","1","47083","14.29"
"Humphreys","0","15","Tennessee","6/2/20","13","2","47085","15.38"
"Jackson","0","19","Tennessee","6/2/20","17","2","47087","11.76"
"Jefferson","0","28","Tennessee","6/2/20","28","0","47089","0"
"Johnson","0","16","Tennessee","6/2/20","15","1","47091","6.67"
"Knox","9","410","Tennessee","6/2/20","345","65","47093","18.84"
"Lake","50","765","Tennessee","6/2/20","413","352","47095","85.23"
"Lauderdale","0","59","Tennessee","6/2/20","56","3","47097","5.36"
"Lawrence","1","32","Tennessee","6/2/20","24","8","47099","33.33"
"Lewis","0","3","Tennessee","6/2/20","3","0","47101","0"
"Lincoln","0","28","Tennessee","6/2/20","25","3","47103","12"
"Loudon","3","154","Tennessee","6/2/20","136","18","47105","13.24"
"Macon","7","157","Tennessee","6/2/20","108","49","47111","45.37"
"Madison","0","175","Tennessee","6/2/20","174","1","47113","0.57"
"Marion","1","42","Tennessee","6/2/20","37","5","47115","13.51"
"Marshall","0","32","Tennessee","6/2/20","29","3","47117","10.34"
"Maury","3","102","Tennessee","6/2/20","80","22","47119","27.5"
"McMinn","1","143","Tennessee","6/2/20","135","8","47107","5.93"
"McNairy","0","15","Tennessee","6/2/20","12","3","47109","25"
"Meigs","0","27","Tennessee","6/2/20","25","2","47121","8"
"Monroe","1","66","Tennessee","6/2/20","58","8","47123","13.79"
"Montgomery","4","277","Tennessee","6/2/20","251","26","47125","10.36"
"Moore","0","4","Tennessee","6/2/20","3","1","47127","33.33"
"Morgan","0","17","Tennessee","6/2/20","17","0","47129","0"
"Obion","2","40","Tennessee","6/2/20","27","13","47131","48.15"
"Out of TN","12","426","Tennessee","6/2/20","339","87","80047","25.66"
"Overton","1","32","Tennessee","6/2/20","23","9","47133","39.13"
"Perry","1","23","Tennessee","6/2/20","13","10","47135","76.92"
"Pickett","0","3","Tennessee","6/2/20","3","0","47137","0"
"Polk","1","18","Tennessee","6/2/20","14","4","47139","28.57"
"Putnam","14","507","Tennessee","6/2/20","410","97","47141","23.66"
"Rhea","2","214","Tennessee","6/2/20","197","17","47143","8.63"
"Roane","0","16","Tennessee","6/2/20","15","1","47145","6.67"
"Robertson","14","511","Tennessee","6/2/20","414","97","47147","23.43"
"Rutherford","31","1278","Tennessee","6/2/20","1063","215","47149","20.23"
"Scott","0","12","Tennessee","6/2/20","11","1","47151","9.09"
"Sequatchie","1","19","Tennessee","6/2/20","12","7","47153","58.33"
"Sevier","2","90","Tennessee","6/2/20","75","15","47155","20"
"Shelby","114","5313","Tennessee","6/2/20","4516","797","47157","17.65"
"Smith","1","36","Tennessee","6/2/20","30","6","47159","20"
"Stewart","1","13","Tennessee","6/2/20","9","4","47161","44.44"
"Sullivan","0","60","Tennessee","6/2/20","62","-2","47163","-3.23"
"Sumner","11","913","Tennessee","6/2/20","838","75","47165","8.95"
"Tipton","4","455","Tennessee","6/2/20","427","28","47167","6.56"
"Trousdale","1","1396","Tennessee","6/2/20","1392","4","47169","0.29"
"Unicoi","7","49","Tennessee","6/2/20","3","46","47171","1533.33"
"Union","0","5","Tennessee","6/2/20","4","1","47173","25"
"Van Buren","0","4","Tennessee","6/2/20","4","0","47175","0"
"Warren","1","26","Tennessee","6/2/20","21","5","47177","23.81"
"Washington","0","75","Tennessee","6/2/20","75","0","47179","0"
"Wayne","0","64","Tennessee","6/2/20","63","1","47181","1.59"
"Weakley","0","26","Tennessee","6/2/20","26","0","47183","0"
"White","1","34","Tennessee","6/2/20","27","7","47185","25.93"
"Williamson","6","567","Tennessee","6/2/20","527","40","47187","7.59"
"Wilson","8","430","Tennessee","6/2/20","371","59","47189","15.9"
"Anderson","1","76","Texas","6/2/20","66","10","48001","15.15"
"Andrews","0","27","Texas","6/2/20","27","0","48003","0"
"Angelina","6","215","Texas","6/2/20","175","40","48005","22.86"
"Aransas","0","5","Texas","6/2/20","5","0","48007","0"
"Archer","0","1","Texas","6/2/20","1","0","48009","0"
"Armstrong","0","3","Texas","6/2/20","2","1","48011","50"
"Atascosa","0","37","Texas","6/2/20","35","2","48013","5.71"
"Austin","1","27","Texas","6/2/20","22","5","48015","22.73"
"Bailey","1","17","Texas","6/2/20","10","7","48017","70"
"Bandera","0","6","Texas","6/2/20","6","0","48019","0"
"Bastrop","5","220","Texas","6/2/20","184","36","48021","19.57"
"Bee","0","10","Texas","6/2/20","9","1","48025","11.11"
"Bell","13","391","Texas","6/2/20","298","93","48027","31.21"
"Bexar","56","2839","Texas","6/2/20","2449","390","48029","15.92"
"Blanco","0","11","Texas","6/2/20","8","3","48031","37.5"
"Bosque","0","7","Texas","6/2/20","6","1","48035","16.67"
"Bowie","17","270","Texas","6/2/20","153","117","48037","76.47"
"Brazoria","12","929","Texas","6/2/20","843","86","48039","10.2"
"Brazos","7","487","Texas","6/2/20","441","46","48041","10.43"
"Brewster","0","1","Texas","6/2/20","1","0","48043","0"
"Briscoe","0","1","Texas","6/2/20","1","0","48045","0"
"Brooks","0","1","Texas","6/2/20","1","0","48047","0"
"Brown","0","59","Texas","6/2/20","57","2","48049","3.51"
"Burleson","0","25","Texas","6/2/20","22","3","48051","13.64"
"Burnet","1","39","Texas","6/2/20","29","10","48053","34.48"
"Caldwell","2","67","Texas","6/2/20","51","16","48055","31.37"
"Calhoun","0","37","Texas","6/2/20","37","0","48057","0"
"Callahan","0","9","Texas","6/2/20","9","0","48059","0"
"Cameron","11","776","Texas","6/2/20","698","78","48061","11.17"
"Camp","5","84","Texas","6/2/20","51","33","48063","64.71"
"Carson","0","6","Texas","6/2/20","6","0","48065","0"
"Cass","1","30","Texas","6/2/20","23","7","48067","30.43"
"Castro","0","33","Texas","6/2/20","32","1","48069","3.12"
"Chambers","1","68","Texas","6/2/20","61","7","48071","11.48"
"Cherokee","1","46","Texas","6/2/20","42","4","48073","9.52"
"Childress","0","2","Texas","6/2/20","2","0","48075","0"
"Clay","0","4","Texas","6/2/20","3","1","48077","33.33"
"Cochran","0","1","Texas","6/2/20","1","0","48079","0"
"Coke","0","1","Texas","6/2/20","1","0","48081","0"
"Coleman","0","3","Texas","6/2/20","2","1","48083","50"
"Collin","22","1312","Texas","6/2/20","1157","155","48085","13.4"
"Collingsworth","0","5","Texas","6/2/20","5","0","48087","0"
"Colorado","0","23","Texas","6/2/20","20","3","48089","15"
"Comal","3","100","Texas","6/2/20","82","18","48091","21.95"
"Comanche","0","12","Texas","6/2/20","9","3","48093","33.33"
"Concho","0","1","Texas","6/2/20","1","0","48095","0"
"Cooke","0","16","Texas","6/2/20","13","3","48097","23.08"
"Coryell","8","285","Texas","6/2/20","227","58","48099","25.55"
"Cottle","0","4","Texas","6/2/20","4","0","48101","0"
"Crane","0","25","Texas","6/2/20","22","3","48103","13.64"
"Crosby","0","4","Texas","6/2/20","3","1","48107","33.33"
"Dallam","1","26","Texas","6/2/20","22","4","48111","18.18"
"Dallas","219","10719","Texas","6/2/20","9188","1531","48113","16.66"
"Dawson","0","42","Texas","6/2/20","40","2","48115","5"
"Deaf Smith","1","166","Texas","6/2/20","157","9","48117","5.73"
"Delta","0","1","Texas","6/2/20","1","0","48119","0"
"Denton","24","1398","Texas","6/2/20","1233","165","48121","13.38"
"DeWitt","0","17","Texas","6/2/20","17","0","48123","0"
"Dickens","0","1","Texas","6/2/20","1","0","48125","0"
"Dimmit","0","1","Texas","6/2/20","1","0","48127","0"
"Donley","0","26","Texas","6/2/20","26","0","48129","0"
"Duval","0","5","Texas","6/2/20","5","0","48131","0"
"Eastland","0","6","Texas","6/2/20","5","1","48133","20"
"Ector","1","161","Texas","6/2/20","151","10","48135","6.62"
"El Paso","63","2833","Texas","6/2/20","2393","440","48141","18.39"
"Ellis","7","335","Texas","6/2/20","289","46","48139","15.92"
"Erath","0","17","Texas","6/2/20","16","1","48143","6.25"
"Falls","0","9","Texas","6/2/20","6","3","48145","50"
"Fannin","0","40","Texas","6/2/20","37","3","48147","8.11"
"Fayette","0","34","Texas","6/2/20","32","2","48149","6.25"
"Fisher","0","2","Texas","6/2/20","2","0","48151","0"
"Floyd","1","11","Texas","6/2/20","5","6","48153","120"
"Fort Bend","21","1881","Texas","6/2/20","1732","149","48157","8.6"
"Franklin","1","16","Texas","6/2/20","12","4","48159","33.33"
"Freestone","0","10","Texas","6/2/20","10","0","48161","0"
"Frio","0","37","Texas","6/2/20","36","1","48163","2.78"
"Gaines","0","7","Texas","6/2/20","6","1","48165","16.67"
"Galveston","13","847","Texas","6/2/20","753","94","48167","12.48"
"Garza","0","5","Texas","6/2/20","5","0","48169","0"
"Gillespie","0","5","Texas","6/2/20","5","0","48171","0"
"Glasscock","0","1","Texas","6/2/20","1","0","48173","0"
"Goliad","0","7","Texas","6/2/20","7","0","48175","0"
"Gonzales","6","132","Texas","6/2/20","91","41","48177","45.05"
"Gray","1","100","Texas","6/2/20","96","4","48179","4.17"
"Grayson","6","342","Texas","6/2/20","303","39","48181","12.87"
"Gregg","7","236","Texas","6/2/20","185","51","48183","27.57"
"Grimes","16","218","Texas","6/2/20","104","114","48185","109.62"
"Guadalupe","2","133","Texas","6/2/20","122","11","48187","9.02"
"Hale","0","58","Texas","6/2/20","55","3","48189","5.45"
"Hall","0","2","Texas","6/2/20","2","0","48191","0"
"Hamilton","0","8","Texas","6/2/20","7","1","48193","14.29"
"Hansford","0","19","Texas","6/2/20","18","1","48195","5.56"
"Hardeman","0","1","Texas","6/2/20","1","0","48197","0"
"Hardin","0","138","Texas","6/2/20","136","2","48199","1.47"
"Harris","249","13027","Texas","6/2/20","11281","1746","48201","15.48"
"Harrison","3","247","Texas","6/2/20","228","19","48203","8.33"
"Hartley","0","12","Texas","6/2/20","11","1","48205","9.09"
"Haskell","0","3","Texas","6/2/20","2","1","48207","50"
"Hays","12","353","Texas","6/2/20","270","83","48209","30.74"
"Hemphill","0","1","Texas","6/2/20","1","0","48211","0"
"Henderson","1","59","Texas","6/2/20","55","4","48213","7.27"
"Hidalgo","11","584","Texas","6/2/20","504","80","48215","15.87"
"Hill","0","24","Texas","6/2/20","24","0","48217","0"
"Hockley","0","27","Texas","6/2/20","27","0","48219","0"
"Hood","0","27","Texas","6/2/20","26","1","48221","3.85"
"Hopkins","1","26","Texas","6/2/20","18","8","48223","44.44"
"Houston","4","114","Texas","6/2/20","84","30","48225","35.71"
"Howard","0","9","Texas","6/2/20","6","3","48227","50"
"Hudspeth","0","2","Texas","6/2/20","1","1","48229","100"
"Hunt","2","89","Texas","6/2/20","76","13","48231","17.11"
"Hutchinson","2","42","Texas","6/2/20","30","12","48233","40"
"Irion","0","1","Texas","6/2/20","0","1","48235","1"
"Jack","0","4","Texas","6/2/20","4","0","48237","0"
"Jackson","0","19","Texas","6/2/20","17","2","48239","11.76"
"Jasper","0","29","Texas","6/2/20","28","1","48241","3.57"
"Jefferson","8","562","Texas","6/2/20","503","59","48245","11.73"
"Jim Hogg","0","4","Texas","6/2/20","4","0","48247","0"
"Jim Wells","0","9","Texas","6/2/20","9","0","48249","0"
"Johnson","3","176","Texas","6/2/20","155","21","48251","13.55"
"Jones","72","606","Texas","6/2/20","101","505","48253","500"
"Karnes","0","4","Texas","6/2/20","4","0","48255","0"
"Kaufman","4","227","Texas","6/2/20","198","29","48257","14.65"
"Kendall","1","30","Texas","6/2/20","24","6","48259","25"
"Kerr","1","20","Texas","6/2/20","16","4","48265","25"
"Kimble","0","1","Texas","6/2/20","1","0","48267","0"
"Kinney","0","1","Texas","6/2/20","0","1","48271","1"
"Kleberg","0","17","Texas","6/2/20","16","1","48273","6.25"
"Knox","0","1","Texas","6/2/20","1","0","48275","0"
"La Salle","0","4","Texas","6/2/20","4","0","48283","0"
"Lamar","2","145","Texas","6/2/20","134","11","48277","8.21"
"Lamb","0","16","Texas","6/2/20","15","1","48279","6.67"
"Lampasas","0","9","Texas","6/2/20","8","1","48281","12.5"
"Lavaca","1","13","Texas","6/2/20","9","4","48285","44.44"
"Lee","2","24","Texas","6/2/20","10","14","48287","140"
"Leon","0","10","Texas","6/2/20","9","1","48289","11.11"
"Liberty","2","95","Texas","6/2/20","80","15","48291","18.75"
"Limestone","0","26","Texas","6/2/20","23","3","48293","13.04"
"Lipscomb","0","2","Texas","6/2/20","2","0","48295","0"
"Live Oak","0","9","Texas","6/2/20","9","0","48297","0"
"Llano","0","3","Texas","6/2/20","3","0","48299","0"
"Lubbock","5","704","Texas","6/2/20","667","37","48303","5.55"
"Lynn","0","7","Texas","6/2/20","5","2","48305","40"
"Madison","0","8","Texas","6/2/20","8","0","48313","0"
"Marion","0","16","Texas","6/2/20","15","1","48315","6.67"
"Martin","0","3","Texas","6/2/20","3","0","48317","0"
"Mason","0","32","Texas","6/2/20","31","1","48319","3.23"
"Matagorda","0","70","Texas","6/2/20","67","3","48321","4.48"
"Maverick","3","120","Texas","6/2/20","97","23","48323","23.71"
"McCulloch","0","3","Texas","6/2/20","3","0","48307","0"
"McLennan","2","120","Texas","6/2/20","107","13","48309","12.15"
"Medina","1","73","Texas","6/2/20","67","6","48325","8.96"
"Midland","1","132","Texas","6/2/20","124","8","48329","6.45"
"Milam","0","29","Texas","6/2/20","28","1","48331","3.57"
"Mills","0","1","Texas","6/2/20","1","0","48333","0"
"Mitchell","0","1","Texas","6/2/20","1","0","48335","0"
"Montague","0","9","Texas","6/2/20","9","0","48337","0"
"Montgomery","17","1010","Texas","6/2/20","888","122","48339","13.74"
"Moore","36","838","Texas","6/2/20","583","255","48341","43.74"
"Morris","1","26","Texas","6/2/20","21","5","48343","23.81"
"Motley","0","1","Texas","6/2/20","1","0","48345","0"
"Nacogdoches","5","290","Texas","6/2/20","257","33","48347","12.84"
"Navarro","2","57","Texas","6/2/20","45","12","48349","26.67"
"Newton","0","5","Texas","6/2/20","4","1","48351","25"
"Nolan","0","2","Texas","6/2/20","2","0","48353","0"
"Nueces","2","275","Texas","6/2/20","263","12","48355","4.56"
"Ochiltree","1","49","Texas","6/2/20","43","6","48357","13.95"
"Oldham","0","4","Texas","6/2/20","3","1","48359","33.33"
"Orange","0","98","Texas","6/2/20","96","2","48361","2.08"
"Palo Pinto","0","13","Texas","6/2/20","11","2","48363","18.18"
"Panola","1","199","Texas","6/2/20","194","5","48365","2.58"
"Parker","2","79","Texas","6/2/20","68","11","48367","16.18"
"Parmer","1","59","Texas","6/2/20","54","5","48369","9.26"
"Pecos","11","102","Texas","6/2/20","27","75","48371","277.78"
"Polk","1","60","Texas","6/2/20","52","8","48373","15.38"
"Potter","17","2354","Texas","6/2/20","2238","116","48375","5.18"
"Presidio","0","1","Texas","6/2/20","1","0","48377","0"
"Rains","0","3","Texas","6/2/20","3","0","48379","0"
"Randall","6","688","Texas","6/2/20","648","40","48381","6.17"
"Reagan","0","2","Texas","6/2/20","0","2","48383","1"
"Red River","3","72","Texas","6/2/20","48","24","48387","50"
"Reeves","0","7","Texas","6/2/20","7","0","48389","0"
"Refugio","0","3","Texas","6/2/20","3","0","48391","0"
"Roberts","0","2","Texas","6/2/20","2","0","48393","0"
"Robertson","1","11","Texas","6/2/20","7","4","48395","57.14"
"Rockwall","2","171","Texas","6/2/20","155","16","48397","10.32"
"Runnels","0","2","Texas","6/2/20","2","0","48399","0"
"Rusk","2","56","Texas","6/2/20","44","12","48401","27.27"
"Sabine","1","15","Texas","6/2/20","5","10","48403","200"
"San Augustine","2","44","Texas","6/2/20","29","15","48405","51.72"
"San Jacinto","0","14","Texas","6/2/20","14","0","48407","0"
"San Patricio","1","36","Texas","6/2/20","28","8","48409","28.57"
"San Saba","0","1","Texas","6/2/20","1","0","48411","0"
"Scurry","4","32","Texas","6/2/20","2","30","48415","1500"
"Shackelford","0","1","Texas","6/2/20","1","0","48417","0"
"Shelby","3","203","Texas","6/2/20","183","20","48419","10.93"
"Sherman","1","27","Texas","6/2/20","21","6","48421","28.57"
"Smith","2","210","Texas","6/2/20","198","12","48423","6.06"
"Starr","2","37","Texas","6/2/20","24","13","48427","54.17"
"Stephens","0","4","Texas","6/2/20","4","0","48429","0"
"Swisher","0","17","Texas","6/2/20","17","0","48437","0"
"Tarrant","80","5534","Texas","6/2/20","4977","557","48439","11.19"
"Taylor","2","241","Texas","6/2/20","230","11","48441","4.78"
"Terry","0","13","Texas","6/2/20","13","0","48445","0"
"Titus","21","467","Texas","6/2/20","321","146","48449","45.48"
"Tom Green","2","106","Texas","6/2/20","90","16","48451","17.78"
"Travis","61","3360","Texas","6/2/20","2933","427","48453","14.56"
"Trinity","0","15","Texas","6/2/20","13","2","48455","15.38"
"Tyler","0","12","Texas","6/2/20","11","1","48457","9.09"
"Upshur","1","27","Texas","6/2/20","19","8","48459","42.11"
"Uvalde","1","14","Texas","6/2/20","6","8","48463","133.33"
"Val Verde","1","21","Texas","6/2/20","17","4","48465","23.53"
"Van Zandt","1","34","Texas","6/2/20","26","8","48467","30.77"
"Victoria","0","160","Texas","6/2/20","157","3","48469","1.91"
"Walker","157","1574","Texas","6/2/20","475","1099","48471","231.37"
"Waller","1","63","Texas","6/2/20","53","10","48473","18.87"
"Ward","0","1","Texas","6/2/20","1","0","48475","0"
"Washington","2","205","Texas","6/2/20","193","12","48477","6.22"
"Webb","5","551","Texas","6/2/20","516","35","48479","6.78"
"Wharton","1","64","Texas","6/2/20","55","9","48481","16.36"
"Wheeler","0","15","Texas","6/2/20","15","0","48483","0"
"Wichita","0","85","Texas","6/2/20","82","3","48485","3.66"
"Wilbarger","0","7","Texas","6/2/20","6","1","48487","16.67"
"Willacy","1","21","Texas","6/2/20","14","7","48489","50"
"Williamson","7","636","Texas","6/2/20","584","52","48491","8.9"
"Wilson","0","40","Texas","6/2/20","38","2","48493","5.26"
"Winkler","0","3","Texas","6/2/20","3","0","48495","0"
"Wise","0","47","Texas","6/2/20","45","2","48497","4.44"
"Wood","1","33","Texas","6/2/20","23","10","48499","43.48"
"Yoakum","0","3","Texas","6/2/20","3","0","48501","0"
"Young","0","4","Texas","6/2/20","4","0","48503","0"
"Zapata","0","10","Texas","6/2/20","8","2","48505","25"
"Zavala","0","12","Texas","6/2/20","11","1","48507","9.09"
"Bear River","23","267","Utah","6/2/20","105","162","00000","154.29"
"Central Utah","1","38","Utah","6/2/20","33","5","00000","15.15"
"Davis","8","476","Utah","6/2/20","419","57","49011","13.6"
"Salt Lake","117","5449","Utah","6/2/20","4632","817","49035","17.64"
"San Juan","5","308","Utah","6/2/20","272","36","49037","13.24"
"Southeast Utah","1","26","Utah","6/2/20","21","5","00000","23.81"
"Southwest Utah","21","476","Utah","6/2/20","330","146","00000","44.24"
"Summit","2","417","Utah","6/2/20","405","12","49043","2.96"
"Tooele","3","132","Utah","6/2/20","114","18","49045","15.79"
"TriCounty","0","20","Utah","6/2/20","20","0","00000","0"
"Utah","35","1991","Utah","6/2/20","1744","247","49049","14.16"
"Wasatch","6","294","Utah","6/2/20","253","41","49051","16.21"
"Weber-Morgan","5","308","Utah","6/2/20","272","36","00000","13.24"
"Addison","0","64","Vermont","6/2/20","62","2","50001","3.23"
"Bennington","0","64","Vermont","6/2/20","62","2","50003","3.23"
"Caledonia","0","15","Vermont","6/2/20","15","0","50005","0"
"Chittenden","2","457","Vermont","6/2/20","444","13","50007","2.93"
"Essex","0","3","Vermont","6/2/20","3","0","50009","0"
"Franklin","0","99","Vermont","6/2/20","99","0","50011","0"
"Grand Isle","0","7","Vermont","6/2/20","7","0","50013","0"
"Lamoille","0","29","Vermont","6/2/20","29","0","50015","0"
"Orange","0","9","Vermont","6/2/20","8","1","50017","12.5"
"Orleans","0","10","Vermont","6/2/20","10","0","50019","0"
"Rutland","0","55","Vermont","6/2/20","53","2","50021","3.77"
"Washington","0","39","Vermont","6/2/20","39","0","50023","0"
"Windham","0","81","Vermont","6/2/20","80","1","50025","1.25"
"Windsor","0","51","Vermont","6/2/20","51","0","50027","0"
"","0","70","Virgin Islands","6/2/20","69","1",,"1.45"
"Accomack","26","939","Virginia","6/2/20","758","181","51001","23.88"
"Albemarle","6","200","Virginia","6/2/20","161","39","51003","24.22"
"Alexandria","31","2000","Virginia","6/2/20","1785","215","51510","12.04"
"Alleghany","1","24","Virginia","6/2/20","16","8","51005","50"
"Amelia","0","26","Virginia","6/2/20","23","3","51007","13.04"
"Amherst","0","27","Virginia","6/2/20","26","1","51009","3.85"
"Appomattox","1","31","Virginia","6/2/20","26","5","51011","19.23"
"Arlington","28","2133","Virginia","6/2/20","1935","198","51013","10.23"
"Augusta","2","115","Virginia","6/2/20","100","15","51015","15"
"Bedford","3","62","Virginia","6/2/20","43","19","51019","44.19"
"Botetourt","0","34","Virginia","6/2/20","32","2","51023","6.25"
"Bristol","0","4","Virginia","6/2/20","4","0","51520","0"
"Brunswick","1","28","Virginia","6/2/20","21","7","51025","33.33"
"Buchanan","0","18","Virginia","6/2/20","19","-1","51027","-5.26"
"Buckingham","3","465","Virginia","6/2/20","445","20","51029","4.49"
"Buena Vista","0","13","Virginia","6/2/20","13","0","51530","0"
"Campbell","0","18","Virginia","6/2/20","15","3","51031","20"
"Caroline","3","76","Virginia","6/2/20","53","23","51033","43.4"
"Carroll","2","100","Virginia","6/2/20","84","16","51035","19.05"
"Charles City","0","27","Virginia","6/2/20","27","0","51036","0"
"Charlotte","0","25","Virginia","6/2/20","23","2","51037","8.7"
"Charlottesville","5","128","Virginia","6/2/20","90","38","51540","42.22"
"Chesapeake","12","541","Virginia","6/2/20","459","82","51550","17.86"
"Chesterfield","59","1627","Virginia","6/2/20","1213","414","51041","34.13"
"Clarke","1","28","Virginia","6/2/20","22","6","51043","27.27"
"Colonial Heights","2","96","Virginia","6/2/20","85","11","51570","12.94"
"Covington","0","4","Virginia","6/2/20","3","1","51580","33.33"
"Craig","0","5","Virginia","6/2/20","5","0","51045","0"
"Culpeper","12","720","Virginia","6/2/20","638","82","51047","12.85"
"Cumberland","1","38","Virginia","6/2/20","31","7","51049","22.58"
"Danville","1","57","Virginia","6/2/20","48","9","51590","18.75"
"Dinwiddie","4","83","Virginia","6/2/20","55","28","51053","50.91"
"Emporia","3","82","Virginia","6/2/20","62","20","51595","32.26"
"Essex","1","48","Virginia","6/2/20","44","4","51057","9.09"
"Fairfax","227","11426","Virginia","6/2/20","9839","1587","51059","16.13"
"Fairfax City","1","67","Virginia","6/2/20","59","8","51600","13.56"
"Falls Church","1","55","Virginia","6/2/20","49","6","51610","12.24"
"Fauquier","4","326","Virginia","6/2/20","300","26","51061","8.67"
"Floyd","0","7","Virginia","6/2/20","5","2","51063","40"
"Fluvanna","1","92","Virginia","6/2/20","87","5","51065","5.75"
"Franklin","0","36","Virginia","6/2/20","34","2","51067","5.88"
"Franklin City","0","42","Virginia","6/2/20","39","3","51620","7.69"
"Frederick","14","371","Virginia","6/2/20","272","99","51069","36.4"
"Fredericksburg","5","172","Virginia","6/2/20","136","36","51630","26.47"
"Galax","3","127","Virginia","6/2/20","104","23","51640","22.12"
"Giles","0","5","Virginia","6/2/20","5","0","51071","0"
"Gloucester","0","31","Virginia","6/2/20","30","1","51073","3.33"
"Goochland","1","101","Virginia","6/2/20","93","8","51075","8.6"
"Grayson","1","40","Virginia","6/2/20","31","9","51077","29.03"
"Greene","1","34","Virginia","6/2/20","25","9","51079","36"
"Greensville","6","100","Virginia","6/2/20","57","43","51081","75.44"
"Halifax","0","30","Virginia","6/2/20","30","0","51083","0"
"Hampton","4","212","Virginia","6/2/20","183","29","51650","15.85"
"Hanover","5","335","Virginia","6/2/20","301","34","51085","11.3"
"Harrisonburg","8","799","Virginia","6/2/20","742","57","51660","7.68"
"Henrico","53","1919","Virginia","6/2/20","1546","373","51087","24.13"
"Henry","7","136","Virginia","6/2/20","84","52","51089","61.9"
"Highland","0","3","Virginia","6/2/20","3","0","51091","0"
"Hopewell","3","96","Virginia","6/2/20","73","23","51670","31.51"
"Isle of Wight","1","132","Virginia","6/2/20","125","7","51093","5.6"
"James City","1","210","Virginia","6/2/20","200","10","51095","5"
"King and Queen","1","13","Virginia","6/2/20","7","6","51097","85.71"
"King George","1","70","Virginia","6/2/20","60","10","51099","16.67"
"King William","1","31","Virginia","6/2/20","24","7","51101","29.17"
"Lancaster","0","10","Virginia","6/2/20","10","0","51103","0"
"Lee","0","9","Virginia","6/2/20","9","0","51105","0"
"Lexington","0","7","Virginia","6/2/20","6","1","51678","16.67"
"Loudoun","64","2636","Virginia","6/2/20","2186","450","51107","20.59"
"Louisa","1","81","Virginia","6/2/20","73","8","51109","10.96"
"Lunenburg","1","15","Virginia","6/2/20","10","5","51111","50"
"Lynchburg","0","80","Virginia","6/2/20","79","1","51680","1.27"
"Madison","1","41","Virginia","6/2/20","37","4","51113","10.81"
"Manassas","26","1135","Virginia","6/2/20","956","179","51683","18.72"
"Manassas Park","7","327","Virginia","6/2/20","277","50","51685","18.05"
"Martinsville","1","37","Virginia","6/2/20","27","10","51690","37.04"
"Mathews","0","5","Virginia","6/2/20","5","0","51115","0"
"Mecklenburg","1","218","Virginia","6/2/20","211","7","51117","3.32"
"Middlesex","0","15","Virginia","6/2/20","14","1","51119","7.14"
"Montgomery","2","80","Virginia","6/2/20","69","11","51121","15.94"
"Nelson","0","17","Virginia","6/2/20","15","2","51125","13.33"
"New Kent","0","38","Virginia","6/2/20","35","3","51127","8.57"
"Newport News","6","291","Virginia","6/2/20","250","41","51700","16.4"
"Norfolk","11","530","Virginia","6/2/20","450","80","51710","17.78"
"Northampton","3","243","Virginia","6/2/20","221","22","51131","9.95"
"Northumberland","0","25","Virginia","6/2/20","23","2","51133","8.7"
"Norton","0","2","Virginia","6/2/20","2","0","51720","0"
"Nottoway","3","39","Virginia","6/2/20","20","19","51135","95"
"Orange","3","110","Virginia","6/2/20","86","24","51137","27.91"
"Page","4","230","Virginia","6/2/20","199","31","51139","15.58"
"Patrick","1","19","Virginia","6/2/20","14","5","51141","35.71"
"Petersburg","6","141","Virginia","6/2/20","96","45","51730","46.88"
"Pittsylvania","1","45","Virginia","6/2/20","35","10","51143","28.57"
"Poquoson","0","8","Virginia","6/2/20","7","1","51735","14.29"
"Portsmouth","6","325","Virginia","6/2/20","281","44","51740","15.66"
"Powhatan","1","36","Virginia","6/2/20","29","7","51145","24.14"
"Prince Edward","3","143","Virginia","6/2/20","122","21","51147","17.21"
"Prince George","9","135","Virginia","6/2/20","71","64","51149","90.14"
"Prince William","105","5724","Virginia","6/2/20","4992","732","51153","14.66"
"Pulaski","1","20","Virginia","6/2/20","12","8","51155","66.67"
"Radford","0","6","Virginia","6/2/20","7","-1","51750","-14.29"
"Rappahannock","0","14","Virginia","6/2/20","13","1","51157","7.69"
"Richmond","1","287","Virginia","6/2/20","278","9","51159","3.24"
"Richmond City","49","1434","Virginia","6/2/20","1089","345","51760","31.68"
"Roanoke","2","110","Virginia","6/2/20","96","14","51161","14.58"
"Roanoke City","4","171","Virginia","6/2/20","146","25","51770","17.12"
"Rockbridge","0","19","Virginia","6/2/20","17","2","51163","11.76"
"Rockingham","10","545","Virginia","6/2/20","478","67","51165","14.02"
"Russell","0","8","Virginia","6/2/20","8","0","51167","0"
"Salem","0","34","Virginia","6/2/20","32","2","51775","6.25"
"Scott","0","7","Virginia","6/2/20","7","0","51169","0"
"Shenandoah","12","465","Virginia","6/2/20","378","87","51171","23.02"
"Smyth","0","15","Virginia","6/2/20","15","0","51173","0"
"Southampton","1","149","Virginia","6/2/20","143","6","51175","4.2"
"Spotsylvania","18","586","Virginia","6/2/20","463","123","51177","26.57"
"Stafford","13","733","Virginia","6/2/20","642","91","51179","14.17"
"Staunton","2","49","Virginia","6/2/20","36","13","51790","36.11"
"Suffolk","2","317","Virginia","6/2/20","303","14","51800","4.62"
"Surry","1","11","Virginia","6/2/20","7","4","51181","57.14"
"Sussex","4","161","Virginia","6/2/20","135","26","51183","19.26"
"Tazewell","0","9","Virginia","6/2/20","6","3","51185","50"
"Virginia Beach","16","752","Virginia","6/2/20","638","114","51810","17.87"
"Warren","7","166","Virginia","6/2/20","117","49","51187","41.88"
"Washington","0","52","Virginia","6/2/20","51","1","51191","1.96"
"Waynesboro","1","47","Virginia","6/2/20","41","6","51820","14.63"
"Westmoreland","2","70","Virginia","6/2/20","54","16","51193","29.63"
"Williamsburg","0","44","Virginia","6/2/20","43","1","51830","2.33"
"Winchester","7","196","Virginia","6/2/20","147","49","51840","33.33"
"Wise","0","25","Virginia","6/2/20","24","1","51195","4.17"
"Wythe","0","23","Virginia","6/2/20","21","2","51197","9.52"
"York","1","77","Virginia","6/2/20","71","6","51199","8.45"
"Adams","1","63","Washington","6/2/20","53","10","53001","18.87"
"Asotin","0","19","Washington","6/2/20","19","0","53003","0"
"Benton","14","823","Washington","6/2/20","727","96","53005","13.2"
"Chelan","2","250","Washington","6/2/20","233","17","53007","7.3"
"Clallam","0","25","Washington","6/2/20","25","0","53009","0"
"Clark","18","546","Washington","6/2/20","421","125","53011","29.69"
"Columbia","0","1","Washington","6/2/20","1","0","53013","0"
"Cowlitz","0","74","Washington","6/2/20","73","1","53015","1.37"
"Douglas","2","172","Washington","6/2/20","157","15","53017","9.55"
"Ferry","0","1","Washington","6/2/20","1","0","53019","0"
"Franklin","14","610","Washington","6/2/20","510","100","53021","19.61"
"Grant","3","208","Washington","6/2/20","190","18","53025","9.47"
"Grays Harbor","0","17","Washington","6/2/20","16","1","53027","6.25"
"Island","1","181","Washington","6/2/20","177","4","53029","2.26"
"Jefferson","0","31","Washington","6/2/20","30","1","53031","3.33"
"King","49","8177","Washington","6/2/20","7835","342","53033","4.37"
"Kitsap","0","162","Washington","6/2/20","161","1","53035","0.62"
"Kittitas","2","89","Washington","6/2/20","75","14","53037","18.67"
"Klickitat","1","28","Washington","6/2/20","24","4","53039","16.67"
"Lewis","0","37","Washington","6/2/20","35","2","53041","5.71"
"Lincoln","0","2","Washington","6/2/20","2","0","53043","0"
"Mason","0","36","Washington","6/2/20","34","2","53045","5.88"
"Okanogan","1","50","Washington","6/2/20","44","6","53047","13.64"
"Pacific","0","9","Washington","6/2/20","9","0","53049","0"
"Pend Oreille","0","3","Washington","6/2/20","3","0","53051","0"
"Pierce","26","1950","Washington","6/2/20","1766","184","53053","10.42"
"San Juan","0","15","Washington","6/2/20","15","0","53055","0"
"Skagit","2","438","Washington","6/2/20","427","11","53057","2.58"
"Skamania","0","3","Washington","6/2/20","3","0","53059","0"
"Snohomish","10","2987","Washington","6/2/20","2916","71","53061","2.43"
"Spokane","16","612","Washington","6/2/20","497","115","53063","23.14"
"Stevens","0","11","Washington","6/2/20","10","1","53065","10"
"Thurston","3","152","Washington","6/2/20","130","22","53067","16.92"
"Wahkiakum","0","4","Washington","6/2/20","4","0","53069","0"
"Walla Walla","0","110","Washington","6/2/20","108","2","53071","1.85"
"Whatcom","3","401","Washington","6/2/20","378","23","53073","6.08"
"Whitman","0","16","Washington","6/2/20","16","0","53075","0"
"Yakima","116","3817","Washington","6/2/20","3008","809","53077","26.89"
"Barbour","0","9","West Virginia","6/2/20","7","2","54001","28.57"
"Berkeley","5","319","West Virginia","6/2/20","286","33","54003","11.54"
"Boone","0","9","West Virginia","6/2/20","9","0","54005","0"
"Braxton","0","2","West Virginia","6/2/20","2","0","54007","0"
"Brooke","0","5","West Virginia","6/2/20","3","2","54009","66.67"
"Cabell","1","67","West Virginia","6/2/20","59","8","54011","13.56"
"Calhoun","0","2","West Virginia","6/2/20","2","0","54013","0"
"Clay","0","5","West Virginia","6/2/20","2","3","54015","150"
"Fayette","1","50","West Virginia","6/2/20","45","5","54019","11.11"
"Gilmer","0","10","West Virginia","6/2/20","10","0","54021","0"
"Grant","0","12","West Virginia","6/2/20","11","1","54023","9.09"
"Greenbrier","0","9","West Virginia","6/2/20","9","0","54025","0"
"Hampshire","1","31","West Virginia","6/2/20","21","10","54027","47.62"
"Hancock","0","19","West Virginia","6/2/20","18","1","54029","5.56"
"Hardy","0","39","West Virginia","6/2/20","37","2","54031","5.41"
"Harrison","0","40","West Virginia","6/2/20","39","1","54033","2.56"
"Jackson","0","137","West Virginia","6/2/20","135","2","54035","1.48"
"Jefferson","6","197","West Virginia","6/2/20","154","43","54037","27.92"
"Kanawha","3","230","West Virginia","6/2/20","212","18","54039","8.49"
"Lewis","1","9","West Virginia","6/2/20","5","4","54041","80"
"Lincoln","0","5","West Virginia","6/2/20","5","0","54043","0"
"Logan","0","17","West Virginia","6/2/20","16","1","54045","6.25"
"Marion","0","51","West Virginia","6/2/20","50","1","54049","2"
"Marshall","0","30","West Virginia","6/2/20","27","3","54051","11.11"
"Mason","0","15","West Virginia","6/2/20","16","-1","54053","-6.25"
"McDowell","0","6","West Virginia","6/2/20","6","0","54047","0"
"Mercer","0","13","West Virginia","6/2/20","13","0","54055","0"
"Mineral","1","47","West Virginia","6/2/20","38","9","54057","23.68"
"Mingo","0","7","West Virginia","6/2/20","5","2","54059","40"
"Monongalia","2","137","West Virginia","6/2/20","121","16","54061","13.22"
"Monroe","0","8","West Virginia","6/2/20","7","1","54063","14.29"
"Morgan","0","19","West Virginia","6/2/20","18","1","54065","5.56"
"Nicholas","0","8","West Virginia","6/2/20","10","-2","54067","-20"
"Ohio","0","42","West Virginia","6/2/20","39","3","54069","7.69"
"Pendleton","1","13","West Virginia","6/2/20","9","4","54071","44.44"
"Pleasants","0","4","West Virginia","6/2/20","4","0","54073","0"
"Pocahontas","0","21","West Virginia","6/2/20","24","-3","54075","-12.5"
"Preston","0","24","West Virginia","6/2/20","21","3","54077","14.29"
"Putnam","1","37","West Virginia","6/2/20","32","5","54079","15.62"
"Raleigh","0","16","West Virginia","6/2/20","15","1","54081","6.67"
"Randolph","14","131","West Virginia","6/2/20","36","95","54083","263.89"
"Ritchie","0","1","West Virginia","6/2/20","1","0","54085","0"
"Roane","0","9","West Virginia","6/2/20","8","1","54087","12.5"
"Summers","0","1","West Virginia","6/2/20","2","-1","54089","-50"
"Taylor","0","9","West Virginia","6/2/20","8","1","54091","12.5"
"Tucker","0","4","West Virginia","6/2/20","4","0","54093","0"
"Tyler","0","3","West Virginia","6/2/20","3","0","54095","0"
"Upshur","0","7","West Virginia","6/2/20","7","0","54097","0"
"Wayne","1","102","West Virginia","6/2/20","97","5","54099","5.15"
"Wetzel","0","9","West Virginia","6/2/20","8","1","54103","12.5"
"Wirt","0","4","West Virginia","6/2/20","4","0","54105","0"
"Wood","0","53","West Virginia","6/2/20","51","2","54107","3.92"
"Wyoming","0","2","West Virginia","6/2/20","3","-1","54109","-33.33"
"Adams","0","4","Wisconsin","6/2/20","4","0","55001","0"
"Ashland","0","2","Wisconsin","6/2/20","2","0","55003","0"
"Barron","1","20","Wisconsin","6/2/20","12","8","55005","66.67"
"Bayfield","0","3","Wisconsin","6/2/20","3","0","55007","0"
"Brown","12","2334","Wisconsin","6/2/20","2249","85","55009","3.78"
"Buffalo","0","6","Wisconsin","6/2/20","5","1","55011","20"
"Burnett","0","1","Wisconsin","6/2/20","1","0","55013","0"
"Calumet","1","78","Wisconsin","6/2/20","73","5","55015","6.85"
"Chippewa","0","57","Wisconsin","6/2/20","54","3","55017","5.56"
"Clark","1","33","Wisconsin","6/2/20","28","5","55019","17.86"
"Columbia","1","44","Wisconsin","6/2/20","38","6","55021","15.79"
"Crawford","0","26","Wisconsin","6/2/20","26","0","55023","0"
"Dane","18","759","Wisconsin","6/2/20","630","129","55025","20.48"
"Dodge","9","226","Wisconsin","6/2/20","162","64","55027","39.51"
"Door","0","38","Wisconsin","6/2/20","38","0","55029","0"
"Douglas","0","19","Wisconsin","6/2/20","19","0","55031","0"
"Dunn","0","24","Wisconsin","6/2/20","23","1","55033","4.35"
"Eau Claire","2","114","Wisconsin","6/2/20","100","14","55035","14"
"Florence","0","2","Wisconsin","6/2/20","2","0","55037","0"
"Fond du Lac","5","215","Wisconsin","6/2/20","179","36","55039","20.11"
"Forest","2","28","Wisconsin","6/2/20","12","16","55041","133.33"
"Grant","1","96","Wisconsin","6/2/20","87","9","55043","10.34"
"Green","2","68","Wisconsin","6/2/20","55","13","55045","23.64"
"Green Lake","1","20","Wisconsin","6/2/20","15","5","55047","33.33"
"Iowa","1","16","Wisconsin","6/2/20","12","4","55049","33.33"
"Iron","0","2","Wisconsin","6/2/20","2","0","55051","0"
"Jackson","0","17","Wisconsin","6/2/20","14","3","55053","21.43"
"Jefferson","3","110","Wisconsin","6/2/20","90","20","55055","22.22"
"Juneau","0","22","Wisconsin","6/2/20","22","0","55057","0"
"Kenosha","28","1201","Wisconsin","6/2/20","1008","193","55059","19.15"
"Kewaunee","0","35","Wisconsin","6/2/20","33","2","55061","6.06"
"La Crosse","1","55","Wisconsin","6/2/20","51","4","55063","7.84"
"Lafayette","0","27","Wisconsin","6/2/20","25","2","55065","8"
"Langlade","0","3","Wisconsin","6/2/20","3","0","55067","0"
"Lincoln","0","7","Wisconsin","6/2/20","5","2","55069","40"
"Manitowoc","1","36","Wisconsin","6/2/20","31","5","55071","16.13"
"Marathon","1","52","Wisconsin","6/2/20","42","10","55073","23.81"
"Marinette","0","32","Wisconsin","6/2/20","32","0","55075","0"
"Marquette","0","4","Wisconsin","6/2/20","3","1","55077","33.33"
"Menominee","0","3","Wisconsin","6/2/20","3","0","55078","0"
"Milwaukee","212","8004","Wisconsin","6/2/20","6517","1487","55079","22.82"
"Monroe","0","18","Wisconsin","6/2/20","16","2","55081","12.5"
"Oconto","1","38","Wisconsin","6/2/20","34","4","55083","11.76"
"Oneida","0","9","Wisconsin","6/2/20","7","2","55085","28.57"
"Outagamie","5","232","Wisconsin","6/2/20","196","36","55087","18.37"
"Ozaukee","4","165","Wisconsin","6/2/20","138","27","55089","19.57"
"Pepin","0","1","Wisconsin","6/2/20","1","0","55091","0"
"Pierce","1","47","Wisconsin","6/2/20","43","4","55093","9.3"
"Polk","1","22","Wisconsin","6/2/20","16","6","55095","37.5"
"Portage","1","14","Wisconsin","6/2/20","10","4","55097","40"
"Price","0","2","Wisconsin","6/2/20","2","0","55099","0"
"Racine","52","1762","Wisconsin","6/2/20","1395","367","55101","26.31"
"Richland","0","14","Wisconsin","6/2/20","14","0","55103","0"
"Rock","9","646","Wisconsin","6/2/20","583","63","55105","10.81"
"Rusk","0","5","Wisconsin","6/2/20","4","1","55107","25"
"Sauk","0","79","Wisconsin","6/2/20","77","2","55111","2.6"
"Sawyer","0","8","Wisconsin","6/2/20","7","1","55113","14.29"
"Shawano","2","50","Wisconsin","6/2/20","38","12","55115","31.58"
"Sheboygan","2","95","Wisconsin","6/2/20","83","12","55117","14.46"
"St. Croix","4","95","Wisconsin","6/2/20","70","25","55109","35.71"
"Taylor","0","2","Wisconsin","6/2/20","1","1","55119","100"
"Trempealeau","1","26","Wisconsin","6/2/20","21","5","55121","23.81"
"Vernon","1","21","Wisconsin","6/2/20","17","4","55123","23.53"
"Vilas","0","8","Wisconsin","6/2/20","6","2","55125","33.33"
"Walworth","7","398","Wisconsin","6/2/20","351","47","55127","13.39"
"Washburn","0","2","Wisconsin","6/2/20","2","0","55129","0"
"Washington","7","260","Wisconsin","6/2/20","209","51","55131","24.4"
"Waukesha","21","722","Wisconsin","6/2/20","578","144","55133","24.91"
"Waupaca","3","45","Wisconsin","6/2/20","26","19","55135","73.08"
"Waushara","0","8","Wisconsin","6/2/20","8","0","55137","0"
"Winnebago","11","270","Wisconsin","6/2/20","191","79","55139","41.36"
"Wood","0","10","Wisconsin","6/2/20","9","1","55141","11.11"
"Albany","0","25","Wyoming","6/2/20","23","2","56001","8.7"
"Big Horn","0","6","Wyoming","6/2/20","5","1","56003","20"
"Campbell","0","31","Wyoming","6/2/20","30","1","56005","3.33"
"Carbon","0","16","Wyoming","6/2/20","16","0","56007","0"
"Converse","0","24","Wyoming","6/2/20","24","0","56009","0"
"Crook","0","5","Wyoming","6/2/20","5","0","56011","0"
"Fremont","5","283","Wyoming","6/2/20","250","33","56013","13.2"
"Goshen","0","5","Wyoming","6/2/20","5","0","56015","0"
"Hot Springs","0","12","Wyoming","6/2/20","10","2","56017","20"
"Johnson","0","18","Wyoming","6/2/20","18","0","56019","0"
"Laramie","1","188","Wyoming","6/2/20","183","5","56021","2.73"
"Lincoln","0","15","Wyoming","6/2/20","15","0","56023","0"
"Natrona","1","79","Wyoming","6/2/20","72","7","56025","9.72"
"Niobrara","0","2","Wyoming","6/2/20","2","0","56027","0"
"Park","0","2","Wyoming","6/2/20","2","0","56029","0"
"Platte","0","1","Wyoming","6/2/20","1","0","56031","0"
"Sheridan","0","16","Wyoming","6/2/20","16","0","56033","0"
"Sublette","0","3","Wyoming","6/2/20","3","0","56035","0"
"Sweetwater","1","30","Wyoming","6/2/20","25","5","56037","20"
"Teton","0","100","Wyoming","6/2/20","100","0","56039","0"
"Uinta","0","13","Wyoming","6/2/20","12","1","56041","8.33"
"Washakie","1","37","Wyoming","6/2/20","33","4","56043","12.12"
"Weston","0","1","Wyoming","6/2/20","0","1","56045","1"
