"Locality","DailyAvgNewCasesPast7Days","TotalCases","State","Date","TotalCases7DaysAgo","NewCasesPast7Days","FIPS-Code","PercentIncreaseTotalCasesPast7Days"
"Autauga","12","394","Alabama","6/18/20","312","82","01001","26.28"
"Baldwin","6","386","Alabama","6/18/20","343","43","01003","12.54"
"Barbour","7","262","Alabama","6/18/20","214","48","01005","22.43"
"Bibb","4","118","Alabama","6/18/20","93","25","01007","26.88"
"Blount","6","127","Alabama","6/18/20","87","40","01009","45.98"
"Bullock","9","318","Alabama","6/18/20","253","65","01011","25.69"
"Butler","11","563","Alabama","6/18/20","484","79","01013","16.32"
"Calhoun","3","202","Alabama","6/18/20","184","18","01015","9.78"
"Chambers","10","487","Alabama","6/18/20","417","70","01017","16.79"
"Cherokee","2","53","Alabama","6/18/20","42","11","01019","26.19"
"Chilton","3","145","Alabama","6/18/20","121","24","01021","19.83"
"Choctaw","3","182","Alabama","6/18/20","162","20","01023","12.35"
"Clarke","5","201","Alabama","6/18/20","165","36","01025","21.82"
"Clay","0","30","Alabama","6/18/20","30","0","01027","0"
"Cleburne","0","22","Alabama","6/18/20","20","2","01029","10"
"Coffee","6","300","Alabama","6/18/20","260","40","01031","15.38"
"Colbert","8","284","Alabama","6/18/20","230","54","01033","23.48"
"Conecuh","7","121","Alabama","6/18/20","70","51","01035","72.86"
"Coosa","0","46","Alabama","6/18/20","43","3","01037","6.98"
"Covington","14","198","Alabama","6/18/20","98","100","01039","102.04"
"Crenshaw","2","112","Alabama","6/18/20","99","13","01041","13.13"
"Cullman","10","291","Alabama","6/18/20","220","71","01043","32.27"
"Dale","6","190","Alabama","6/18/20","149","41","01045","27.52"
"Dallas","23","564","Alabama","6/18/20","406","158","01047","38.92"
"DeKalb","10","362","Alabama","6/18/20","291","71","01049","24.4"
"Elmore","19","603","Alabama","6/18/20","471","132","01051","28.03"
"Escambia","4","123","Alabama","6/18/20","93","30","01053","32.26"
"Etowah","10","356","Alabama","6/18/20","287","69","01055","24.04"
"Fayette","4","49","Alabama","6/18/20","23","26","01057","113.04"
"Franklin","15","760","Alabama","6/18/20","652","108","01059","16.56"
"Geneva","0","49","Alabama","6/18/20","46","3","01061","6.52"
"Greene","5","144","Alabama","6/18/20","112","32","01063","28.57"
"Hale","4","248","Alabama","6/18/20","219","29","01065","13.24"
"Henry","2","110","Alabama","6/18/20","94","16","01067","17.02"
"Houston","9","333","Alabama","6/18/20","270","63","01069","23.33"
"Jackson","5","139","Alabama","6/18/20","107","32","01071","29.91"
"Jefferson","65","2708","Alabama","6/18/20","2250","458","01073","20.36"
"Lamar","3","52","Alabama","6/18/20","30","22","01075","73.33"
"Lauderdale","10","280","Alabama","6/18/20","207","73","01077","35.27"
"Lawrence","2","71","Alabama","6/18/20","60","11","01079","18.33"
"Lee","23","784","Alabama","6/18/20","625","159","01081","25.44"
"Limestone","13","255","Alabama","6/18/20","162","93","01083","57.41"
"Lowndes","11","405","Alabama","6/18/20","326","79","01085","24.23"
"Macon","4","136","Alabama","6/18/20","110","26","01087","23.64"
"Madison","28","625","Alabama","6/18/20","428","197","01089","46.03"
"Marengo","5","234","Alabama","6/18/20","200","34","01091","17"
"Marion","5","161","Alabama","6/18/20","129","32","01093","24.81"
"Marshall","30","994","Alabama","6/18/20","786","208","01095","26.46"
"Mobile","34","2834","Alabama","6/18/20","2593","241","01097","9.29"
"Monroe","8","151","Alabama","6/18/20","95","56","01099","58.95"
"Montgomery","89","3059","Alabama","6/18/20","2436","623","01101","25.57"
"Morgan","32","701","Alabama","6/18/20","477","224","01103","46.96"
"Perry","4","84","Alabama","6/18/20","56","28","01105","50"
"Pickens","3","149","Alabama","6/18/20","131","18","01107","13.74"
"Pike","9","344","Alabama","6/18/20","283","61","01109","21.55"
"Randolph","1","142","Alabama","6/18/20","137","5","01111","3.65"
"Russell","11","327","Alabama","6/18/20","250","77","01113","30.8"
"Shelby","19","711","Alabama","6/18/20","580","131","01117","22.59"
"St. Clair","4","182","Alabama","6/18/20","153","29","01115","18.95"
"Sumter","2","266","Alabama","6/18/20","253","13","01119","5.14"
"Talladega","3","168","Alabama","6/18/20","146","22","01121","15.07"
"Tallapoosa","6","498","Alabama","6/18/20","454","44","01123","9.69"
"Tuscaloosa","57","1467","Alabama","6/18/20","1070","397","01125","37.1"
"Walker","20","642","Alabama","6/18/20","500","142","01127","28.4"
"Washington","1","91","Alabama","6/18/20","84","7","01129","8.33"
"Wilcox","7","238","Alabama","6/18/20","190","48","01131","25.26"
"Winston","8","165","Alabama","6/18/20","106","59","01133","55.66"
"Anchorage","4","332","Alaska","6/18/20","301","31","02020","10.3"
"Bethel","0","5","Alaska","6/18/20","3","2","02050","66.67"
"Fairbanks North Star","3","106","Alaska","6/18/20","88","18","02090","20.45"
"Haines","0","1","Alaska","6/18/20","1","0","02100","0"
"Juneau","0","39","Alaska","6/18/20","37","2","02110","5.41"
"Kenai Peninsula","3","116","Alaska","6/18/20","97","19","02122","19.59"
"Ketchikan Gateway","1","21","Alaska","6/18/20","16","5","02130","31.25"
"Kodiak Island","0","3","Alaska","6/18/20","2","1","02150","50"
"Matanuska-Susitna","2","51","Alaska","6/18/20","39","12","02170","30.77"
"Nome","0","5","Alaska","6/18/20","4","1","02180","25"
"North Slope","0","2","Alaska","6/18/20","1","1","02185","100"
"Northwest Arctic","0","4","Alaska","6/18/20","4","0","02188","0"
"Petersburg","0","4","Alaska","6/18/20","4","0","02195","0"
"Prince of Wales-Hyder","0","2","Alaska","6/18/20","2","0","02198","0"
"Sitka","1","9","Alaska","6/18/20","5","4","02220","80"
"Southeast Fairbanks","0","3","Alaska","6/18/20","3","0","02240","0"
"Wrangell","0","3","Alaska","6/18/20","1","2","02275","200"
"Yukon-Koyukuk","0","1","Alaska","6/18/20","1","0","02290","0"
"Apache","25","2059","Arizona","6/18/20","1887","172","04001","9.11"
"Cochise","14","267","Arizona","6/18/20","171","96","04003","56.14"
"Coconino","17","1439","Arizona","6/18/20","1317","122","04005","9.26"
"Gila","9","115","Arizona","6/18/20","49","66","04007","134.69"
"Graham","1","58","Arizona","6/18/20","48","10","04009","20.83"
"Greenlee","0","13","Arizona","6/18/20","12","1","04011","8.33"
"La Paz","5","245","Arizona","6/18/20","211","34","04012","16.11"
"Maricopa","1123","23880","Arizona","6/18/20","16018","7862","04013","49.08"
"Mohave","16","676","Arizona","6/18/20","563","113","04015","20.07"
"Navajo","56","2874","Arizona","6/18/20","2479","395","04017","15.93"
"Pima","172","4682","Arizona","6/18/20","3479","1203","04019","34.58"
"Pinal","87","1888","Arizona","6/18/20","1281","607","04021","47.38"
"Santa Cruz","58","1210","Arizona","6/18/20","805","405","04023","50.31"
"Yavapai","6","402","Arizona","6/18/20","359","43","04025","11.98"
"Yuma","150","3637","Arizona","6/18/20","2588","1049","04027","40.53"
"Arkansas","1","16","Arkansas","6/18/20","7","9","05001","128.57"
"Ashley","2","51","Arkansas","6/18/20","35","16","05003","45.71"
"Baxter","0","14","Arkansas","6/18/20","14","0","05005","0"
"Benton","63","1657","Arkansas","6/18/20","1219","438","05007","35.93"
"Boone","0","10","Arkansas","6/18/20","7","3","05009","42.86"
"Bradley","0","35","Arkansas","6/18/20","34","1","05011","2.94"
"Carroll","6","100","Arkansas","6/18/20","56","44","05015","78.57"
"Chicot","5","66","Arkansas","6/18/20","32","34","05017","106.25"
"Clark","1","50","Arkansas","6/18/20","43","7","05019","16.28"
"Clay","2","24","Arkansas","6/18/20","9","15","05021","166.67"
"Cleburne","0","76","Arkansas","6/18/20","74","2","05023","2.7"
"Cleveland","0","20","Arkansas","6/18/20","19","1","05025","5.26"
"Columbia","0","29","Arkansas","6/18/20","27","2","05027","7.41"
"Conway","1","25","Arkansas","6/18/20","16","9","05029","56.25"
"Craighead","5","372","Arkansas","6/18/20","337","35","05031","10.39"
"Crawford","4","75","Arkansas","6/18/20","47","28","05033","59.57"
"Crittenden","9","562","Arkansas","6/18/20","500","62","05035","12.4"
"Cross","1","81","Arkansas","6/18/20","72","9","05037","12.5"
"Dallas","0","4","Arkansas","6/18/20","3","1","05039","33.33"
"Desha","1","25","Arkansas","6/18/20","20","5","05041","25"
"Drew","1","29","Arkansas","6/18/20","25","4","05043","16"
"Faulkner","10","205","Arkansas","6/18/20","136","69","05045","50.74"
"Franklin","0","9","Arkansas","6/18/20","6","3","05047","50"
"Fulton","0","9","Arkansas","6/18/20","8","1","05049","12.5"
"Garland","2","170","Arkansas","6/18/20","154","16","05051","10.39"
"Grant","0","24","Arkansas","6/18/20","22","2","05053","9.09"
"Greene","1","78","Arkansas","6/18/20","68","10","05055","14.71"
"Hempstead","1","41","Arkansas","6/18/20","33","8","05057","24.24"
"Hot Spring","1","46","Arkansas","6/18/20","37","9","05059","24.32"
"Howard","1","47","Arkansas","6/18/20","38","9","05061","23.68"
"Independence","1","43","Arkansas","6/18/20","37","6","05063","16.22"
"Izard","0","20","Arkansas","6/18/20","17","3","05065","17.65"
"Jackson","1","20","Arkansas","6/18/20","14","6","05067","42.86"
"Jefferson","8","637","Arkansas","6/18/20","578","59","05069","10.21"
"Johnson","5","107","Arkansas","6/18/20","75","32","05071","42.67"
"Lafayette","0","12","Arkansas","6/18/20","10","2","05073","20"
"Lawrence","0","92","Arkansas","6/18/20","89","3","05075","3.37"
"Lee","64","571","Arkansas","6/18/20","120","451","05077","375.83"
"Lincoln","1","995","Arkansas","6/18/20","986","9","05079","0.91"
"Little River","0","34","Arkansas","6/18/20","33","1","05081","3.03"
"Logan","1","21","Arkansas","6/18/20","15","6","05083","40"
"Lonoke","2","80","Arkansas","6/18/20","67","13","05085","19.4"
"Madison","9","128","Arkansas","6/18/20","67","61","05087","91.04"
"Marion","0","2","Arkansas","6/18/20","2","0","05089","0"
"Miller","2","77","Arkansas","6/18/20","64","13","05091","20.31"
"Mississippi","3","105","Arkansas","6/18/20","86","19","05093","22.09"
"Monroe","0","7","Arkansas","6/18/20","5","2","05095","40"
"Montgomery","0","2","Arkansas","6/18/20","2","0","05097","0"
"Nevada","2","87","Arkansas","6/18/20","71","16","05099","22.54"
"Newton","0","3","Arkansas","6/18/20","3","0","05101","0"
"Ouachita","1","17","Arkansas","6/18/20","12","5","05103","41.67"
"Perry","0","17","Arkansas","6/18/20","15","2","05105","13.33"
"Phillips","5","64","Arkansas","6/18/20","31","33","05107","106.45"
"Pike","0","7","Arkansas","6/18/20","6","1","05109","16.67"
"Poinsett","1","52","Arkansas","6/18/20","46","6","05111","13.04"
"Polk","2","60","Arkansas","6/18/20","48","12","05113","25"
"Pope","10","301","Arkansas","6/18/20","232","69","05115","29.74"
"Prairie","1","12","Arkansas","6/18/20","5","7","05117","140"
"Pulaski","24","1394","Arkansas","6/18/20","1225","169","05119","13.8"
"Randolph","0","29","Arkansas","6/18/20","28","1","05121","3.57"
"Saline","4","190","Arkansas","6/18/20","163","27","05125","16.56"
"Scott","1","6","Arkansas","6/18/20","2","4","05127","200"
"Searcy","0","7","Arkansas","6/18/20","7","0","05129","0"
"Sebastian","12","193","Arkansas","6/18/20","109","84","05131","77.06"
"Sevier","17","506","Arkansas","6/18/20","387","119","05133","30.75"
"Sharp","0","50","Arkansas","6/18/20","50","0","05135","0"
"St. Francis","2","781","Arkansas","6/18/20","768","13","05123","1.69"
"Stone","0","11","Arkansas","6/18/20","11","0","05137","0"
"Union","3","218","Arkansas","6/18/20","194","24","05139","12.37"
"Van Buren","0","30","Arkansas","6/18/20","30","0","05141","0"
"Washington","107","2141","Arkansas","6/18/20","1389","752","05143","54.14"
"White","2","69","Arkansas","6/18/20","55","14","05145","25.45"
"Woodruff","1","5","Arkansas","6/18/20","1","4","05147","400"
"Yell","11","340","Arkansas","6/18/20","261","79","05149","30.27"
"Alameda","58","4638","California","6/18/20","4232","406","06001","9.59"
"Alpine","0","2","California","6/18/20","2","0","06003","0"
"Amador","0","12","California","6/18/20","10","2","06005","20"
"Butte","2","90","California","6/18/20","73","17","06007","23.29"
"Calaveras","0","26","California","6/18/20","25","1","06009","4"
"Colusa","0","7","California","6/18/20","7","0","06011","0"
"Contra Costa","40","2111","California","6/18/20","1829","282","06013","15.42"
"Del Norte","0","48","California","6/18/20","47","1","06015","2.13"
"El Dorado","2","125","California","6/18/20","111","14","06017","12.61"
"Fresno","95","3058","California","6/18/20","2395","663","06019","27.68"
"Glenn","3","42","California","6/18/20","23","19","06021","82.61"
"Humboldt","0","108","California","6/18/20","105","3","06023","2.86"
"Imperial","179","4659","California","6/18/20","3405","1254","06025","36.83"
"Inyo","0","24","California","6/18/20","22","2","06027","9.09"
"Kern","82","3590","California","6/18/20","3016","574","06029","19.03"
"Kings","41","1976","California","6/18/20","1688","288","06031","17.06"
"Lake","0","34","California","6/18/20","31","3","06033","9.68"
"Lassen","0","9","California","6/18/20","9","0","06035","0"
"Los Angeles","1341","78348","California","6/18/20","68959","9389","06037","13.62"
"Madera","15","295","California","6/18/20","188","107","06039","56.91"
"Marin","30","861","California","6/18/20","651","210","06041","32.26"
"Mariposa","0","18","California","6/18/20","16","2","06043","12.5"
"Mendocino","3","54","California","6/18/20","36","18","06045","50"
"Merced","21","538","California","6/18/20","391","147","06047","37.6"
"Mono","0","37","California","6/18/20","37","0","06051","0"
"Monterey","44","1121","California","6/18/20","814","307","06053","37.71"
"Napa","6","206","California","6/18/20","163","43","06055","26.38"
"Nevada","3","71","California","6/18/20","52","19","06057","36.54"
"Orange","186","9292","California","6/18/20","7987","1305","06059","16.34"
"Placer","19","460","California","6/18/20","327","133","06061","40.67"
"Plumas","0","6","California","6/18/20","4","2","06063","50"
"Riverside","318","12467","California","6/18/20","10240","2227","06065","21.75"
"Sacramento","39","1940","California","6/18/20","1670","270","06067","16.17"
"San Benito","6","153","California","6/18/20","109","44","06069","40.37"
"San Bernardino","245","8454","California","6/18/20","6742","1712","06071","25.39"
"San Diego","156","10092","California","6/18/20","8998","1094","06073","12.16"
"San Francisco","26","3020","California","6/18/20","2840","180","06075","6.34"
"San Joaquin","77","1927","California","6/18/20","1388","539","06077","38.83"
"San Luis Obispo","10","389","California","6/18/20","317","72","06079","22.71"
"San Mateo","26","2678","California","6/18/20","2494","184","06081","7.38"
"Santa Barbara","49","2253","California","6/18/20","1910","343","06083","17.96"
"Santa Clara","43","3363","California","6/18/20","3063","300","06085","9.79"
"Santa Cruz","3","273","California","6/18/20","249","24","06087","9.64"
"Shasta","2","62","California","6/18/20","48","14","06089","29.17"
"Sierra","0","1","California","6/18/20","1","0","06091","0"
"Siskiyou","1","21","California","6/18/20","14","7","06093","50"
"Solano","24","811","California","6/18/20","643","168","06095","26.13"
"Sonoma","18","803","California","6/18/20","680","123","06097","18.09"
"Stanislaus","36","1322","California","6/18/20","1072","250","06099","23.32"
"Sutter","4","97","California","6/18/20","69","28","06101","40.58"
"Tehama","3","32","California","6/18/20","12","20","06103","166.67"
"Trinity","0","2","California","6/18/20","2","0","06105","0"
"Tulare","76","3004","California","6/18/20","2475","529","06107","21.37"
"Tuolumne","0","9","California","6/18/20","8","1","06109","12.5"
"Ventura","43","1706","California","6/18/20","1404","302","06111","21.51"
"Yolo","9","302","California","6/18/20","240","62","06113","25.83"
"Yuba","1","39","California","6/18/20","34","5","06115","14.71"
"Adams","22","3819","Colorado","6/18/20","3663","156","08001","4.26"
"Alamosa","4","140","Colorado","6/18/20","112","28","08003","25"
"Arapahoe","23","4885","Colorado","6/18/20","4723","162","08005","3.43"
"Archuleta","0","8","Colorado","6/18/20","8","0","08007","0"
"Baca","0","12","Colorado","6/18/20","12","0","08009","0"
"Bent","0","3","Colorado","6/18/20","3","0","08011","0"
"Boulder","19","1173","Colorado","6/18/20","1040","133","08013","12.79"
"Broomfield","2","271","Colorado","6/18/20","259","12","08014","4.63"
"Chaffee","0","78","Colorado","6/18/20","78","0","08015","0"
"Cheyenne","0","5","Colorado","6/18/20","5","0","08017","0"
"Clear Creek","0","18","Colorado","6/18/20","17","1","08019","5.88"
"Conejos","0","7","Colorado","6/18/20","5","2","08021","40"
"Costilla","1","17","Colorado","6/18/20","12","5","08023","41.67"
"Crowley","0","68","Colorado","6/18/20","66","2","08025","3.03"
"Custer","0","2","Colorado","6/18/20","2","0","08027","0"
"Delta","1","80","Colorado","6/18/20","76","4","08029","5.26"
"Denver","37","6493","Colorado","6/18/20","6232","261","08031","4.19"
"Douglas","7","825","Colorado","6/18/20","779","46","08035","5.91"
"Eagle","2","633","Colorado","6/18/20","617","16","08037","2.59"
"El Paso","17","2024","Colorado","6/18/20","1907","117","08041","6.14"
"Elbert","0","54","Colorado","6/18/20","54","0","08039","0"
"Fremont","1","30","Colorado","6/18/20","26","4","08043","15.38"
"Garfield","4","205","Colorado","6/18/20","176","29","08045","16.48"
"Gilpin","0","6","Colorado","6/18/20","5","1","08047","20"
"Grand","0","17","Colorado","6/18/20","15","2","08049","13.33"
"Gunnison","0","181","Colorado","6/18/20","181","0","08051","0"
"Hinsdale","0","3","Colorado","6/18/20","3","0","08053","0"
"Huerfano","0","3","Colorado","6/18/20","3","0","08055","0"
"Jefferson","10","2508","Colorado","6/18/20","2436","72","08059","2.96"
"Kit Carson","0","31","Colorado","6/18/20","30","1","08063","3.33"
"La Plata","0","86","Colorado","6/18/20","84","2","08067","2.38"
"Lake","1","42","Colorado","6/18/20","38","4","08065","10.53"
"Larimer","4","661","Colorado","6/18/20","635","26","08069","4.09"
"Las Animas","0","7","Colorado","6/18/20","6","1","08071","16.67"
"Lincoln","0","3","Colorado","6/18/20","3","0","08073","0"
"Logan","0","634","Colorado","6/18/20","632","2","08075","0.32"
"Mesa","2","77","Colorado","6/18/20","65","12","08077","18.46"
"Mineral","0","2","Colorado","6/18/20","2","0","08079","0"
"Moffat","0","9","Colorado","6/18/20","8","1","08081","12.5"
"Montezuma","1","66","Colorado","6/18/20","58","8","08083","13.79"
"Montrose","1","198","Colorado","6/18/20","191","7","08085","3.66"
"Morgan","0","647","Colorado","6/18/20","645","2","08087","0.31"
"Otero","0","22","Colorado","6/18/20","22","0","08089","0"
"Ouray","0","9","Colorado","6/18/20","8","1","08091","12.5"
"Park","0","23","Colorado","6/18/20","23","0","08093","0"
"Phillips","0","15","Colorado","6/18/20","15","0","08095","0"
"Pitkin","2","78","Colorado","6/18/20","64","14","08097","21.88"
"Prowers","0","16","Colorado","6/18/20","17","-1","08099","-5.88"
"Pueblo","4","351","Colorado","6/18/20","326","25","08101","7.67"
"Rio Blanco","0","2","Colorado","6/18/20","1","1","08103","100"
"Rio Grande","1","57","Colorado","6/18/20","51","6","08105","11.76"
"Routt","0","63","Colorado","6/18/20","64","-1","08107","-1.56"
"Saguache","0","98","Colorado","6/18/20","95","3","08109","3.16"
"San Juan","0","1","Colorado","6/18/20","1","0","08111","0"
"San Miguel","1","28","Colorado","6/18/20","23","5","08113","21.74"
"Summit","1","262","Colorado","6/18/20","253","9","08117","3.56"
"Teller","0","39","Colorado","6/18/20","37","2","08119","5.41"
"Washington","0","44","Colorado","6/18/20","44","0","08121","0"
"Weld","10","2698","Colorado","6/18/20","2629","69","08123","2.62"
"Yuma","0","49","Colorado","6/18/20","47","2","08125","4.26"
"Fairfield","35","16398","Connecticut","6/18/20","16155","243","09001","1.5"
"Hartford","51","11322","Connecticut","6/18/20","10967","355","09003","3.24"
"Litchfield","2","1447","Connecticut","6/18/20","1435","12","09005","0.84"
"Middlesex","5","1246","Connecticut","6/18/20","1210","36","09007","2.98"
"New Haven","25","12105","Connecticut","6/18/20","11930","175","09009","1.47"
"New London","20","1288","Connecticut","6/18/20","1147","141","09011","12.29"
"Tolland","1","892","Connecticut","6/18/20","883","9","09013","1.02"
"Windham","4","472","Connecticut","6/18/20","441","31","09015","7.03"
"Kent","6","1584","Delaware","6/18/20","1543","41","10001","2.66"
"New Castle","43","4470","Delaware","6/18/20","4171","299","10003","7.17"
"Sussex","7","4431","Delaware","6/18/20","4379","52","10005","1.19"
"","0","49","Diamond Princess","6/18/20","49","0",,"0"
"District of Columbia","45","9903","District of Columbia","6/18/20","9589","314","11001","3.27"
"Alachua","22","600","Florida","6/18/20","443","157","12001","35.44"
"Baker","1","35","Florida","6/18/20","29","6","12003","20.69"
"Bay","5","167","Florida","6/18/20","135","32","12005","23.7"
"Bradford","1","56","Florida","6/18/20","52","4","12007","7.69"
"Brevard","26","688","Florida","6/18/20","506","182","12009","35.97"
"Broward","253","10111","Florida","6/18/20","8337","1774","12011","21.28"
"Calhoun","0","65","Florida","6/18/20","64","1","12013","1.56"
"Charlotte","5","553","Florida","6/18/20","515","38","12015","7.38"
"Citrus","4","162","Florida","6/18/20","132","30","12017","22.73"
"Clay","4","456","Florida","6/18/20","427","29","12019","6.79"
"Collier","85","2883","Florida","6/18/20","2291","592","12021","25.84"
"Columbia","4","205","Florida","6/18/20","177","28","12023","15.82"
"DeSoto","15","412","Florida","6/18/20","304","108","12027","35.53"
"Dixie","0","60","Florida","6/18/20","60","0","12029","0"
"Duval","59","2309","Florida","6/18/20","1893","416","12031","21.98"
"Escambia","21","1089","Florida","6/18/20","944","145","12033","15.36"
"Flagler","2","216","Florida","6/18/20","201","15","12035","7.46"
"Franklin","0","2","Florida","6/18/20","2","0","12037","0"
"Gadsden","2","316","Florida","6/18/20","300","16","12039","5.33"
"Gilchrist","8","74","Florida","6/18/20","20","54","12041","270"
"Glades","2","121","Florida","6/18/20","107","14","12043","13.08"
"Gulf","0","11","Florida","6/18/20","8","3","12045","37.5"
"Hamilton","2","281","Florida","6/18/20","268","13","12047","4.85"
"Hardee","9","228","Florida","6/18/20","164","64","12049","39.02"
"Hendry","16","700","Florida","6/18/20","590","110","12051","18.64"
"Hernando","3","151","Florida","6/18/20","130","21","12053","16.15"
"Highlands","6","200","Florida","6/18/20","160","40","12055","25"
"Hillsborough","205","4610","Florida","6/18/20","3174","1436","12057","45.24"
"Holmes","0","33","Florida","6/18/20","31","2","12059","6.45"
"Indian River","15","284","Florida","6/18/20","177","107","12061","60.45"
"Jackson","2","327","Florida","6/18/20","315","12","12063","3.81"
"Jefferson","1","36","Florida","6/18/20","31","5","12065","16.13"
"Lafayette","1","16","Florida","6/18/20","12","4","12067","33.33"
"Lake","33","583","Florida","6/18/20","355","228","12069","64.23"
"Lee","122","3354","Florida","6/18/20","2500","854","12071","34.16"
"Leon","6","495","Florida","6/18/20","456","39","12073","8.55"
"Levy","5","132","Florida","6/18/20","95","37","12075","38.95"
"Liberty","0","220","Florida","6/18/20","218","2","12077","0.92"
"Madison","3","93","Florida","6/18/20","75","18","12079","24"
"Manatee","42","1548","Florida","6/18/20","1253","295","12081","23.54"
"Marion","8","345","Florida","6/18/20","292","53","12083","18.15"
"Martin","43","1324","Florida","6/18/20","1020","304","12085","29.8"
"Miami-Dade","472","23854","Florida","6/18/20","20548","3306","12086","16.09"
"Monroe","4","146","Florida","6/18/20","120","26","12087","21.67"
"Nassau","2","97","Florida","6/18/20","86","11","12089","12.79"
"Okaloosa","10","366","Florida","6/18/20","294","72","12091","24.49"
"Okeechobee","8","207","Florida","6/18/20","154","53","12093","34.42"
"Orange","175","3900","Florida","6/18/20","2678","1222","12095","45.63"
"Osceola","20","926","Florida","6/18/20","785","141","12097","17.96"
"Palm Beach","281","9854","Florida","6/18/20","7887","1967","12099","24.94"
"Pasco","22","627","Florida","6/18/20","473","154","12101","32.56"
"Pinellas","146","2887","Florida","6/18/20","1862","1025","12103","55.05"
"Polk","54","1702","Florida","6/18/20","1325","377","12105","28.45"
"Putnam","4","209","Florida","6/18/20","181","28","12107","15.47"
"Santa Rosa","7","319","Florida","6/18/20","273","46","12113","16.85"
"Sarasota","17","833","Florida","6/18/20","716","117","12115","16.34"
"Seminole","51","976","Florida","6/18/20","621","355","12117","57.17"
"St. Johns","11","365","Florida","6/18/20","287","78","12109","27.18"
"St. Lucie","42","1057","Florida","6/18/20","760","297","12111","39.08"
"Sumter","1","270","Florida","6/18/20","265","5","12119","1.89"
"Suwannee","6","224","Florida","6/18/20","182","42","12121","23.08"
"Taylor","2","62","Florida","6/18/20","51","11","12123","21.57"
"Union","0","38","Florida","6/18/20","38","0","12125","0"
"Volusia","28","1057","Florida","6/18/20","860","197","12127","22.91"
"Wakulla","0","37","Florida","6/18/20","35","2","12129","5.71"
"Walton","2","157","Florida","6/18/20","142","15","12131","10.56"
"Washington","1","95","Florida","6/18/20","87","8","12133","9.2"
"Appling","1","208","Georgia","6/18/20","200","8","13001","4"
"Atkinson","2","83","Georgia","6/18/20","71","12","13003","16.9"
"Bacon","3","186","Georgia","6/18/20","164","22","13005","13.41"
"Baker","0","36","Georgia","6/18/20","37","-1","13007","-2.7"
"Baldwin","3","433","Georgia","6/18/20","414","19","13009","4.59"
"Banks","1","111","Georgia","6/18/20","103","8","13011","7.77"
"Barrow","5","409","Georgia","6/18/20","377","32","13013","8.49"
"Bartow","6","573","Georgia","6/18/20","532","41","13015","7.71"
"Ben Hill","2","113","Georgia","6/18/20","96","17","13017","17.71"
"Berrien","3","83","Georgia","6/18/20","59","24","13019","40.68"
"Bibb","8","583","Georgia","6/18/20","525","58","13021","11.05"
"Bleckley","0","53","Georgia","6/18/20","54","-1","13023","-1.85"
"Brantley","1","72","Georgia","6/18/20","64","8","13025","12.5"
"Brooks","2","106","Georgia","6/18/20","91","15","13027","16.48"
"Bryan","1","90","Georgia","6/18/20","83","7","13029","8.43"
"Bulloch","5","119","Georgia","6/18/20","87","32","13031","36.78"
"Burke","0","128","Georgia","6/18/20","125","3","13033","2.4"
"Butts","-1","248","Georgia","6/18/20","255","-7","13035","-2.75"
"Calhoun","1","154","Georgia","6/18/20","145","9","13037","6.21"
"Camden","1","76","Georgia","6/18/20","70","6","13039","8.57"
"Candler","0","19","Georgia","6/18/20","17","2","13043","11.76"
"Carroll","4","621","Georgia","6/18/20","593","28","13045","4.72"
"Catoosa","10","256","Georgia","6/18/20","184","72","13047","39.13"
"Charlton","0","36","Georgia","6/18/20","37","-1","13049","-2.7"
"Chatham","14","685","Georgia","6/18/20","584","101","13051","17.29"
"Chattahoochee","10","305","Georgia","6/18/20","232","73","13053","31.47"
"Chattooga","2","46","Georgia","6/18/20","30","16","13055","53.33"
"Cherokee","9","1064","Georgia","6/18/20","1000","64","13057","6.4"
"Clarke","4","363","Georgia","6/18/20","332","31","13059","9.34"
"Clay","1","55","Georgia","6/18/20","51","4","13061","7.84"
"Clayton","17","1518","Georgia","6/18/20","1399","119","13063","8.51"
"Clinch","1","83","Georgia","6/18/20","73","10","13065","13.7"
"Cobb","40","3751","Georgia","6/18/20","3471","280","13067","8.07"
"Coffee","8","380","Georgia","6/18/20","321","59","13069","18.38"
"Colquitt","14","713","Georgia","6/18/20","615","98","13071","15.93"
"Columbia","6","329","Georgia","6/18/20","290","39","13073","13.45"
"Cook","3","86","Georgia","6/18/20","62","24","13075","38.71"
"Coweta","7","538","Georgia","6/18/20","488","50","13077","10.25"
"Crawford","0","32","Georgia","6/18/20","31","1","13079","3.23"
"Crisp","2","255","Georgia","6/18/20","240","15","13081","6.25"
"Dade","1","54","Georgia","6/18/20","45","9","13083","20"
"Dawson","1","123","Georgia","6/18/20","118","5","13085","4.24"
"Decatur","3","239","Georgia","6/18/20","219","20","13087","9.13"
"DeKalb","45","4541","Georgia","6/18/20","4229","312","13089","7.38"
"Dodge","1","62","Georgia","6/18/20","53","9","13091","16.98"
"Dooly","0","194","Georgia","6/18/20","196","-2","13093","-1.02"
"Dougherty","1","1836","Georgia","6/18/20","1827","9","13095","0.49"
"Douglas","9","698","Georgia","6/18/20","634","64","13097","10.09"
"Early","0","252","Georgia","6/18/20","254","-2","13099","-0.79"
"Echols","2","165","Georgia","6/18/20","153","12","13101","7.84"
"Effingham","1","91","Georgia","6/18/20","84","7","13103","8.33"
"Elbert","1","88","Georgia","6/18/20","83","5","13105","6.02"
"Emanuel","2","52","Georgia","6/18/20","36","16","13107","44.44"
"Evans","1","12","Georgia","6/18/20","7","5","13109","71.43"
"Fannin","1","73","Georgia","6/18/20","63","10","13111","15.87"
"Fayette","2","271","Georgia","6/18/20","258","13","13113","5.04"
"Floyd","4","387","Georgia","6/18/20","356","31","13115","8.71"
"Forsyth","7","627","Georgia","6/18/20","579","48","13117","8.29"
"Franklin","2","146","Georgia","6/18/20","134","12","13119","8.96"
"Fulton","42","5325","Georgia","6/18/20","5031","294","13121","5.84"
"Gilmer","1","175","Georgia","6/18/20","167","8","13123","4.79"
"Glascock","0","2","Georgia","6/18/20","1","1","13125","100"
"Glynn","6","214","Georgia","6/18/20","172","42","13127","24.42"
"Gordon","6","273","Georgia","6/18/20","234","39","13129","16.67"
"Grady","3","153","Georgia","6/18/20","133","20","13131","15.04"
"Greene","0","87","Georgia","6/18/20","86","1","13133","1.16"
"Gwinnett","110","5753","Georgia","6/18/20","4980","773","13135","15.52"
"Habersham","7","624","Georgia","6/18/20","576","48","13137","8.33"
"Hall","25","2874","Georgia","6/18/20","2699","175","13139","6.48"
"Hancock","0","203","Georgia","6/18/20","201","2","13141","1"
"Haralson","1","62","Georgia","6/18/20","56","6","13143","10.71"
"Harris","7","232","Georgia","6/18/20","185","47","13145","25.41"
"Hart","1","46","Georgia","6/18/20","39","7","13147","17.95"
"Heard","1","45","Georgia","6/18/20","41","4","13149","9.76"
"Henry","14","905","Georgia","6/18/20","810","95","13151","11.73"
"Houston","9","479","Georgia","6/18/20","415","64","13153","15.42"
"Irwin","1","42","Georgia","6/18/20","34","8","13155","23.53"
"Jackson","5","283","Georgia","6/18/20","247","36","13157","14.57"
"Jasper","1","61","Georgia","6/18/20","55","6","13159","10.91"
"Jeff Davis","2","66","Georgia","6/18/20","51","15","13161","29.41"
"Jefferson","2","63","Georgia","6/18/20","52","11","13163","21.15"
"Jenkins","3","62","Georgia","6/18/20","44","18","13165","40.91"
"Johnson","-1","78","Georgia","6/18/20","83","-5","13167","-6.02"
"Jones","0","51","Georgia","6/18/20","50","1","13169","2"
"Lamar","1","85","Georgia","6/18/20","79","6","13171","7.59"
"Lanier","10","108","Georgia","6/18/20","36","72","13173","200"
"Laurens","1","125","Georgia","6/18/20","116","9","13175","7.76"
"Lee","1","374","Georgia","6/18/20","370","4","13177","1.08"
"Liberty","2","98","Georgia","6/18/20","86","12","13179","13.95"
"Lincoln","0","18","Georgia","6/18/20","17","1","13181","5.88"
"Long","1","27","Georgia","6/18/20","19","8","13183","42.11"
"Lowndes","40","813","Georgia","6/18/20","531","282","13185","53.11"
"Lumpkin","1","116","Georgia","6/18/20","106","10","13187","9.43"
"Macon","1","112","Georgia","6/18/20","106","6","13193","5.66"
"Madison","1","75","Georgia","6/18/20","68","7","13195","10.29"
"Marion","1","68","Georgia","6/18/20","61","7","13197","11.48"
"McDuffie","0","76","Georgia","6/18/20","73","3","13189","4.11"
"McIntosh","1","20","Georgia","6/18/20","16","4","13191","25"
"Meriwether","3","139","Georgia","6/18/20","119","20","13199","16.81"
"Miller","0","45","Georgia","6/18/20","45","0","13201","0"
"Mitchell","1","432","Georgia","6/18/20","427","5","13205","1.17"
"Monroe","1","135","Georgia","6/18/20","126","9","13207","7.14"
"Montgomery","1","24","Georgia","6/18/20","19","5","13209","26.32"
"Morgan","0","42","Georgia","6/18/20","40","2","13211","5"
"Murray","4","155","Georgia","6/18/20","127","28","13213","22.05"
"Muscogee","28","1113","Georgia","6/18/20","919","194","13215","21.11"
"Newton","6","452","Georgia","6/18/20","407","45","13217","11.06"
"Oconee","0","131","Georgia","6/18/20","129","2","13219","1.55"
"Oglethorpe","1","77","Georgia","6/18/20","71","6","13221","8.45"
"Out of GA","33","2872","Georgia","6/18/20","2641","231","80013","8.75"
"Paulding","6","437","Georgia","6/18/20","397","40","13223","10.08"
"Peach","2","92","Georgia","6/18/20","80","12","13225","15"
"Pickens","2","75","Georgia","6/18/20","59","16","13227","27.12"
"Pierce","1","132","Georgia","6/18/20","125","7","13229","5.6"
"Pike","2","76","Georgia","6/18/20","65","11","13231","16.92"
"Polk","3","175","Georgia","6/18/20","157","18","13233","11.46"
"Pulaski","0","46","Georgia","6/18/20","46","0","13235","0"
"Putnam","1","112","Georgia","6/18/20","104","8","13237","7.69"
"Quitman","0","15","Georgia","6/18/20","15","0","13239","0"
"Rabun","0","33","Georgia","6/18/20","30","3","13241","10"
"Randolph","1","193","Georgia","6/18/20","188","5","13243","2.66"
"Richmond","8","711","Georgia","6/18/20","658","53","13245","8.05"
"Rockdale","3","353","Georgia","6/18/20","329","24","13247","7.29"
"Schley","0","20","Georgia","6/18/20","18","2","13249","11.11"
"Screven","2","71","Georgia","6/18/20","60","11","13251","18.33"
"Seminole","0","48","Georgia","6/18/20","47","1","13253","2.13"
"Spalding","4","336","Georgia","6/18/20","308","28","13255","9.09"
"Stephens","2","160","Georgia","6/18/20","148","12","13257","8.11"
"Stewart","2","71","Georgia","6/18/20","60","11","13259","18.33"
"Sumter","4","529","Georgia","6/18/20","502","27","13261","5.38"
"Talbot","1","53","Georgia","6/18/20","45","8","13263","17.78"
"Taliaferro","0","2","Georgia","6/18/20","1","1","13265","100"
"Tattnall","5","69","Georgia","6/18/20","37","32","13267","86.49"
"Taylor","0","27","Georgia","6/18/20","25","2","13269","8"
"Telfair","2","61","Georgia","6/18/20","45","16","13271","35.56"
"Terrell","0","217","Georgia","6/18/20","218","-1","13273","-0.46"
"Thomas","1","366","Georgia","6/18/20","358","8","13275","2.23"
"Tift","15","462","Georgia","6/18/20","357","105","13277","29.41"
"Toombs","7","137","Georgia","6/18/20","91","46","13279","50.55"
"Towns","0","35","Georgia","6/18/20","32","3","13281","9.38"
"Treutlen","0","17","Georgia","6/18/20","17","0","13283","0"
"Troup","36","863","Georgia","6/18/20","613","250","13285","40.78"
"Turner","2","161","Georgia","6/18/20","145","16","13287","11.03"
"Twiggs","0","22","Georgia","6/18/20","20","2","13289","10"
"Union","0","56","Georgia","6/18/20","53","3","13291","5.66"
"Upson","2","309","Georgia","6/18/20","295","14","13293","4.75"
"Walker","8","269","Georgia","6/18/20","211","58","13295","27.49"
"Walton","3","340","Georgia","6/18/20","317","23","13297","7.26"
"Ware","7","301","Georgia","6/18/20","254","47","13299","18.5"
"Warren","0","19","Georgia","6/18/20","19","0","13301","0"
"Washington","0","77","Georgia","6/18/20","75","2","13303","2.67"
"Wayne","2","44","Georgia","6/18/20","33","11","13305","33.33"
"Webster","0","17","Georgia","6/18/20","14","3","13307","21.43"
"Wheeler","3","33","Georgia","6/18/20","15","18","13309","120"
"White","0","125","Georgia","6/18/20","122","3","13311","2.46"
"Whitfield","22","692","Georgia","6/18/20","539","153","13313","28.39"
"Wilcox","0","120","Georgia","6/18/20","118","2","13315","1.69"
"Wilkes","1","42","Georgia","6/18/20","35","7","13317","20"
"Wilkinson","0","74","Georgia","6/18/20","73","1","13319","1.37"
"Worth","2","270","Georgia","6/18/20","255","15","13321","5.88"
"","0","103","Grand Princess","6/18/20","103","0",,"0"
"","1","192","Guam","6/18/20","183","9",,"4.92"
"Hawaii","0","83","Hawaii","6/18/20","81","2","15001","2.47"
"Honolulu","10","526","Hawaii","6/18/20","458","68","15003","14.85"
"Kauai","0","21","Hawaii","6/18/20","21","0","15007","0"
"Maui","0","120","Hawaii","6/18/20","120","0","15009","0"
"Out of HI","0","12","Hawaii","6/18/20","12","0","80015","0"
"Ada","27","1043","Idaho","6/18/20","854","189","16001","22.13"
"Adams","1","9","Idaho","6/18/20","3","6","16003","200"
"Bannock","3","74","Idaho","6/18/20","52","22","16005","42.31"
"Benewah","0","20","Idaho","6/18/20","19","1","16009","5.26"
"Bingham","1","27","Idaho","6/18/20","23","4","16011","17.39"
"Blaine","0","517","Idaho","6/18/20","515","2","16013","0.39"
"Bonner","0","10","Idaho","6/18/20","7","3","16017","42.86"
"Bonneville","3","91","Idaho","6/18/20","68","23","16019","33.82"
"Camas","0","1","Idaho","6/18/20","1","0","16025","0"
"Canyon","4","376","Idaho","6/18/20","351","25","16027","7.12"
"Caribou","1","8","Idaho","6/18/20","3","5","16029","166.67"
"Cassia","5","158","Idaho","6/18/20","123","35","16031","28.46"
"Custer","0","2","Idaho","6/18/20","2","0","16037","0"
"Elmore","1","37","Idaho","6/18/20","33","4","16039","12.12"
"Franklin","1","17","Idaho","6/18/20","10","7","16041","70"
"Fremont","0","4","Idaho","6/18/20","4","0","16043","0"
"Gem","0","17","Idaho","6/18/20","17","0","16045","0"
"Gooding","0","60","Idaho","6/18/20","57","3","16047","5.26"
"Idaho","0","3","Idaho","6/18/20","3","0","16049","0"
"Jefferson","0","11","Idaho","6/18/20","9","2","16051","22.22"
"Jerome","2","216","Idaho","6/18/20","202","14","16053","6.93"
"Kootenai","2","107","Idaho","6/18/20","91","16","16055","17.58"
"Latah","0","8","Idaho","6/18/20","7","1","16057","14.29"
"Lemhi","0","2","Idaho","6/18/20","1","1","16059","100"
"Lincoln","0","35","Idaho","6/18/20","34","1","16063","2.94"
"Madison","0","30","Idaho","6/18/20","27","3","16065","11.11"
"Minidoka","4","113","Idaho","6/18/20","85","28","16067","32.94"
"Nez Perce","0","84","Idaho","6/18/20","84","0","16069","0"
"Owyhee","2","20","Idaho","6/18/20","8","12","16073","150"
"Payette","1","32","Idaho","6/18/20","26","6","16075","23.08"
"Power","1","14","Idaho","6/18/20","9","5","16077","55.56"
"Teton","0","12","Idaho","6/18/20","11","1","16081","9.09"
"Twin Falls","5","504","Idaho","6/18/20","469","35","16083","7.46"
"Valley","0","3","Idaho","6/18/20","3","0","16085","0"
"Washington","4","78","Idaho","6/18/20","49","29","16087","59.18"
"Adams","0","46","Illinois","6/18/20","45","1","17001","2.22"
"Alexander","0","18","Illinois","6/18/20","16","2","17003","12.5"
"Bond","0","12","Illinois","6/18/20","12","0","17005","0"
"Boone","4","546","Illinois","6/18/20","515","31","17007","6.02"
"Brown","0","10","Illinois","6/18/20","10","0","17009","0"
"Bureau","0","24","Illinois","6/18/20","22","2","17011","9.09"
"Calhoun","0","1","Illinois","6/18/20","1","0","17013","0"
"Carroll","0","18","Illinois","6/18/20","18","0","17015","0"
"Cass","1","79","Illinois","6/18/20","75","4","17017","5.33"
"Champaign","8","761","Illinois","6/18/20","704","57","17019","8.1"
"Christian","1","42","Illinois","6/18/20","35","7","17021","20"
"Clark","0","13","Illinois","6/18/20","12","1","17023","8.33"
"Clay","0","3","Illinois","6/18/20","2","1","17025","50"
"Clinton","3","220","Illinois","6/18/20","198","22","17027","11.11"
"Coles","1","146","Illinois","6/18/20","142","4","17029","2.82"
"Cook","314","86179","Illinois","6/18/20","83978","2201","17031","2.62"
"Crawford","1","17","Illinois","6/18/20","11","6","17033","54.55"
"Cumberland","0","10","Illinois","6/18/20","10","0","17035","0"
"De Witt","0","4","Illinois","6/18/20","4","0","17039","0"
"DeKalb","6","505","Illinois","6/18/20","466","39","17037","8.37"
"Douglas","1","40","Illinois","6/18/20","30","10","17041","33.33"
"DuPage","38","8574","Illinois","6/18/20","8311","263","17043","3.16"
"Edgar","0","3","Illinois","6/18/20","1","2","17045","200"
"Edwards","0","2","Illinois","6/18/20","2","0","17047","0"
"Effingham","1","12","Illinois","6/18/20","8","4","17049","50"
"Fayette","0","23","Illinois","6/18/20","22","1","17051","4.55"
"Ford","0","22","Illinois","6/18/20","22","0","17053","0"
"Franklin","0","12","Illinois","6/18/20","12","0","17055","0"
"Fulton","0","12","Illinois","6/18/20","12","0","17057","0"
"Gallatin","0","2","Illinois","6/18/20","2","0","17059","0"
"Greene","0","8","Illinois","6/18/20","7","1","17061","14.29"
"Grundy","2","139","Illinois","6/18/20","126","13","17063","10.32"
"Hamilton","0","2","Illinois","6/18/20","2","0","17065","0"
"Hancock","0","18","Illinois","6/18/20","18","0","17067","0"
"Hardin","0","1","Illinois","6/18/20","1","0","17069","0"
"Henderson","0","8","Illinois","6/18/20","8","0","17071","0"
"Henry","0","72","Illinois","6/18/20","72","0","17073","0"
"Iroquois","1","142","Illinois","6/18/20","136","6","17075","4.41"
"Jackson","2","321","Illinois","6/18/20","307","14","17077","4.56"
"Jasper","0","46","Illinois","6/18/20","46","0","17079","0"
"Jefferson","0","104","Illinois","6/18/20","101","3","17081","2.97"
"Jersey","0","29","Illinois","6/18/20","28","1","17083","3.57"
"Jo Daviess","0","35","Illinois","6/18/20","34","1","17085","2.94"
"Johnson","1","20","Illinois","6/18/20","14","6","17087","42.86"
"Kane","34","7233","Illinois","6/18/20","6992","241","17089","3.45"
"Kankakee","10","1121","Illinois","6/18/20","1051","70","17091","6.66"
"Kendall","5","899","Illinois","6/18/20","867","32","17093","3.69"
"Knox","1","115","Illinois","6/18/20","107","8","17095","7.48"
"Lake","39","9207","Illinois","6/18/20","8934","273","17097","3.06"
"LaSalle","2","189","Illinois","6/18/20","175","14","17099","8"
"Lawrence","0","5","Illinois","6/18/20","4","1","17101","25"
"Lee","0","90","Illinois","6/18/20","88","2","17103","2.27"
"Livingston","0","35","Illinois","6/18/20","36","-1","17105","-2.78"
"Logan","0","11","Illinois","6/18/20","10","1","17107","10"
"Macon","1","214","Illinois","6/18/20","206","8","17115","3.88"
"Macoupin","0","46","Illinois","6/18/20","46","0","17117","0"
"Madison","13","771","Illinois","6/18/20","681","90","17119","13.22"
"Marion","0","55","Illinois","6/18/20","55","0","17121","0"
"Marshall","0","5","Illinois","6/18/20","5","0","17123","0"
"Mason","0","18","Illinois","6/18/20","18","0","17125","0"
"Massac","0","7","Illinois","6/18/20","7","0","17127","0"
"McDonough","0","100","Illinois","6/18/20","97","3","17109","3.09"
"McHenry","14","1884","Illinois","6/18/20","1788","96","17111","5.37"
"McLean","2","246","Illinois","6/18/20","235","11","17113","4.68"
"Menard","0","23","Illinois","6/18/20","22","1","17129","4.55"
"Mercer","0","19","Illinois","6/18/20","18","1","17131","5.56"
"Monroe","1","110","Illinois","6/18/20","105","5","17133","4.76"
"Montgomery","0","41","Illinois","6/18/20","41","0","17135","0"
"Morgan","3","118","Illinois","6/18/20","100","18","17137","18"
"Moultrie","0","15","Illinois","6/18/20","13","2","17139","15.38"
"Ogle","1","230","Illinois","6/18/20","224","6","17141","2.68"
"Out of IL","-16","6","Illinois","6/18/20","118","-112","80017","-94.92"
"Peoria","8","411","Illinois","6/18/20","354","57","17143","16.1"
"Perry","0","44","Illinois","6/18/20","43","1","17145","2.33"
"Piatt","1","17","Illinois","6/18/20","11","6","17147","54.55"
"Pike","0","2","Illinois","6/18/20","1","1","17149","100"
"Pope","0","1","Illinois","6/18/20","1","0","17151","0"
"Pulaski","1","65","Illinois","6/18/20","59","6","17153","10.17"
"Putnam","0","1","Illinois","6/18/20","1","0","17155","0"
"Randolph","0","279","Illinois","6/18/20","276","3","17157","1.09"
"Richland","0","4","Illinois","6/18/20","4","0","17159","0"
"Rock Island","5","766","Illinois","6/18/20","728","38","17161","5.22"
"Saline","0","8","Illinois","6/18/20","7","1","17165","14.29"
"Sangamon","1","383","Illinois","6/18/20","375","8","17167","2.13"
"Schuyler","0","13","Illinois","6/18/20","13","0","17169","0"
"Shelby","0","16","Illinois","6/18/20","16","0","17173","0"
"St. Clair","24","1538","Illinois","6/18/20","1368","170","17163","12.43"
"Stark","0","3","Illinois","6/18/20","3","0","17175","0"
"Stephenson","2","236","Illinois","6/18/20","223","13","17177","5.83"
"Tazewell","3","103","Illinois","6/18/20","82","21","17179","25.61"
"Union","0","174","Illinois","6/18/20","172","2","17181","1.16"
"Vermilion","0","47","Illinois","6/18/20","44","3","17183","6.82"
"Wabash","0","14","Illinois","6/18/20","12","2","17185","16.67"
"Warren","0","127","Illinois","6/18/20","127","0","17187","0"
"Washington","0","19","Illinois","6/18/20","19","0","17189","0"
"Wayne","0","10","Illinois","6/18/20","9","1","17191","11.11"
"White","0","3","Illinois","6/18/20","2","1","17193","50"
"Whiteside","1","163","Illinois","6/18/20","158","5","17195","3.16"
"Will","29","6256","Illinois","6/18/20","6051","205","17197","3.39"
"Williamson","1","91","Illinois","6/18/20","81","10","17199","12.35"
"Winnebago","21","2796","Illinois","6/18/20","2652","144","17201","5.43"
"Woodford","1","30","Illinois","6/18/20","22","8","17203","36.36"
"Adams","1","28","Indiana","6/18/20","24","4","18001","16.67"
"Allen","34","2324","Indiana","6/18/20","2089","235","18003","11.25"
"Bartholomew","3","562","Indiana","6/18/20","542","20","18005","3.69"
"Benton","0","38","Indiana","6/18/20","37","1","18007","2.7"
"Blackford","0","32","Indiana","6/18/20","29","3","18009","10.34"
"Boone","5","380","Indiana","6/18/20","347","33","18011","9.51"
"Brown","0","37","Indiana","6/18/20","35","2","18013","5.71"
"Carroll","1","103","Indiana","6/18/20","97","6","18015","6.19"
"Cass","2","1609","Indiana","6/18/20","1592","17","18017","1.07"
"Clark","5","585","Indiana","6/18/20","552","33","18019","5.98"
"Clay","0","56","Indiana","6/18/20","56","0","18021","0"
"Clinton","2","264","Indiana","6/18/20","251","13","18023","5.18"
"Crawford","0","27","Indiana","6/18/20","27","0","18025","0"
"Daviess","2","127","Indiana","6/18/20","116","11","18027","9.48"
"Dearborn","1","181","Indiana","6/18/20","177","4","18029","2.26"
"Decatur","0","238","Indiana","6/18/20","235","3","18031","1.28"
"DeKalb","5","129","Indiana","6/18/20","94","35","18033","37.23"
"Delaware","1","405","Indiana","6/18/20","399","6","18035","1.5"
"Dubois","2","246","Indiana","6/18/20","233","13","18037","5.58"
"Elkhart","75","2400","Indiana","6/18/20","1876","524","18039","27.93"
"Fayette","1","85","Indiana","6/18/20","80","5","18041","6.25"
"Floyd","1","339","Indiana","6/18/20","332","7","18043","2.11"
"Fountain","0","24","Indiana","6/18/20","23","1","18045","4.35"
"Franklin","0","120","Indiana","6/18/20","119","1","18047","0.84"
"Fulton","1","58","Indiana","6/18/20","52","6","18049","11.54"
"Gibson","0","24","Indiana","6/18/20","22","2","18051","9.09"
"Grant","3","269","Indiana","6/18/20","250","19","18053","7.6"
"Greene","1","182","Indiana","6/18/20","177","5","18055","2.82"
"Hamilton","15","1349","Indiana","6/18/20","1245","104","18057","8.35"
"Hancock","2","382","Indiana","6/18/20","367","15","18059","4.09"
"Harrison","0","201","Indiana","6/18/20","198","3","18061","1.52"
"Hendricks","6","1286","Indiana","6/18/20","1246","40","18063","3.21"
"Henry","1","204","Indiana","6/18/20","200","4","18065","2"
"Howard","5","492","Indiana","6/18/20","454","38","18067","8.37"
"Huntington","1","57","Indiana","6/18/20","49","8","18069","16.33"
"Jackson","2","428","Indiana","6/18/20","413","15","18071","3.63"
"Jasper","1","87","Indiana","6/18/20","81","6","18073","7.41"
"Jay","1","64","Indiana","6/18/20","60","4","18075","6.67"
"Jefferson","1","55","Indiana","6/18/20","51","4","18077","7.84"
"Jennings","1","145","Indiana","6/18/20","136","9","18079","6.62"
"Johnson","4","1185","Indiana","6/18/20","1157","28","18081","2.42"
"Knox","1","40","Indiana","6/18/20","34","6","18083","17.65"
"Kosciusko","12","354","Indiana","6/18/20","271","83","18085","30.63"
"LaGrange","17","336","Indiana","6/18/20","219","117","18087","53.42"
"Lake","34","4297","Indiana","6/18/20","4057","240","18089","5.92"
"LaPorte","2","479","Indiana","6/18/20","465","14","18091","3.01"
"Lawrence","2","187","Indiana","6/18/20","172","15","18093","8.72"
"Madison","1","618","Indiana","6/18/20","610","8","18095","1.31"
"Marion","51","10852","Indiana","6/18/20","10492","360","18097","3.43"
"Marshall","11","338","Indiana","6/18/20","261","77","18099","29.5"
"Martin","1","20","Indiana","6/18/20","15","5","18101","33.33"
"Miami","3","177","Indiana","6/18/20","153","24","18103","15.69"
"Monroe","3","203","Indiana","6/18/20","184","19","18105","10.33"
"Montgomery","1","268","Indiana","6/18/20","260","8","18107","3.08"
"Morgan","1","301","Indiana","6/18/20","294","7","18109","2.38"
"Newton","0","88","Indiana","6/18/20","86","2","18111","2.33"
"Noble","6","354","Indiana","6/18/20","311","43","18113","13.83"
"Ohio","0","13","Indiana","6/18/20","13","0","18115","0"
"Orange","0","132","Indiana","6/18/20","132","0","18117","0"
"Owen","0","40","Indiana","6/18/20","37","3","18119","8.11"
"Parke","0","20","Indiana","6/18/20","19","1","18121","5.26"
"Perry","7","101","Indiana","6/18/20","55","46","18123","83.64"
"Pike","0","6","Indiana","6/18/20","6","0","18125","0"
"Porter","3","606","Indiana","6/18/20","582","24","18127","4.12"
"Posey","1","23","Indiana","6/18/20","18","5","18129","27.78"
"Pulaski","0","53","Indiana","6/18/20","52","1","18131","1.92"
"Putnam","1","159","Indiana","6/18/20","149","10","18133","6.71"
"Randolph","1","69","Indiana","6/18/20","62","7","18135","11.29"
"Ripley","0","111","Indiana","6/18/20","109","2","18137","1.83"
"Rush","0","51","Indiana","6/18/20","50","1","18139","2"
"Scott","1","148","Indiana","6/18/20","140","8","18143","5.71"
"Shelby","0","408","Indiana","6/18/20","406","2","18145","0.49"
"Spencer","0","23","Indiana","6/18/20","22","1","18147","4.55"
"St. Joseph","19","1612","Indiana","6/18/20","1481","131","18141","8.85"
"Starke","1","58","Indiana","6/18/20","48","10","18149","20.83"
"Steuben","1","107","Indiana","6/18/20","100","7","18151","7"
"Sullivan","0","42","Indiana","6/18/20","41","1","18153","2.44"
"Switzerland","0","22","Indiana","6/18/20","21","1","18155","4.76"
"Tippecanoe","6","506","Indiana","6/18/20","466","40","18157","8.58"
"Tipton","0","28","Indiana","6/18/20","27","1","18159","3.7"
"Union","0","12","Indiana","6/18/20","12","0","18161","0"
"Vanderburgh","3","336","Indiana","6/18/20","316","20","18163","6.33"
"Vermillion","0","13","Indiana","6/18/20","10","3","18165","30"
"Vigo","1","203","Indiana","6/18/20","198","5","18167","2.53"
"Wabash","0","89","Indiana","6/18/20","88","1","18169","1.14"
"Warren","0","14","Indiana","6/18/20","14","0","18171","0"
"Warrick","1","178","Indiana","6/18/20","170","8","18173","4.71"
"Washington","1","60","Indiana","6/18/20","56","4","18175","7.14"
"Wayne","1","104","Indiana","6/18/20","94","10","18177","10.64"
"Wells","3","65","Indiana","6/18/20","47","18","18179","38.3"
"White","0","242","Indiana","6/18/20","241","1","18181","0.41"
"Whitley","0","65","Indiana","6/18/20","62","3","18183","4.84"
"Adair","0","12","Iowa","6/18/20","10","2","19001","20"
"Adams","0","7","Iowa","6/18/20","7","0","19003","0"
"Allamakee","0","121","Iowa","6/18/20","121","0","19005","0"
"Appanoose","0","18","Iowa","6/18/20","16","2","19007","12.5"
"Audubon","0","14","Iowa","6/18/20","13","1","19009","7.69"
"Benton","1","50","Iowa","6/18/20","46","4","19011","8.7"
"Black Hawk","6","1860","Iowa","6/18/20","1817","43","19013","2.37"
"Boone","3","104","Iowa","6/18/20","81","23","19015","28.4"
"Bremer","1","81","Iowa","6/18/20","74","7","19017","9.46"
"Buchanan","0","35","Iowa","6/18/20","34","1","19019","2.94"
"Buena Vista","30","1624","Iowa","6/18/20","1415","209","19021","14.77"
"Butler","2","31","Iowa","6/18/20","19","12","19023","63.16"
"Calhoun","1","25","Iowa","6/18/20","17","8","19025","47.06"
"Carroll","6","63","Iowa","6/18/20","20","43","19027","215"
"Cass","0","16","Iowa","6/18/20","14","2","19029","14.29"
"Cedar","0","54","Iowa","6/18/20","52","2","19031","3.85"
"Cerro Gordo","2","54","Iowa","6/18/20","39","15","19033","38.46"
"Cherokee","1","63","Iowa","6/18/20","54","9","19035","16.67"
"Chickasaw","0","16","Iowa","6/18/20","15","1","19037","6.67"
"Clarke","2","96","Iowa","6/18/20","85","11","19039","12.94"
"Clay","6","93","Iowa","6/18/20","50","43","19041","86"
"Clayton","0","35","Iowa","6/18/20","35","0","19043","0"
"Clinton","0","70","Iowa","6/18/20","67","3","19045","4.48"
"Crawford","6","631","Iowa","6/18/20","592","39","19047","6.59"
"Dallas","10","1050","Iowa","6/18/20","980","70","19049","7.14"
"Davis","1","36","Iowa","6/18/20","31","5","19051","16.13"
"Decatur","1","8","Iowa","6/18/20","3","5","19053","166.67"
"Delaware","0","29","Iowa","6/18/20","26","3","19055","11.54"
"Des Moines","0","67","Iowa","6/18/20","67","0","19057","0"
"Dickinson","11","181","Iowa","6/18/20","101","80","19059","79.21"
"Dubuque","3","397","Iowa","6/18/20","377","20","19061","5.31"
"Emmet","2","45","Iowa","6/18/20","34","11","19063","32.35"
"Fayette","0","28","Iowa","6/18/20","28","0","19065","0"
"Floyd","1","26","Iowa","6/18/20","20","6","19067","30"
"Franklin","2","55","Iowa","6/18/20","42","13","19069","30.95"
"Fremont","0","4","Iowa","6/18/20","4","0","19071","0"
"Greene","1","26","Iowa","6/18/20","16","10","19073","62.5"
"Grundy","0","25","Iowa","6/18/20","23","2","19075","8.7"
"Guthrie","1","61","Iowa","6/18/20","55","6","19077","10.91"
"Hamilton","5","141","Iowa","6/18/20","108","33","19079","30.56"
"Hancock","1","34","Iowa","6/18/20","25","9","19081","36"
"Hardin","2","51","Iowa","6/18/20","40","11","19083","27.5"
"Harrison","1","41","Iowa","6/18/20","32","9","19085","28.12"
"Henry","0","75","Iowa","6/18/20","73","2","19087","2.74"
"Howard","0","12","Iowa","6/18/20","12","0","19089","0"
"Humboldt","1","37","Iowa","6/18/20","27","10","19091","37.04"
"Ida","0","19","Iowa","6/18/20","17","2","19093","11.76"
"Iowa","0","35","Iowa","6/18/20","34","1","19095","2.94"
"Jackson","0","14","Iowa","6/18/20","14","0","19097","0"
"Jasper","2","289","Iowa","6/18/20","278","11","19099","3.96"
"Jefferson","1","46","Iowa","6/18/20","42","4","19101","9.52"
"Johnson","8","686","Iowa","6/18/20","629","57","19103","9.06"
"Jones","1","42","Iowa","6/18/20","38","4","19105","10.53"
"Keokuk","0","16","Iowa","6/18/20","16","0","19107","0"
"Kossuth","1","23","Iowa","6/18/20","16","7","19109","43.75"
"Lee","1","41","Iowa","6/18/20","37","4","19111","10.81"
"Linn","6","1048","Iowa","6/18/20","1007","41","19113","4.07"
"Louisa","0","354","Iowa","6/18/20","355","-1","19115","-0.28"
"Lucas","0","25","Iowa","6/18/20","22","3","19117","13.64"
"Lyon","1","32","Iowa","6/18/20","26","6","19119","23.08"
"Madison","1","34","Iowa","6/18/20","30","4","19121","13.33"
"Mahaska","0","108","Iowa","6/18/20","107","1","19123","0.93"
"Marion","0","41","Iowa","6/18/20","39","2","19125","5.13"
"Marshall","2","953","Iowa","6/18/20","937","16","19127","1.71"
"Mills","1","26","Iowa","6/18/20","22","4","19129","18.18"
"Mitchell","0","8","Iowa","6/18/20","6","2","19131","33.33"
"Monona","4","55","Iowa","6/18/20","29","26","19133","89.66"
"Monroe","0","48","Iowa","6/18/20","46","2","19135","4.35"
"Montgomery","0","9","Iowa","6/18/20","9","0","19137","0"
"Muscatine","1","577","Iowa","6/18/20","569","8","19139","1.41"
"O'Brien","1","69","Iowa","6/18/20","61","8","19141","13.11"
"Osceola","0","49","Iowa","6/18/20","49","0","19143","0"
"Page","0","18","Iowa","6/18/20","16","2","19145","12.5"
"Palo Alto","1","18","Iowa","6/18/20","12","6","19147","50"
"Plymouth","4","212","Iowa","6/18/20","186","26","19149","13.98"
"Pocahontas","0","32","Iowa","6/18/20","29","3","19151","10.34"
"Polk","49","5312","Iowa","6/18/20","4969","343","19153","6.9"
"Pottawattamie","14","551","Iowa","6/18/20","454","97","19155","21.37"
"Poweshiek","0","95","Iowa","6/18/20","95","0","19157","0"
"Ringgold","0","10","Iowa","6/18/20","8","2","19159","25"
"Sac","1","41","Iowa","6/18/20","36","5","19161","13.89"
"Scott","3","418","Iowa","6/18/20","399","19","19163","4.76"
"Shelby","2","62","Iowa","6/18/20","45","17","19165","37.78"
"Sioux","4","372","Iowa","6/18/20","341","31","19167","9.09"
"Story","22","342","Iowa","6/18/20","187","155","19169","82.89"
"Tama","1","429","Iowa","6/18/20","419","10","19171","2.39"
"Taylor","1","75","Iowa","6/18/20","70","5","19173","7.14"
"Union","0","12","Iowa","6/18/20","10","2","19175","20"
"Van Buren","0","11","Iowa","6/18/20","11","0","19177","0"
"Wapello","2","681","Iowa","6/18/20","667","14","19179","2.1"
"Warren","2","201","Iowa","6/18/20","187","14","19181","7.49"
"Washington","1","210","Iowa","6/18/20","205","5","19183","2.44"
"Wayne","0","5","Iowa","6/18/20","4","1","19185","25"
"Webster","3","108","Iowa","6/18/20","90","18","19187","20"
"Winnebago","0","12","Iowa","6/18/20","12","0","19189","0"
"Winneshiek","0","24","Iowa","6/18/20","25","-1","19191","-4"
"Woodbury","10","3038","Iowa","6/18/20","2965","73","19193","2.46"
"Worth","0","6","Iowa","6/18/20","4","2","19195","50"
"Wright","6","310","Iowa","6/18/20","267","43","19197","16.1"
"Allen","0","2","Kansas","6/18/20","1","1","20001","100"
"Anderson","0","3","Kansas","6/18/20","1","2","20003","200"
"Atchison","0","27","Kansas","6/18/20","26","1","20005","3.85"
"Barber","0","1","Kansas","6/18/20","1","0","20007","0"
"Barton","1","51","Kansas","6/18/20","47","4","20009","8.51"
"Bourbon","0","9","Kansas","6/18/20","8","1","20011","12.5"
"Brown","1","13","Kansas","6/18/20","9","4","20013","44.44"
"Butler","1","41","Kansas","6/18/20","37","4","20015","10.81"
"Chase","0","3","Kansas","6/18/20","3","0","20017","0"
"Chautauqua","0","4","Kansas","6/18/20","4","0","20019","0"
"Cherokee","0","17","Kansas","6/18/20","16","1","20021","6.25"
"Cheyenne","0","2","Kansas","6/18/20","2","0","20023","0"
"Clark","0","34","Kansas","6/18/20","33","1","20025","3.03"
"Clay","0","6","Kansas","6/18/20","6","0","20027","0"
"Cloud","0","6","Kansas","6/18/20","5","1","20029","20"
"Coffey","0","52","Kansas","6/18/20","52","0","20031","0"
"Comanche","0","2","Kansas","6/18/20","2","0","20033","0"
"Cowley","2","49","Kansas","6/18/20","32","17","20035","53.12"
"Crawford","20","156","Kansas","6/18/20","14","142","20037","1014.29"
"Dickinson","0","6","Kansas","6/18/20","6","0","20041","0"
"Doniphan","0","23","Kansas","6/18/20","20","3","20043","15"
"Douglas","1","86","Kansas","6/18/20","78","8","20045","10.26"
"Edwards","0","5","Kansas","6/18/20","5","0","20047","0"
"Ellis","0","13","Kansas","6/18/20","12","1","20051","8.33"
"Ellsworth","0","3","Kansas","6/18/20","3","0","20053","0"
"Finney","1","1545","Kansas","6/18/20","1537","8","20055","0.52"
"Ford","5","1873","Kansas","6/18/20","1837","36","20057","1.96"
"Franklin","1","53","Kansas","6/18/20","49","4","20059","8.16"
"Geary","0","32","Kansas","6/18/20","29","3","20061","10.34"
"Gove","0","1","Kansas","6/18/20","1","0","20063","0"
"Grant","0","18","Kansas","6/18/20","18","0","20067","0"
"Gray","0","24","Kansas","6/18/20","23","1","20069","4.35"
"Greenwood","0","11","Kansas","6/18/20","10","1","20073","10"
"Hamilton","0","28","Kansas","6/18/20","25","3","20075","12"
"Harper","0","2","Kansas","6/18/20","2","0","20077","0"
"Harvey","0","12","Kansas","6/18/20","12","0","20079","0"
"Haskell","0","22","Kansas","6/18/20","22","0","20081","0"
"Hodgeman","0","7","Kansas","6/18/20","5","2","20083","40"
"Jackson","0","104","Kansas","6/18/20","102","2","20085","1.96"
"Jefferson","0","22","Kansas","6/18/20","23","-1","20087","-4.35"
"Jewell","0","4","Kansas","6/18/20","4","0","20089","0"
"Johnson","23","1150","Kansas","6/18/20","992","158","20091","15.93"
"Kearny","0","46","Kansas","6/18/20","46","0","20093","0"
"Kiowa","0","3","Kansas","6/18/20","3","0","20097","0"
"Labette","0","27","Kansas","6/18/20","27","0","20099","0"
"Lane","0","4","Kansas","6/18/20","4","0","20101","0"
"Leavenworth","2","1120","Kansas","6/18/20","1105","15","20103","1.36"
"Linn","0","12","Kansas","6/18/20","11","1","20107","9.09"
"Lyon","10","476","Kansas","6/18/20","405","71","20111","17.53"
"Marion","0","7","Kansas","6/18/20","5","2","20115","40"
"McPherson","0","41","Kansas","6/18/20","38","3","20113","7.89"
"Meade","0","30","Kansas","6/18/20","30","0","20119","0"
"Miami","1","16","Kansas","6/18/20","10","6","20121","60"
"Mitchell","0","4","Kansas","6/18/20","4","0","20123","0"
"Montgomery","0","25","Kansas","6/18/20","22","3","20125","13.64"
"Morris","0","5","Kansas","6/18/20","5","0","20127","0"
"Morton","0","6","Kansas","6/18/20","6","0","20129","0"
"Nemaha","0","22","Kansas","6/18/20","20","2","20131","10"
"Neosho","1","10","Kansas","6/18/20","4","6","20133","150"
"Ness","0","4","Kansas","6/18/20","4","0","20135","0"
"Norton","0","3","Kansas","6/18/20","3","0","20137","0"
"Osage","0","10","Kansas","6/18/20","10","0","20139","0"
"Osborne","0","2","Kansas","6/18/20","2","0","20141","0"
"Ottawa","0","4","Kansas","6/18/20","4","0","20143","0"
"Pawnee","0","3","Kansas","6/18/20","3","0","20145","0"
"Phillips","0","2","Kansas","6/18/20","2","0","20147","0"
"Pottawatomie","2","40","Kansas","6/18/20","29","11","20149","37.93"
"Pratt","1","6","Kansas","6/18/20","2","4","20151","200"
"Reno","0","50","Kansas","6/18/20","47","3","20155","6.38"
"Republic","0","4","Kansas","6/18/20","4","0","20157","0"
"Rice","0","4","Kansas","6/18/20","4","0","20159","0"
"Riley","3","91","Kansas","6/18/20","71","20","20161","28.17"
"Rooks","0","6","Kansas","6/18/20","6","0","20163","0"
"Saline","1","33","Kansas","6/18/20","27","6","20169","22.22"
"Scott","0","16","Kansas","6/18/20","15","1","20171","6.67"
"Sedgwick","15","821","Kansas","6/18/20","717","104","20173","14.5"
"Seward","3","940","Kansas","6/18/20","917","23","20175","2.51"
"Shawnee","7","469","Kansas","6/18/20","420","49","20177","11.67"
"Sheridan","0","3","Kansas","6/18/20","2","1","20179","50"
"Sherman","0","7","Kansas","6/18/20","7","0","20181","0"
"Smith","0","3","Kansas","6/18/20","2","1","20183","50"
"Stafford","0","1","Kansas","6/18/20","1","0","20185","0"
"Stanton","0","9","Kansas","6/18/20","9","0","20187","0"
"Stevens","0","30","Kansas","6/18/20","31","-1","20189","-3.23"
"Sumner","0","9","Kansas","6/18/20","10","-1","20191","-10"
"Trego","0","1","Kansas","6/18/20","1","0","20195","0"
"Wabaunsee","0","32","Kansas","6/18/20","31","1","20197","3.23"
"Washington","0","1","Kansas","6/18/20","1","0","20201","0"
"Wilson","0","1","Kansas","6/18/20","1","0","20205","0"
"Woodson","0","6","Kansas","6/18/20","6","0","20207","0"
"Wyandotte","27","1766","Kansas","6/18/20","1575","191","20209","12.13"
"Adair","0","103","Kentucky","6/18/20","101","2","21001","1.98"
"Allen","2","136","Kentucky","6/18/20","123","13","21003","10.57"
"Anderson","0","27","Kentucky","6/18/20","25","2","21005","8"
"Ballard","0","14","Kentucky","6/18/20","13","1","21007","7.69"
"Barren","1","68","Kentucky","6/18/20","59","9","21009","15.25"
"Bath","0","10","Kentucky","6/18/20","9","1","21011","11.11"
"Bell","0","4","Kentucky","6/18/20","3","1","21013","33.33"
"Boone","3","557","Kentucky","6/18/20","535","22","21015","4.11"
"Bourbon","1","26","Kentucky","6/18/20","21","5","21017","23.81"
"Boyd","0","45","Kentucky","6/18/20","43","2","21019","4.65"
"Boyle","0","31","Kentucky","6/18/20","28","3","21021","10.71"
"Bracken","0","15","Kentucky","6/18/20","14","1","21023","7.14"
"Breathitt","0","4","Kentucky","6/18/20","3","1","21025","33.33"
"Breckinridge","0","23","Kentucky","6/18/20","20","3","21027","15"
"Bullitt","2","138","Kentucky","6/18/20","127","11","21029","8.66"
"Butler","1","246","Kentucky","6/18/20","240","6","21031","2.5"
"Caldwell","0","12","Kentucky","6/18/20","12","0","21033","0"
"Calloway","1","63","Kentucky","6/18/20","57","6","21035","10.53"
"Campbell","2","213","Kentucky","6/18/20","201","12","21037","5.97"
"Carlisle","0","5","Kentucky","6/18/20","5","0","21039","0"
"Carroll","1","26","Kentucky","6/18/20","16","10","21041","62.5"
"Carter","0","20","Kentucky","6/18/20","17","3","21043","17.65"
"Casey","0","11","Kentucky","6/18/20","9","2","21045","22.22"
"Christian","0","138","Kentucky","6/18/20","136","2","21047","1.47"
"Clark","2","79","Kentucky","6/18/20","63","16","21049","25.4"
"Clay","2","27","Kentucky","6/18/20","12","15","21051","125"
"Clinton","0","5","Kentucky","6/18/20","5","0","21053","0"
"Crittenden","0","7","Kentucky","6/18/20","7","0","21055","0"
"Cumberland","0","5","Kentucky","6/18/20","5","0","21057","0"
"Daviess","3","370","Kentucky","6/18/20","347","23","21059","6.63"
"Edmonson","1","71","Kentucky","6/18/20","63","8","21061","12.7"
"Elliott","0","2","Kentucky","6/18/20","1","1","21063","100"
"Estill","0","5","Kentucky","6/18/20","2","3","21065","150"
"Fayette","21","1120","Kentucky","6/18/20","970","150","21067","15.46"
"Fleming","1","10","Kentucky","6/18/20","2","8","21069","400"
"Floyd","1","22","Kentucky","6/18/20","17","5","21071","29.41"
"Franklin","3","108","Kentucky","6/18/20","88","20","21073","22.73"
"Fulton","0","14","Kentucky","6/18/20","12","2","21075","16.67"
"Gallatin","1","57","Kentucky","6/18/20","51","6","21077","11.76"
"Garrard","1","14","Kentucky","6/18/20","9","5","21079","55.56"
"Grant","0","53","Kentucky","6/18/20","51","2","21081","3.92"
"Graves","2","180","Kentucky","6/18/20","167","13","21083","7.78"
"Grayson","0","137","Kentucky","6/18/20","135","2","21085","1.48"
"Green","0","3","Kentucky","6/18/20","2","1","21087","50"
"Greenup","0","16","Kentucky","6/18/20","14","2","21089","14.29"
"Hancock","1","11","Kentucky","6/18/20","7","4","21091","57.14"
"Hardin","1","135","Kentucky","6/18/20","127","8","21093","6.3"
"Harlan","1","15","Kentucky","6/18/20","8","7","21095","87.5"
"Harrison","3","53","Kentucky","6/18/20","32","21","21097","65.62"
"Hart","1","32","Kentucky","6/18/20","26","6","21099","23.08"
"Henderson","3","141","Kentucky","6/18/20","121","20","21101","16.53"
"Henry","1","28","Kentucky","6/18/20","24","4","21103","16.67"
"Hickman","0","5","Kentucky","6/18/20","5","0","21105","0"
"Hopkins","1","230","Kentucky","6/18/20","225","5","21107","2.22"
"Jackson","3","81","Kentucky","6/18/20","62","19","21109","30.65"
"Jefferson","36","3481","Kentucky","6/18/20","3229","252","21111","7.8"
"Jessamine","2","90","Kentucky","6/18/20","79","11","21113","13.92"
"Johnson","0","7","Kentucky","6/18/20","5","2","21115","40"
"Kenton","3","706","Kentucky","6/18/20","683","23","21117","3.37"
"Knott","0","4","Kentucky","6/18/20","4","0","21119","0"
"Knox","0","12","Kentucky","6/18/20","10","2","21121","20"
"Larue","0","11","Kentucky","6/18/20","11","0","21123","0"
"Laurel","4","48","Kentucky","6/18/20","22","26","21125","118.18"
"Lawrence","0","5","Kentucky","6/18/20","5","0","21127","0"
"Lee","0","1","Kentucky","6/18/20","1","0","21129","0"
"Leslie","0","7","Kentucky","6/18/20","6","1","21131","16.67"
"Letcher","0","6","Kentucky","6/18/20","3","3","21133","100"
"Lewis","1","16","Kentucky","6/18/20","8","8","21135","100"
"Lincoln","0","15","Kentucky","6/18/20","14","1","21137","7.14"
"Livingston","0","8","Kentucky","6/18/20","9","-1","21139","-11.11"
"Logan","3","201","Kentucky","6/18/20","178","23","21141","12.92"
"Lyon","0","18","Kentucky","6/18/20","17","1","21143","5.88"
"Madison","2","86","Kentucky","6/18/20","71","15","21151","21.13"
"Magoffin","0","4","Kentucky","6/18/20","2","2","21153","100"
"Marion","1","45","Kentucky","6/18/20","38","7","21155","18.42"
"Marshall","1","48","Kentucky","6/18/20","40","8","21157","20"
"Martin","0","3","Kentucky","6/18/20","3","0","21159","0"
"Mason","0","18","Kentucky","6/18/20","15","3","21161","20"
"McCracken","2","129","Kentucky","6/18/20","113","16","21145","14.16"
"McCreary","0","13","Kentucky","6/18/20","13","0","21147","0"
"McLean","0","24","Kentucky","6/18/20","23","1","21149","4.35"
"Meade","0","24","Kentucky","6/18/20","23","1","21163","4.35"
"Menifee","0","10","Kentucky","6/18/20","10","0","21165","0"
"Mercer","0","17","Kentucky","6/18/20","16","1","21167","6.25"
"Metcalfe","0","8","Kentucky","6/18/20","7","1","21169","14.29"
"Monroe","1","32","Kentucky","6/18/20","27","5","21171","18.52"
"Montgomery","1","41","Kentucky","6/18/20","31","10","21173","32.26"
"Morgan","0","7","Kentucky","6/18/20","4","3","21175","75"
"Muhlenberg","0","482","Kentucky","6/18/20","484","-2","21177","-0.41"
"Nelson","0","50","Kentucky","6/18/20","47","3","21179","6.38"
"Nicholas","0","4","Kentucky","6/18/20","4","0","21181","0"
"Ohio","1","168","Kentucky","6/18/20","158","10","21183","6.33"
"Oldham","0","114","Kentucky","6/18/20","113","1","21185","0.88"
"Owen","0","5","Kentucky","6/18/20","4","1","21187","25"
"Owsley","0","2","Kentucky","6/18/20","2","0","21189","0"
"Pendleton","0","14","Kentucky","6/18/20","14","0","21191","0"
"Perry","0","25","Kentucky","6/18/20","22","3","21193","13.64"
"Pike","2","54","Kentucky","6/18/20","38","16","21195","42.11"
"Powell","0","5","Kentucky","6/18/20","3","2","21197","66.67"
"Pulaski","1","74","Kentucky","6/18/20","68","6","21199","8.82"
"Rockcastle","0","16","Kentucky","6/18/20","13","3","21203","23.08"
"Rowan","1","15","Kentucky","6/18/20","11","4","21205","36.36"
"Russell","0","38","Kentucky","6/18/20","36","2","21207","5.56"
"Scott","3","57","Kentucky","6/18/20","39","18","21209","46.15"
"Shelby","12","314","Kentucky","6/18/20","233","81","21211","34.76"
"Simpson","1","61","Kentucky","6/18/20","57","4","21213","7.02"
"Spencer","0","28","Kentucky","6/18/20","25","3","21215","12"
"Taylor","1","25","Kentucky","6/18/20","15","10","21217","66.67"
"Todd","0","23","Kentucky","6/18/20","23","0","21219","0"
"Trigg","1","18","Kentucky","6/18/20","14","4","21221","28.57"
"Trimble","0","4","Kentucky","6/18/20","5","-1","21223","-20"
"Union","1","22","Kentucky","6/18/20","15","7","21225","46.67"
"Warren","17","1302","Kentucky","6/18/20","1184","118","21227","9.97"
"Washington","1","17","Kentucky","6/18/20","8","9","21229","112.5"
"Wayne","0","10","Kentucky","6/18/20","10","0","21231","0"
"Webster","0","37","Kentucky","6/18/20","34","3","21233","8.82"
"Whitley","1","19","Kentucky","6/18/20","15","4","21235","26.67"
"Wolfe","0","2","Kentucky","6/18/20","1","1","21237","100"
"Woodford","2","58","Kentucky","6/18/20","46","12","21239","26.09"
"Acadia","14","625","Louisiana","6/18/20","529","96","22001","18.15"
"Allen","8","243","Louisiana","6/18/20","189","54","22003","28.57"
"Ascension","7","962","Louisiana","6/18/20","912","50","22005","5.48"
"Assumption","3","282","Louisiana","6/18/20","258","24","22007","9.3"
"Avoyelles","2","193","Louisiana","6/18/20","178","15","22009","8.43"
"Beauregard","3","139","Louisiana","6/18/20","117","22","22011","18.8"
"Bienville","2","183","Louisiana","6/18/20","167","16","22013","9.58"
"Bossier","6","528","Louisiana","6/18/20","484","44","22015","9.09"
"Caddo","20","2933","Louisiana","6/18/20","2794","139","22017","4.97"
"Calcasieu","20","824","Louisiana","6/18/20","684","140","22019","20.47"
"Caldwell","1","86","Louisiana","6/18/20","76","10","22021","13.16"
"Cameron","0","12","Louisiana","6/18/20","11","1","22023","9.09"
"Catahoula","6","164","Louisiana","6/18/20","123","41","22025","33.33"
"Claiborne","2","85","Louisiana","6/18/20","72","13","22027","18.06"
"Concordia","3","117","Louisiana","6/18/20","97","20","22029","20.62"
"De Soto","1","275","Louisiana","6/18/20","266","9","22031","3.38"
"East Baton Rouge","38","4357","Louisiana","6/18/20","4088","269","22033","6.58"
"East Carroll","5","244","Louisiana","6/18/20","212","32","22035","15.09"
"East Feliciana","3","231","Louisiana","6/18/20","210","21","22037","10"
"Evangeline","2","100","Louisiana","6/18/20","85","15","22039","17.65"
"Franklin","6","439","Louisiana","6/18/20","395","44","22041","11.14"
"Grant","1","61","Louisiana","6/18/20","51","10","22043","19.61"
"Iberia","10","501","Louisiana","6/18/20","430","71","22045","16.51"
"Iberville","2","618","Louisiana","6/18/20","607","11","22047","1.81"
"Jackson","3","173","Louisiana","6/18/20","149","24","22049","16.11"
"Jefferson","68","8507","Louisiana","6/18/20","8032","475","22051","5.91"
"Jefferson Davis","8","162","Louisiana","6/18/20","106","56","22053","52.83"
"Lafayette","49","1302","Louisiana","6/18/20","957","345","22055","36.05"
"Lafourche","11","1013","Louisiana","6/18/20","937","76","22057","8.11"
"LaSalle","3","90","Louisiana","6/18/20","68","22","22059","32.35"
"Lincoln","9","259","Louisiana","6/18/20","196","63","22061","32.14"
"Livingston","11","573","Louisiana","6/18/20","495","78","22063","15.76"
"Madison","5","287","Louisiana","6/18/20","249","38","22065","15.26"
"Morehouse","7","186","Louisiana","6/18/20","138","48","22067","34.78"
"Natchitoches","2","195","Louisiana","6/18/20","182","13","22069","7.14"
"Orleans","24","7459","Louisiana","6/18/20","7294","165","22071","2.26"
"Ouachita","37","1889","Louisiana","6/18/20","1631","258","22073","15.82"
"Plaquemines","1","228","Louisiana","6/18/20","222","6","22075","2.7"
"Pointe Coupee","1","224","Louisiana","6/18/20","217","7","22077","3.23"
"Rapides","22","1229","Louisiana","6/18/20","1074","155","22079","14.43"
"Red River","0","52","Louisiana","6/18/20","52","0","22081","0"
"Richland","1","167","Louisiana","6/18/20","159","8","22083","5.03"
"Sabine","1","63","Louisiana","6/18/20","53","10","22085","18.87"
"St. Bernard","3","580","Louisiana","6/18/20","559","21","22087","3.76"
"St. Charles","2","667","Louisiana","6/18/20","654","13","22089","1.99"
"St. Helena","1","60","Louisiana","6/18/20","56","4","22091","7.14"
"St. James","1","313","Louisiana","6/18/20","306","7","22093","2.29"
"St. John the Baptist","3","904","Louisiana","6/18/20","883","21","22095","2.38"
"St. Landry","10","393","Louisiana","6/18/20","324","69","22097","21.3"
"St. Martin","19","441","Louisiana","6/18/20","307","134","22099","43.65"
"St. Mary","2","363","Louisiana","6/18/20","346","17","22101","4.91"
"St. Tammany","16","1999","Louisiana","6/18/20","1885","114","22103","6.05"
"Tangipahoa","14","1082","Louisiana","6/18/20","984","98","22105","9.96"
"Tensas","0","22","Louisiana","6/18/20","21","1","22107","4.76"
"Terrebonne","8","826","Louisiana","6/18/20","771","55","22109","7.13"
"Union","7","435","Louisiana","6/18/20","383","52","22111","13.58"
"Vermilion","5","99","Louisiana","6/18/20","65","34","22113","52.31"
"Vernon","4","67","Louisiana","6/18/20","39","28","22115","71.79"
"Washington","7","560","Louisiana","6/18/20","509","51","22117","10.02"
"Webster","18","331","Louisiana","6/18/20","204","127","22119","62.25"
"West Baton Rouge","1","205","Louisiana","6/18/20","197","8","22121","4.06"
"West Carroll","2","115","Louisiana","6/18/20","99","16","22123","16.16"
"West Feliciana","2","239","Louisiana","6/18/20","225","14","22125","6.22"
"Winn","3","215","Louisiana","6/18/20","195","20","22127","10.26"
"Androscoggin","6","441","Maine","6/18/20","397","44","23001","11.08"
"Aroostook","0","11","Maine","6/18/20","10","1","23003","10"
"Cumberland","19","1493","Maine","6/18/20","1361","132","23005","9.7"
"Franklin","0","37","Maine","6/18/20","36","1","23007","2.78"
"Hancock","0","13","Maine","6/18/20","12","1","23009","8.33"
"Kennebec","1","138","Maine","6/18/20","133","5","23011","3.76"
"Knox","0","23","Maine","6/18/20","21","2","23013","9.52"
"Lincoln","0","21","Maine","6/18/20","20","1","23015","5"
"Oxford","0","33","Maine","6/18/20","31","2","23017","6.45"
"Penobscot","0","101","Maine","6/18/20","101","0","23019","0"
"Piscataquis","0","1","Maine","6/18/20","1","0","23021","0"
"Sagadahoc","0","30","Maine","6/18/20","30","0","23023","0"
"Somerset","0","26","Maine","6/18/20","25","1","23025","4"
"Waldo","0","55","Maine","6/18/20","55","0","23027","0"
"Washington","0","2","Maine","6/18/20","1","1","23029","100"
"York","3","451","Maine","6/18/20","431","20","23031","4.64"
"Allegany","0","187","Maryland","6/18/20","185","2","24001","1.08"
"Anne Arundel","59","4835","Maryland","6/18/20","4421","414","24003","9.36"
"Baltimore","55","7371","Maryland","6/18/20","6985","386","24005","5.53"
"Baltimore City","57","6906","Maryland","6/18/20","6509","397","24510","6.1"
"Calvert","3","385","Maryland","6/18/20","366","19","24009","5.19"
"Caroline","1","285","Maryland","6/18/20","278","7","24011","2.52"
"Carroll","5","1010","Maryland","6/18/20","976","34","24013","3.48"
"Cecil","4","456","Maryland","6/18/20","429","27","24015","6.29"
"Charles","8","1294","Maryland","6/18/20","1235","59","24017","4.78"
"Dorchester","2","170","Maryland","6/18/20","159","11","24019","6.92"
"Frederick","20","2342","Maryland","6/18/20","2202","140","24021","6.36"
"Garrett","0","10","Maryland","6/18/20","10","0","24023","0"
"Harford","7","1036","Maryland","6/18/20","990","46","24025","4.65"
"Howard","5","2348","Maryland","6/18/20","2311","37","24027","1.6"
"Kent","1","193","Maryland","6/18/20","188","5","24029","2.66"
"Montgomery","84","13862","Maryland","6/18/20","13276","586","24031","4.41"
"Prince George's","104","17666","Maryland","6/18/20","16940","726","24033","4.29"
"Queen Anne's","1","187","Maryland","6/18/20","178","9","24035","5.06"
"Somerset","1","83","Maryland","6/18/20","78","5","24039","6.41"
"St. Mary's","3","595","Maryland","6/18/20","573","22","24037","3.84"
"Talbot","0","110","Maryland","6/18/20","107","3","24041","2.8"
"Washington","5","595","Maryland","6/18/20","560","35","24043","6.25"
"Wicomico","5","1036","Maryland","6/18/20","998","38","24045","3.81"
"Worcester","3","267","Maryland","6/18/20","243","24","24047","9.88"
"Barnstable","4","1502","Massachusetts","6/18/20","1474","28","25001","1.9"
"Berkshire","1","584","Massachusetts","6/18/20","575","9","25003","1.57"
"Bristol","27","7979","Massachusetts","6/18/20","7793","186","25005","2.39"
"Dukes and Nantucket","0","57","Massachusetts","6/18/20","55","2","00000","3.64"
"Essex","39","15739","Massachusetts","6/18/20","15465","274","25009","1.77"
"Franklin","1","356","Massachusetts","6/18/20","348","8","25011","2.3"
"Hampden","17","6537","Massachusetts","6/18/20","6415","122","25013","1.9"
"Hampshire","3","936","Massachusetts","6/18/20","913","23","25015","2.52"
"Middlesex","59","23407","Massachusetts","6/18/20","22996","411","25017","1.79"
"Norfolk","18","8935","Massachusetts","6/18/20","8809","126","25021","1.43"
"Plymouth","16","8555","Massachusetts","6/18/20","8440","115","25023","1.36"
"Suffolk","40","19477","Massachusetts","6/18/20","19195","282","25025","1.47"
"Worcester","24","12050","Massachusetts","6/18/20","11885","165","25027","1.39"
"Alcona","0","21","Michigan","6/18/20","20","1","26001","5"
"Alger","0","2","Michigan","6/18/20","1","1","26003","100"
"Allegan","2","291","Michigan","6/18/20","277","14","26005","5.05"
"Alpena","0","115","Michigan","6/18/20","114","1","26007","0.88"
"Antrim","0","14","Michigan","6/18/20","14","0","26009","0"
"Arenac","0","38","Michigan","6/18/20","38","0","26011","0"
"Baraga","0","1","Michigan","6/18/20","1","0","26013","0"
"Barry","0","93","Michigan","6/18/20","90","3","26015","3.33"
"Bay","-1","379","Michigan","6/18/20","385","-6","26017","-1.56"
"Benzie","0","5","Michigan","6/18/20","5","0","26019","0"
"Berrien","4","843","Michigan","6/18/20","816","27","26021","3.31"
"Branch","11","239","Michigan","6/18/20","160","79","26023","49.38"
"Calhoun","3","501","Michigan","6/18/20","477","24","26025","5.03"
"Cass","1","119","Michigan","6/18/20","112","7","26027","6.25"
"Charlevoix","0","22","Michigan","6/18/20","19","3","26029","15.79"
"Cheboygan","0","26","Michigan","6/18/20","26","0","26031","0"
"Chippewa","0","3","Michigan","6/18/20","3","0","26033","0"
"Clare","0","25","Michigan","6/18/20","24","1","26035","4.17"
"Clinton","1","193","Michigan","6/18/20","188","5","26037","2.66"
"Crawford","0","65","Michigan","6/18/20","63","2","26039","3.17"
"Delta","0","21","Michigan","6/18/20","20","1","26041","5"
"Dickinson","0","7","Michigan","6/18/20","6","1","26043","16.67"
"Eaton","1","263","Michigan","6/18/20","255","8","26045","3.14"
"Emmet","0","28","Michigan","6/18/20","26","2","26047","7.69"
"Federal Correctional Institution (FCI)","1","168","Michigan","6/18/20","161","7","00000","4.35"
"Genesee","6","2605","Michigan","6/18/20","2564","41","26049","1.6"
"Gladwin","0","23","Michigan","6/18/20","20","3","26051","15"
"Gogebic","0","5","Michigan","6/18/20","5","0","26053","0"
"Grand Traverse","0","37","Michigan","6/18/20","35","2","26055","5.71"
"Gratiot","0","92","Michigan","6/18/20","89","3","26057","3.37"
"Hillsdale","0","182","Michigan","6/18/20","179","3","26059","1.68"
"Houghton","0","8","Michigan","6/18/20","8","0","26061","0"
"Huron","0","60","Michigan","6/18/20","60","0","26063","0"
"Ingham","-2","819","Michigan","6/18/20","832","-13","26065","-1.56"
"Ionia","2","188","Michigan","6/18/20","177","11","26067","6.21"
"Iosco","0","111","Michigan","6/18/20","110","1","26069","0.91"
"Iron","0","4","Michigan","6/18/20","2","2","26071","100"
"Isabella","1","102","Michigan","6/18/20","95","7","26073","7.37"
"Jackson","0","488","Michigan","6/18/20","488","0","26075","0"
"Kalamazoo","5","977","Michigan","6/18/20","943","34","26077","3.61"
"Kalkaska","0","30","Michigan","6/18/20","30","0","26079","0"
"Kent","34","4526","Michigan","6/18/20","4291","235","26081","5.48"
"Keweenaw","0","1","Michigan","6/18/20","1","0","26083","0"
"Lake","0","7","Michigan","6/18/20","7","0","26085","0"
"Lapeer","2","242","Michigan","6/18/20","226","16","26087","7.08"
"Leelanau","0","12","Michigan","6/18/20","12","0","26089","0"
"Lenawee","1","199","Michigan","6/18/20","193","6","26091","3.11"
"Livingston","1","530","Michigan","6/18/20","520","10","26093","1.92"
"Luce","0","3","Michigan","6/18/20","3","0","26095","0"
"Mackinac","0","8","Michigan","6/18/20","8","0","26097","0"
"Macomb","15","7112","Michigan","6/18/20","7006","106","26099","1.51"
"Manistee","0","13","Michigan","6/18/20","12","1","26101","8.33"
"Marquette","0","59","Michigan","6/18/20","59","0","26103","0"
"Mason","0","40","Michigan","6/18/20","38","2","26105","5.26"
"Mecosta","0","27","Michigan","6/18/20","24","3","26107","12.5"
"Menominee","0","9","Michigan","6/18/20","9","0","26109","0"
"Michigan Department of Corrections (MDOC)","-10","4072","Michigan","6/18/20","4144","-72","00000","-1.74"
"Midland","2","153","Michigan","6/18/20","140","13","26111","9.29"
"Missaukee","0","24","Michigan","6/18/20","23","1","26113","4.35"
"Monroe","1","571","Michigan","6/18/20","561","10","26115","1.78"
"Montcalm","0","81","Michigan","6/18/20","81","0","26117","0"
"Montmorency","0","5","Michigan","6/18/20","5","0","26119","0"
"Muskegon","4","759","Michigan","6/18/20","730","29","26121","3.97"
"Newaygo","1","131","Michigan","6/18/20","125","6","26123","4.8"
"Oakland","20","11425","Michigan","6/18/20","11283","142","26125","1.26"
"Oceana","6","145","Michigan","6/18/20","103","42","26127","40.78"
"Ogemaw","0","32","Michigan","6/18/20","31","1","26129","3.23"
"Osceola","1","25","Michigan","6/18/20","18","7","26133","38.89"
"Oscoda","0","9","Michigan","6/18/20","8","1","26135","12.5"
"Otsego","0","120","Michigan","6/18/20","120","0","26137","0"
"Ottawa","5","941","Michigan","6/18/20","908","33","26139","3.63"
"Out of MI","2","41","Michigan","6/18/20","30","11","80026","36.67"
"Presque Isle","0","12","Michigan","6/18/20","12","0","26141","0"
"Roscommon","0","25","Michigan","6/18/20","24","1","26143","4.17"
"Saginaw","4","1174","Michigan","6/18/20","1148","26","26145","2.26"
"Sanilac","0","43","Michigan","6/18/20","42","1","26151","2.38"
"Schoolcraft","0","4","Michigan","6/18/20","4","0","26153","0"
"Shiawassee","0","266","Michigan","6/18/20","263","3","26155","1.14"
"St. Clair","1","518","Michigan","6/18/20","514","4","26147","0.78"
"St. Joseph","5","204","Michigan","6/18/20","166","38","26149","22.89"
"Tuscola","6","246","Michigan","6/18/20","207","39","26157","18.84"
"Van Buren","2","212","Michigan","6/18/20","195","17","26159","8.72"
"Washtenaw","4","1598","Michigan","6/18/20","1569","29","26161","1.85"
"Wayne","45","21941","Michigan","6/18/20","21629","312","26163","1.44"
"Wexford","1","18","Michigan","6/18/20","14","4","26165","28.57"
"Aitkin","0","13","Minnesota","6/18/20","13","0","27001","0"
"Anoka","19","1810","Minnesota","6/18/20","1674","136","27003","8.12"
"Becker","1","49","Minnesota","6/18/20","45","4","27005","8.89"
"Beltrami","0","23","Minnesota","6/18/20","21","2","27007","9.52"
"Benton","1","198","Minnesota","6/18/20","190","8","27009","4.21"
"Big Stone","0","14","Minnesota","6/18/20","13","1","27011","7.69"
"Blue Earth","2","172","Minnesota","6/18/20","157","15","27013","9.55"
"Brown","1","22","Minnesota","6/18/20","18","4","27015","22.22"
"Carlton","0","81","Minnesota","6/18/20","79","2","27017","2.53"
"Carver","3","285","Minnesota","6/18/20","266","19","27019","7.14"
"Cass","0","12","Minnesota","6/18/20","11","1","27021","9.09"
"Chippewa","1","62","Minnesota","6/18/20","54","8","27023","14.81"
"Chisago","1","81","Minnesota","6/18/20","74","7","27025","9.46"
"Clay","2","516","Minnesota","6/18/20","499","17","27027","3.41"
"Clearwater","0","6","Minnesota","6/18/20","3","3","27029","100"
"Cook","0","1","Minnesota","6/18/20","0","1","27031","1"
"Cottonwood","3","115","Minnesota","6/18/20","96","19","27033","19.79"
"Crow Wing","1","92","Minnesota","6/18/20","88","4","27035","4.55"
"Dakota","26","1805","Minnesota","6/18/20","1623","182","27037","11.21"
"Dodge","1","61","Minnesota","6/18/20","57","4","27039","7.02"
"Douglas","1","53","Minnesota","6/18/20","48","5","27041","10.42"
"Faribault","1","32","Minnesota","6/18/20","25","7","27043","28"
"Fillmore","0","22","Minnesota","6/18/20","20","2","27045","10"
"Freeborn","6","240","Minnesota","6/18/20","200","40","27047","20"
"Goodhue","2","98","Minnesota","6/18/20","86","12","27049","13.95"
"Grant","0","6","Minnesota","6/18/20","6","0","27051","0"
"Hennepin","100","10512","Minnesota","6/18/20","9815","697","27053","7.1"
"Houston","0","8","Minnesota","6/18/20","5","3","27055","60"
"Hubbard","0","5","Minnesota","6/18/20","5","0","27057","0"
"Isanti","0","51","Minnesota","6/18/20","48","3","27059","6.25"
"Itasca","0","59","Minnesota","6/18/20","58","1","27061","1.72"
"Jackson","1","50","Minnesota","6/18/20","43","7","27063","16.28"
"Kanabec","0","13","Minnesota","6/18/20","13","0","27065","0"
"Kandiyohi","2","553","Minnesota","6/18/20","540","13","27067","2.41"
"Kittson","0","1","Minnesota","6/18/20","1","0","27069","0"
"Koochiching","0","9","Minnesota","6/18/20","9","0","27071","0"
"Lac qui Parle","0","3","Minnesota","6/18/20","3","0","27073","0"
"Lake","0","4","Minnesota","6/18/20","1","3","27075","300"
"Le Sueur","0","53","Minnesota","6/18/20","50","3","27079","6"
"Lincoln","0","6","Minnesota","6/18/20","6","0","27081","0"
"Lyon","11","250","Minnesota","6/18/20","174","76","27083","43.68"
"Mahnomen","0","6","Minnesota","6/18/20","6","0","27087","0"
"Marshall","0","12","Minnesota","6/18/20","12","0","27089","0"
"Martin","1","147","Minnesota","6/18/20","143","4","27091","2.8"
"McLeod","1","58","Minnesota","6/18/20","52","6","27085","11.54"
"Meeker","0","50","Minnesota","6/18/20","50","0","27093","0"
"Mille Lacs","0","28","Minnesota","6/18/20","26","2","27095","7.69"
"Morrison","0","54","Minnesota","6/18/20","53","1","27097","1.89"
"Mower","20","744","Minnesota","6/18/20","604","140","27099","23.18"
"Murray","0","44","Minnesota","6/18/20","42","2","27101","4.76"
"Nicollet","1","98","Minnesota","6/18/20","93","5","27103","5.38"
"Nobles","3","1621","Minnesota","6/18/20","1602","19","27105","1.19"
"Norman","0","18","Minnesota","6/18/20","17","1","27107","5.88"
"Olmsted","11","832","Minnesota","6/18/20","752","80","27109","10.64"
"Otter Tail","0","83","Minnesota","6/18/20","80","3","27111","3.75"
"Pennington","2","52","Minnesota","6/18/20","37","15","27113","40.54"
"Pine","0","96","Minnesota","6/18/20","95","1","27115","1.05"
"Pipestone","0","14","Minnesota","6/18/20","15","-1","27117","-6.67"
"Polk","0","67","Minnesota","6/18/20","67","0","27119","0"
"Pope","0","10","Minnesota","6/18/20","10","0","27121","0"
"Ramsey","55","4128","Minnesota","6/18/20","3740","388","27123","10.37"
"Red Lake","0","4","Minnesota","6/18/20","4","0","27125","0"
"Redwood","1","12","Minnesota","6/18/20","8","4","27127","50"
"Renville","1","12","Minnesota","6/18/20","8","4","27129","50"
"Rice","18","733","Minnesota","6/18/20","604","129","27131","21.36"
"Rock","0","26","Minnesota","6/18/20","23","3","27133","13.04"
"Roseau","0","6","Minnesota","6/18/20","6","0","27135","0"
"Scott","5","551","Minnesota","6/18/20","517","34","27139","6.58"
"Sherburne","1","271","Minnesota","6/18/20","261","10","27141","3.83"
"Sibley","0","27","Minnesota","6/18/20","25","2","27143","8"
"St. Louis","1","129","Minnesota","6/18/20","123","6","27137","4.88"
"Stearns","5","2122","Minnesota","6/18/20","2088","34","27145","1.63"
"Steele","1","181","Minnesota","6/18/20","173","8","27147","4.62"
"Stevens","0","1","Minnesota","6/18/20","1","0","27149","0"
"Swift","0","20","Minnesota","6/18/20","19","1","27151","5.26"
"Todd","2","381","Minnesota","6/18/20","368","13","27153","3.53"
"Traverse","0","5","Minnesota","6/18/20","5","0","27155","0"
"Wabasha","1","24","Minnesota","6/18/20","20","4","27157","20"
"Wadena","0","10","Minnesota","6/18/20","10","0","27159","0"
"Waseca","0","35","Minnesota","6/18/20","32","3","27161","9.38"
"Washington","12","833","Minnesota","6/18/20","748","85","27163","11.36"
"Watonwan","4","115","Minnesota","6/18/20","86","29","27165","33.72"
"Wilkin","1","18","Minnesota","6/18/20","12","6","27167","50"
"Winona","1","91","Minnesota","6/18/20","84","7","27169","8.33"
"Wright","3","391","Minnesota","6/18/20","367","24","27171","6.54"
"Yellow Medicine","0","11","Minnesota","6/18/20","8","3","27173","37.5"
"Adams","1","227","Mississippi","6/18/20","222","5","28001","2.25"
"Alcorn","1","32","Mississippi","6/18/20","26","6","28003","23.08"
"Amite","1","73","Mississippi","6/18/20","67","6","28005","8.96"
"Attala","2","335","Mississippi","6/18/20","323","12","28007","3.72"
"Benton","0","18","Mississippi","6/18/20","17","1","28009","5.88"
"Bolivar","2","197","Mississippi","6/18/20","180","17","28011","9.44"
"Calhoun","1","83","Mississippi","6/18/20","75","8","28013","10.67"
"Carroll","0","122","Mississippi","6/18/20","123","-1","28015","-0.81"
"Chickasaw","3","177","Mississippi","6/18/20","158","19","28017","12.03"
"Choctaw","1","71","Mississippi","6/18/20","62","9","28019","14.52"
"Claiborne","2","144","Mississippi","6/18/20","131","13","28021","9.92"
"Clarke","1","168","Mississippi","6/18/20","164","4","28023","2.44"
"Clay","6","185","Mississippi","6/18/20","145","40","28025","27.59"
"Coahoma","2","156","Mississippi","6/18/20","141","15","28027","10.64"
"Copiah","8","425","Mississippi","6/18/20","366","59","28029","16.12"
"Covington","2","213","Mississippi","6/18/20","200","13","28031","6.5"
"DeSoto","18","790","Mississippi","6/18/20","664","126","28033","18.98"
"Forrest","4","697","Mississippi","6/18/20","667","30","28035","4.5"
"Franklin","0","30","Mississippi","6/18/20","29","1","28037","3.45"
"George","1","41","Mississippi","6/18/20","32","9","28039","28.12"
"Greene","2","56","Mississippi","6/18/20","45","11","28041","24.44"
"Grenada","5","170","Mississippi","6/18/20","138","32","28043","23.19"
"Hancock","1","100","Mississippi","6/18/20","94","6","28045","6.38"
"Harrison","12","393","Mississippi","6/18/20","311","82","28047","26.37"
"Hinds","26","1390","Mississippi","6/18/20","1206","184","28049","15.26"
"Holmes","2","477","Mississippi","6/18/20","460","17","28051","3.7"
"Humphreys","1","83","Mississippi","6/18/20","78","5","28053","6.41"
"Itawamba","1","106","Mississippi","6/18/20","96","10","28057","10.42"
"Jackson","7","385","Mississippi","6/18/20","339","46","28059","13.57"
"Jasper","2","203","Mississippi","6/18/20","189","14","28061","7.41"
"Jefferson","1","57","Mississippi","6/18/20","50","7","28063","14"
"Jefferson Davis","0","86","Mississippi","6/18/20","84","2","28065","2.38"
"Jones","14","910","Mississippi","6/18/20","812","98","28067","12.07"
"Kemper","0","169","Mississippi","6/18/20","166","3","28069","1.81"
"Lafayette","7","209","Mississippi","6/18/20","161","48","28071","29.81"
"Lamar","3","300","Mississippi","6/18/20","278","22","28073","7.91"
"Lauderdale","3","818","Mississippi","6/18/20","795","23","28075","2.89"
"Lawrence","1","121","Mississippi","6/18/20","113","8","28077","7.08"
"Leake","3","496","Mississippi","6/18/20","472","24","28079","5.08"
"Lee","10","330","Mississippi","6/18/20","261","69","28081","26.44"
"Leflore","8","385","Mississippi","6/18/20","330","55","28083","16.67"
"Lincoln","2","330","Mississippi","6/18/20","314","16","28085","5.1"
"Lowndes","9","352","Mississippi","6/18/20","290","62","28087","21.38"
"Madison","11","922","Mississippi","6/18/20","843","79","28089","9.37"
"Marion","4","163","Mississippi","6/18/20","132","31","28091","23.48"
"Marshall","3","122","Mississippi","6/18/20","98","24","28093","24.49"
"Monroe","2","301","Mississippi","6/18/20","290","11","28095","3.79"
"Montgomery","1","98","Mississippi","6/18/20","88","10","28097","11.36"
"Neshoba","14","921","Mississippi","6/18/20","821","100","28099","12.18"
"Newton","2","325","Mississippi","6/18/20","313","12","28101","3.83"
"Noxubee","1","218","Mississippi","6/18/20","209","9","28103","4.31"
"Oktibbeha","8","386","Mississippi","6/18/20","327","59","28105","18.04"
"Panola","5","146","Mississippi","6/18/20","110","36","28107","32.73"
"Pearl River","0","224","Mississippi","6/18/20","221","3","28109","1.36"
"Perry","0","55","Mississippi","6/18/20","52","3","28111","5.77"
"Pike","5","248","Mississippi","6/18/20","213","35","28113","16.43"
"Pontotoc","4","93","Mississippi","6/18/20","64","29","28115","45.31"
"Prentiss","1","70","Mississippi","6/18/20","63","7","28117","11.11"
"Quitman","3","52","Mississippi","6/18/20","34","18","28119","52.94"
"Rankin","8","563","Mississippi","6/18/20","505","58","28121","11.49"
"Scott","2","696","Mississippi","6/18/20","682","14","28123","2.05"
"Sharkey","0","9","Mississippi","6/18/20","7","2","28125","28.57"
"Simpson","1","126","Mississippi","6/18/20","117","9","28127","7.69"
"Smith","1","182","Mississippi","6/18/20","173","9","28129","5.2"
"Stone","0","35","Mississippi","6/18/20","33","2","28131","6.06"
"Sunflower","3","128","Mississippi","6/18/20","109","19","28133","17.43"
"Tallahatchie","2","49","Mississippi","6/18/20","35","14","28135","40"
"Tate","5","155","Mississippi","6/18/20","118","37","28137","31.36"
"Tippah","1","100","Mississippi","6/18/20","90","10","28139","11.11"
"Tishomingo","1","47","Mississippi","6/18/20","43","4","28141","9.3"
"Tunica","1","67","Mississippi","6/18/20","61","6","28143","9.84"
"Union","2","109","Mississippi","6/18/20","93","16","28145","17.2"
"Walthall","4","111","Mississippi","6/18/20","85","26","28147","30.59"
"Warren","7","280","Mississippi","6/18/20","232","48","28149","20.69"
"Washington","8","276","Mississippi","6/18/20","222","54","28151","24.32"
"Wayne","9","409","Mississippi","6/18/20","346","63","28153","18.21"
"Webster","1","109","Mississippi","6/18/20","99","10","28155","10.1"
"Wilkinson","0","85","Mississippi","6/18/20","85","0","28157","0"
"Winston","3","158","Mississippi","6/18/20","139","19","28159","13.67"
"Yalobusha","2","139","Mississippi","6/18/20","128","11","28161","8.59"
"Yazoo","4","354","Mississippi","6/18/20","329","25","28163","7.6"
"Adair","2","85","Missouri","6/18/20","74","11","29001","14.86"
"Andrew","0","36","Missouri","6/18/20","34","2","29003","5.88"
"Atchison","0","3","Missouri","6/18/20","3","0","29005","0"
"Audrain","0","123","Missouri","6/18/20","120","3","29007","2.5"
"Barry","2","25","Missouri","6/18/20","9","16","29009","177.78"
"Barton","1","10","Missouri","6/18/20","0","10","29011","1"
"Bates","0","12","Missouri","6/18/20","12","0","29013","0"
"Benton","0","14","Missouri","6/18/20","13","1","29015","7.69"
"Bollinger","0","11","Missouri","6/18/20","8","3","29017","37.5"
"Boone","3","226","Missouri","6/18/20","204","22","29019","10.78"
"Buchanan","5","800","Missouri","6/18/20","768","32","29021","4.17"
"Butler","1","58","Missouri","6/18/20","51","7","29023","13.73"
"Caldwell","0","8","Missouri","6/18/20","8","0","29025","0"
"Callaway","1","42","Missouri","6/18/20","34","8","29027","23.53"
"Camden","1","45","Missouri","6/18/20","38","7","29029","18.42"
"Cape Girardeau","2","114","Missouri","6/18/20","98","16","29031","16.33"
"Carroll","0","11","Missouri","6/18/20","9","2","29033","22.22"
"Carter","0","5","Missouri","6/18/20","5","0","29035","0"
"Cass","0","110","Missouri","6/18/20","110","0","29037","0"
"Cedar","0","9","Missouri","6/18/20","9","0","29039","0"
"Chariton","0","6","Missouri","6/18/20","6","0","29041","0"
"Christian","0","31","Missouri","6/18/20","29","2","29043","6.9"
"Clark","0","1","Missouri","6/18/20","2","-1","29045","-50"
"Clay","8","319","Missouri","6/18/20","262","57","29047","21.76"
"Clinton","0","23","Missouri","6/18/20","20","3","29049","15"
"Cole","-1","57","Missouri","6/18/20","61","-4","29051","-6.56"
"Cooper","0","12","Missouri","6/18/20","9","3","29053","33.33"
"Crawford","0","10","Missouri","6/18/20","9","1","29055","11.11"
"Dade","0","1","Missouri","6/18/20","0","1","29057","1"
"Dallas","0","7","Missouri","6/18/20","6","1","29059","16.67"
"Daviess","0","7","Missouri","6/18/20","7","0","29061","0"
"DeKalb","0","9","Missouri","6/18/20","7","2","29063","28.57"
"Dent","0","1","Missouri","6/18/20","0","1","29065","1"
"Douglas","0","3","Missouri","6/18/20","0","3","29067","1"
"Dunklin","2","65","Missouri","6/18/20","54","11","29069","20.37"
"Franklin","2","178","Missouri","6/18/20","164","14","29071","8.54"
"Gasconade","0","2","Missouri","6/18/20","2","0","29073","0"
"Gentry","0","54","Missouri","6/18/20","54","0","29075","0"
"Greene","4","210","Missouri","6/18/20","184","26","29077","14.13"
"Grundy","2","12","Missouri","6/18/20","0","12","29079","1"
"Harrison","0","9","Missouri","6/18/20","9","0","29081","0"
"Henry","0","17","Missouri","6/18/20","15","2","29083","13.33"
"Holt","0","1","Missouri","6/18/20","2","-1","29087","-50"
"Howard","0","3","Missouri","6/18/20","3","0","29089","0"
"Howell","2","29","Missouri","6/18/20","18","11","29091","61.11"
"Iron","0","2","Missouri","6/18/20","3","-1","29093","-33.33"
"Jackson","22","933","Missouri","6/18/20","782","151","29095","19.31"
"Jasper","15","192","Missouri","6/18/20","87","105","29097","120.69"
"Jefferson","-5","389","Missouri","6/18/20","427","-38","29099","-8.9"
"Johnson","1","87","Missouri","6/18/20","79","8","29101","10.13"
"Kansas City","25","1831","Missouri","6/18/20","1654","177","00000","10.7"
"Knox","0","2","Missouri","6/18/20","0","2","29103","1"
"Laclede","1","12","Missouri","6/18/20","8","4","29105","50"
"Lafayette","0","86","Missouri","6/18/20","83","3","29107","3.61"
"Lawrence","0","10","Missouri","6/18/20","8","2","29109","25"
"Lewis","0","7","Missouri","6/18/20","7","0","29111","0"
"Lincoln","-4","91","Missouri","6/18/20","121","-30","29113","-24.79"
"Linn","0","13","Missouri","6/18/20","11","2","29115","18.18"
"Livingston","0","6","Missouri","6/18/20","5","1","29117","20"
"Macon","0","7","Missouri","6/18/20","6","1","29121","16.67"
"Madison","0","3","Missouri","6/18/20","3","0","29123","0"
"Maries","0","2","Missouri","6/18/20","2","0","29125","0"
"Marion","0","9","Missouri","6/18/20","7","2","29127","28.57"
"McDonald","11","124","Missouri","6/18/20","46","78","29119","169.57"
"Mercer","1","5","Missouri","6/18/20","0","5","29129","1"
"Miller","0","8","Missouri","6/18/20","5","3","29131","60"
"Mississippi","1","77","Missouri","6/18/20","68","9","29133","13.24"
"Moniteau","0","49","Missouri","6/18/20","49","0","29135","0"
"Monroe","0","3","Missouri","6/18/20","0","3","29137","1"
"Montgomery","0","12","Missouri","6/18/20","13","-1","29139","-7.69"
"Morgan","0","12","Missouri","6/18/20","9","3","29141","33.33"
"New Madrid","1","34","Missouri","6/18/20","28","6","29143","21.43"
"Newton","9","108","Missouri","6/18/20","47","61","29145","129.79"
"Nodaway","0","18","Missouri","6/18/20","15","3","29147","20"
"Oregon","0","6","Missouri","6/18/20","3","3","29149","100"
"Osage","0","5","Missouri","6/18/20","6","-1","29151","-16.67"
"Pemiscot","1","105","Missouri","6/18/20","99","6","29155","6.06"
"Perry","1","87","Missouri","6/18/20","79","8","29157","10.13"
"Pettis","1","94","Missouri","6/18/20","84","10","29159","11.9"
"Phelps","0","7","Missouri","6/18/20","6","1","29161","16.67"
"Pike","0","31","Missouri","6/18/20","29","2","29163","6.9"
"Platte","2","101","Missouri","6/18/20","84","17","29165","20.24"
"Polk","1","11","Missouri","6/18/20","7","4","29167","57.14"
"Pulaski","0","106","Missouri","6/18/20","109","-3","29169","-2.75"
"Putnam","0","2","Missouri","6/18/20","0","2","29171","1"
"Ralls","0","5","Missouri","6/18/20","5","0","29173","0"
"Randolph","0","12","Missouri","6/18/20","10","2","29175","20"
"Ray","0","25","Missouri","6/18/20","24","1","29177","4.17"
"Reynolds","0","3","Missouri","6/18/20","2","1","29179","50"
"Ripley","0","12","Missouri","6/18/20","11","1","29181","9.09"
"Saline","-1","277","Missouri","6/18/20","283","-6","29195","-2.12"
"Schuyler","0","1","Missouri","6/18/20","0","1","29197","1"
"Scotland","0","8","Missouri","6/18/20","9","-1","29199","-11.11"
"Scott","2","149","Missouri","6/18/20","132","17","29201","12.88"
"Shannon","1","6","Missouri","6/18/20","0","6","29203","1"
"Shelby","0","1","Missouri","6/18/20","1","0","29205","0"
"St. Charles","8","933","Missouri","6/18/20","879","54","29183","6.14"
"St. Clair","0","2","Missouri","6/18/20","3","-1","29185","-33.33"
"St. Francois","1","49","Missouri","6/18/20","41","8","29187","19.51"
"St. Louis","39","5731","Missouri","6/18/20","5460","271","29189","4.96"
"St. Louis City","19","2292","Missouri","6/18/20","2162","130","29510","6.01"
"Ste. Genevieve","0","14","Missouri","6/18/20","13","1","29186","7.69"
"Stoddard","2","126","Missouri","6/18/20","109","17","29207","15.6"
"Stone","0","8","Missouri","6/18/20","10","-2","29209","-20"
"Sullivan","3","91","Missouri","6/18/20","71","20","29211","28.17"
"Taney","2","29","Missouri","6/18/20","15","14","29213","93.33"
"Texas","0","1","Missouri","6/18/20","1","0","29215","0"
"Vernon","0","12","Missouri","6/18/20","12","0","29217","0"
"Warren","0","32","Missouri","6/18/20","31","1","29219","3.23"
"Washington","0","14","Missouri","6/18/20","13","1","29221","7.69"
"Webster","0","19","Missouri","6/18/20","18","1","29225","5.56"
"Worth","0","4","Missouri","6/18/20","4","0","29227","0"
"Wright","0","14","Missouri","6/18/20","14","0","29229","0"
"Beaverhead","0","1","Montana","6/18/20","1","0","30001","0"
"Big Horn","2","53","Montana","6/18/20","42","11","30003","26.19"
"Broadwater","0","4","Montana","6/18/20","4","0","30007","0"
"Carbon","0","9","Montana","6/18/20","6","3","30009","50"
"Cascade","0","20","Montana","6/18/20","17","3","30013","17.65"
"Custer","3","19","Montana","6/18/20","0","19","30017","1"
"Deer Lodge","0","3","Montana","6/18/20","3","0","30023","0"
"Fergus","0","2","Montana","6/18/20","0","2","30027","1"
"Flathead","1","45","Montana","6/18/20","37","8","30029","21.62"
"Gallatin","3","195","Montana","6/18/20","176","19","30031","10.8"
"Glacier","0","6","Montana","6/18/20","6","0","30035","0"
"Golden Valley","0","3","Montana","6/18/20","3","0","30037","0"
"Hill","0","1","Montana","6/18/20","1","0","30041","0"
"Jefferson","0","3","Montana","6/18/20","3","0","30043","0"
"Lake","1","10","Montana","6/18/20","5","5","30047","100"
"Lewis and Clark","0","20","Montana","6/18/20","18","2","30049","11.11"
"Liberty","0","1","Montana","6/18/20","1","0","30051","0"
"Lincoln","0","7","Montana","6/18/20","7","0","30053","0"
"Madison","0","8","Montana","6/18/20","8","0","30057","0"
"Meagher","0","1","Montana","6/18/20","1","0","30059","0"
"Missoula","1","46","Montana","6/18/20","39","7","30063","17.95"
"Musselshell","0","1","Montana","6/18/20","1","0","30065","0"
"Park","0","8","Montana","6/18/20","8","0","30067","0"
"Pondera","0","2","Montana","6/18/20","2","0","30073","0"
"Ravalli","0","17","Montana","6/18/20","14","3","30081","21.43"
"Richland","0","5","Montana","6/18/20","3","2","30083","66.67"
"Roosevelt","0","7","Montana","6/18/20","7","0","30085","0"
"Rosebud","0","1","Montana","6/18/20","1","0","30087","0"
"Silver Bow","0","11","Montana","6/18/20","11","0","30093","0"
"Stillwater","0","3","Montana","6/18/20","2","1","30095","50"
"Toole","0","29","Montana","6/18/20","29","0","30101","0"
"Valley","0","1","Montana","6/18/20","0","1","30105","1"
"Wheatland","0","1","Montana","6/18/20","1","0","30107","0"
"Yellowstone","1","112","Montana","6/18/20","106","6","30111","5.66"
"Adams","0","278","Nebraska","6/18/20","277","1","31001","0.36"
"Antelope","0","8","Nebraska","6/18/20","8","0","31003","0"
"Banner","0","1","Nebraska","6/18/20","1","0","31007","0"
"Boone","0","7","Nebraska","6/18/20","7","0","31011","0"
"Box Butte","0","3","Nebraska","6/18/20","3","0","31013","0"
"Boyd","0","1","Nebraska","6/18/20","1","0","31015","0"
"Buffalo","0","177","Nebraska","6/18/20","177","0","31019","0"
"Burt","0","11","Nebraska","6/18/20","9","2","31021","22.22"
"Butler","0","51","Nebraska","6/18/20","50","1","31023","2"
"Cass","0","60","Nebraska","6/18/20","59","1","31025","1.69"
"Cedar","0","8","Nebraska","6/18/20","8","0","31027","0"
"Chase","0","1","Nebraska","6/18/20","1","0","31029","0"
"Cherry","0","1","Nebraska","6/18/20","1","0","31031","0"
"Cheyenne","0","12","Nebraska","6/18/20","10","2","31033","20"
"Clay","0","24","Nebraska","6/18/20","24","0","31035","0"
"Colfax","1","653","Nebraska","6/18/20","643","10","31037","1.56"
"Cuming","0","34","Nebraska","6/18/20","34","0","31039","0"
"Custer","0","34","Nebraska","6/18/20","34","0","31041","0"
"Dakota","2","1735","Nebraska","6/18/20","1719","16","31043","0.93"
"Dawes","0","1","Nebraska","6/18/20","1","0","31045","0"
"Dawson","0","847","Nebraska","6/18/20","844","3","31047","0.36"
"Dixon","1","40","Nebraska","6/18/20","35","5","31051","14.29"
"Dodge","5","645","Nebraska","6/18/20","611","34","31053","5.56"
"Douglas","94","6058","Nebraska","6/18/20","5403","655","31055","12.12"
"Fillmore","1","13","Nebraska","6/18/20","9","4","31059","44.44"
"Franklin","0","6","Nebraska","6/18/20","6","0","31061","0"
"Frontier","0","1","Nebraska","6/18/20","1","0","31063","0"
"Furnas","0","9","Nebraska","6/18/20","9","0","31065","0"
"Gage","0","46","Nebraska","6/18/20","45","1","31067","2.22"
"Garden","0","4","Nebraska","6/18/20","4","0","31069","0"
"Garfield","0","1","Nebraska","6/18/20","1","0","31071","0"
"Gosper","0","13","Nebraska","6/18/20","13","0","31073","0"
"Greeley","0","3","Nebraska","6/18/20","3","0","31077","0"
"Hall","1","1569","Nebraska","6/18/20","1559","10","31079","0.64"
"Hamilton","0","57","Nebraska","6/18/20","56","1","31081","1.79"
"Hitchcock","0","1","Nebraska","6/18/20","1","0","31087","0"
"Holt","0","1","Nebraska","6/18/20","1","0","31089","0"
"Howard","0","44","Nebraska","6/18/20","44","0","31093","0"
"Jefferson","0","9","Nebraska","6/18/20","9","0","31095","0"
"Johnson","0","6","Nebraska","6/18/20","6","0","31097","0"
"Kearney","0","12","Nebraska","6/18/20","12","0","31099","0"
"Keith","0","2","Nebraska","6/18/20","2","0","31101","0"
"Kimball","0","8","Nebraska","6/18/20","8","0","31105","0"
"Knox","1","16","Nebraska","6/18/20","11","5","31107","45.45"
"Lancaster","20","1569","Nebraska","6/18/20","1428","141","31109","9.87"
"Lincoln","0","54","Nebraska","6/18/20","52","2","31111","3.85"
"Madison","2","344","Nebraska","6/18/20","331","13","31119","3.93"
"Merrick","0","37","Nebraska","6/18/20","37","0","31121","0"
"Morrill","0","14","Nebraska","6/18/20","11","3","31123","27.27"
"Nance","0","4","Nebraska","6/18/20","4","0","31125","0"
"Nemaha","0","4","Nebraska","6/18/20","4","0","31127","0"
"Nuckolls","0","1","Nebraska","6/18/20","1","0","31129","0"
"Otoe","0","14","Nebraska","6/18/20","11","3","31131","27.27"
"Phelps","0","21","Nebraska","6/18/20","20","1","31137","5"
"Pierce","0","6","Nebraska","6/18/20","6","0","31139","0"
"Platte","2","651","Nebraska","6/18/20","639","12","31141","1.88"
"Polk","0","12","Nebraska","6/18/20","12","0","31143","0"
"Red Willow","0","6","Nebraska","6/18/20","5","1","31145","20"
"Richardson","0","2","Nebraska","6/18/20","1","1","31147","100"
"Saline","1","525","Nebraska","6/18/20","518","7","31151","1.35"
"Sarpy","18","967","Nebraska","6/18/20","842","125","31153","14.85"
"Saunders","1","60","Nebraska","6/18/20","56","4","31155","7.14"
"Scotts Bluff","4","187","Nebraska","6/18/20","162","25","31157","15.43"
"Seward","0","32","Nebraska","6/18/20","30","2","31159","6.67"
"Sherman","0","5","Nebraska","6/18/20","4","1","31163","25"
"Sioux","0","1","Nebraska","6/18/20","1","0","31165","0"
"Stanton","0","21","Nebraska","6/18/20","21","0","31167","0"
"Thayer","0","1","Nebraska","6/18/20","1","0","31169","0"
"Thomas","0","1","Nebraska","6/18/20","1","0","31171","0"
"Thurston","1","71","Nebraska","6/18/20","63","8","31173","12.7"
"Valley","0","7","Nebraska","6/18/20","7","0","31175","0"
"Washington","0","41","Nebraska","6/18/20","38","3","31177","7.89"
"Wayne","0","26","Nebraska","6/18/20","26","0","31179","0"
"Webster","0","6","Nebraska","6/18/20","6","0","31181","0"
"York","0","37","Nebraska","6/18/20","37","0","31185","0"
"Carson City","2","126","Nevada","6/18/20","115","11","32510","9.57"
"Churchill","0","10","Nevada","6/18/20","10","0","32001","0"
"Clark","205","9535","Nevada","6/18/20","8100","1435","32003","17.72"
"Douglas","1","48","Nevada","6/18/20","39","9","32005","23.08"
"Elko","2","56","Nevada","6/18/20","39","17","32007","43.59"
"Humboldt","0","79","Nevada","6/18/20","78","1","32013","1.28"
"Lander","0","23","Nevada","6/18/20","24","-1","32015","-4.17"
"Lincoln","0","2","Nevada","6/18/20","2","0","32017","0"
"Lyon","1","96","Nevada","6/18/20","89","7","32019","7.87"
"Mineral","0","4","Nevada","6/18/20","4","0","32021","0"
"Nye","0","75","Nevada","6/18/20","72","3","32023","4.17"
"Pershing","0","5","Nevada","6/18/20","4","1","32027","25"
"Storey","0","1","Nevada","6/18/20","1","0","32029","0"
"Washoe","30","2106","Nevada","6/18/20","1893","213","32031","11.25"
"White Pine","0","3","Nevada","6/18/20","3","0","32033","0"
"Belknap","1","76","New Hampshire","6/18/20","72","4","33001","5.56"
"Carroll","0","49","New Hampshire","6/18/20","49","0","33003","0"
"Cheshire","0","62","New Hampshire","6/18/20","60","2","33005","3.33"
"Coos","0","6","New Hampshire","6/18/20","6","0","33007","0"
"Grafton","0","76","New Hampshire","6/18/20","76","0","33009","0"
"Hillsborough","30","3060","New Hampshire","6/18/20","2853","207","33011","7.26"
"Merrimack","1","392","New Hampshire","6/18/20","386","6","33013","1.55"
"Rockingham","3","1424","New Hampshire","6/18/20","1400","24","33015","1.71"
"Strafford","0","280","New Hampshire","6/18/20","278","2","33017","0.72"
"Sullivan","0","24","New Hampshire","6/18/20","25","-1","33019","-4"
"Atlantic","22","2583","New Jersey","6/18/20","2431","152","34001","6.25"
"Bergen","33","18949","New Jersey","6/18/20","18719","230","34003","1.23"
"Burlington","17","4954","New Jersey","6/18/20","4832","122","34005","2.52"
"Camden","18","7061","New Jersey","6/18/20","6938","123","34007","1.77"
"Cape May","2","680","New Jersey","6/18/20","663","17","34009","2.56"
"Cumberland","18","2755","New Jersey","6/18/20","2627","128","34011","4.87"
"Essex","38","18499","New Jersey","6/18/20","18234","265","34013","1.45"
"Gloucester","10","2438","New Jersey","6/18/20","2367","71","34015","3"
"Hudson","26","19249","New Jersey","6/18/20","19066","183","34017","0.96"
"Hunterdon","2","1049","New Jersey","6/18/20","1032","17","34019","1.65"
"Mercer","20","7416","New Jersey","6/18/20","7275","141","34021","1.94"
"Middlesex","31","16547","New Jersey","6/18/20","16327","220","34023","1.35"
"Monmouth","29","8830","New Jersey","6/18/20","8627","203","34025","2.35"
"Morris","7","6652","New Jersey","6/18/20","6601","51","34027","0.77"
"Ocean","26","9351","New Jersey","6/18/20","9166","185","34029","2.02"
"Passaic","22","16706","New Jersey","6/18/20","16555","151","34031","0.91"
"Salem","7","736","New Jersey","6/18/20","689","47","34033","6.82"
"Somerset","9","4786","New Jersey","6/18/20","4721","65","34035","1.38"
"Sussex","4","1208","New Jersey","6/18/20","1179","29","34037","2.46"
"Union","-5","16304","New Jersey","6/18/20","16337","-33","34039","-0.2"
"Warren","1","1205","New Jersey","6/18/20","1198","7","34041","0.58"
"Bernalillo","13","1740","New Mexico","6/18/20","1652","88","35001","5.33"
"Catron","0","2","New Mexico","6/18/20","2","0","35003","0"
"Chaves","1","61","New Mexico","6/18/20","52","9","35005","17.31"
"Cibola","2","188","New Mexico","6/18/20","172","16","35006","9.3"
"Colfax","0","8","New Mexico","6/18/20","6","2","35007","33.33"
"Curry","4","97","New Mexico","6/18/20","68","29","35009","42.65"
"Dona Ana","8","685","New Mexico","6/18/20","632","53","35013","8.39"
"Eddy","1","49","New Mexico","6/18/20","45","4","35015","8.89"
"Grant","0","16","New Mexico","6/18/20","16","0","35017","0"
"Guadalupe","0","20","New Mexico","6/18/20","20","0","35019","0"
"Harding","0","1","New Mexico","6/18/20","1","0","35021","0"
"Hidalgo","3","23","New Mexico","6/18/20","1","22","35023","2200"
"Lea","3","54","New Mexico","6/18/20","35","19","35025","54.29"
"Lincoln","0","7","New Mexico","6/18/20","5","2","35027","40"
"Los Alamos","0","7","New Mexico","6/18/20","6","1","35028","16.67"
"Luna","3","44","New Mexico","6/18/20","20","24","35029","120"
"McKinley","24","2987","New Mexico","6/18/20","2822","165","35031","5.85"
"Otero","0","30","New Mexico","6/18/20","28","2","35035","7.14"
"Quay","0","5","New Mexico","6/18/20","4","1","35037","25"
"Rio Arriba","1","66","New Mexico","6/18/20","60","6","35039","10"
"Roosevelt","0","54","New Mexico","6/18/20","51","3","35041","5.88"
"San Juan","15","2148","New Mexico","6/18/20","2043","105","35045","5.14"
"San Miguel","0","18","New Mexico","6/18/20","16","2","35047","12.5"
"Sandoval","7","656","New Mexico","6/18/20","607","49","35043","8.07"
"Santa Fe","3","184","New Mexico","6/18/20","161","23","35049","14.29"
"Sierra","0","5","New Mexico","6/18/20","3","2","35051","66.67"
"Socorro","0","55","New Mexico","6/18/20","55","0","35053","0"
"Taos","0","33","New Mexico","6/18/20","31","2","35055","6.45"
"Torrance","0","34","New Mexico","6/18/20","35","-1","35057","-2.86"
"Union","0","5","New Mexico","6/18/20","5","0","35059","0"
"Valencia","1","90","New Mexico","6/18/20","86","4","35061","4.65"
"Albany","5","2034","New York","6/18/20","1996","38","36001","1.9"
"Allegany","1","57","New York","6/18/20","53","4","36003","7.55"
"Broome","2","657","New York","6/18/20","641","16","36007","2.5"
"Cattaraugus","2","109","New York","6/18/20","98","11","36009","11.22"
"Cayuga","1","106","New York","6/18/20","102","4","36011","3.92"
"Chautauqua","1","110","New York","6/18/20","106","4","36013","3.77"
"Chemung","0","138","New York","6/18/20","138","0","36015","0"
"Chenango","0","139","New York","6/18/20","137","2","36017","1.46"
"Clinton","0","99","New York","6/18/20","98","1","36019","1.02"
"Columbia","3","443","New York","6/18/20","424","19","36021","4.48"
"Cortland","0","44","New York","6/18/20","42","2","36023","4.76"
"Delaware","0","89","New York","6/18/20","88","1","36025","1.14"
"Dutchess","9","4088","New York","6/18/20","4027","61","36027","1.51"
"Erie","37","6920","New York","6/18/20","6659","261","36029","3.92"
"Essex","0","40","New York","6/18/20","40","0","36031","0"
"Franklin","0","26","New York","6/18/20","23","3","36033","13.04"
"Fulton","1","236","New York","6/18/20","230","6","36035","2.61"
"Genesee","1","217","New York","6/18/20","212","5","36037","2.36"
"Greene","0","252","New York","6/18/20","249","3","36039","1.2"
"Hamilton","0","6","New York","6/18/20","5","1","36041","20"
"Herkimer","0","128","New York","6/18/20","125","3","36043","2.4"
"Jefferson","0","82","New York","6/18/20","79","3","36045","3.8"
"Lewis","0","21","New York","6/18/20","20","1","36049","5"
"Livingston","0","123","New York","6/18/20","121","2","36051","1.65"
"Madison","1","341","New York","6/18/20","333","8","36053","2.4"
"Monroe","21","3439","New York","6/18/20","3293","146","36055","4.43"
"Montgomery","1","105","New York","6/18/20","101","4","36057","3.96"
"Nassau","41","41349","New York","6/18/20","41060","289","36059","0.7"
"New York","392","211260","New York","6/18/20","208517","2743","36061","1.32"
"Niagara","7","1183","New York","6/18/20","1136","47","36063","4.14"
"Oneida","17","1332","New York","6/18/20","1216","116","36065","9.54"
"Onondaga","23","2615","New York","6/18/20","2454","161","36067","6.56"
"Ontario","1","235","New York","6/18/20","229","6","36069","2.62"
"Orange","8","10604","New York","6/18/20","10550","54","36071","0.51"
"Orleans","2","271","New York","6/18/20","260","11","36073","4.23"
"Oswego","4","144","New York","6/18/20","119","25","36075","21.01"
"Otsego","1","82","New York","6/18/20","78","4","36077","5.13"
"Putnam","2","1295","New York","6/18/20","1282","13","36079","1.01"
"Rensselaer","1","515","New York","6/18/20","508","7","36083","1.38"
"Rockland","13","13474","New York","6/18/20","13385","89","36087","0.66"
"Saratoga","2","526","New York","6/18/20","513","13","36091","2.53"
"Schenectady","3","738","New York","6/18/20","717","21","36093","2.93"
"Schoharie","0","55","New York","6/18/20","54","1","36095","1.85"
"Schuyler","0","12","New York","6/18/20","12","0","36097","0"
"Seneca","0","64","New York","6/18/20","62","2","36099","3.23"
"St. Lawrence","0","215","New York","6/18/20","212","3","36089","1.42"
"Steuben","0","257","New York","6/18/20","254","3","36101","1.18"
"Suffolk","43","40810","New York","6/18/20","40512","298","36103","0.74"
"Sullivan","1","1434","New York","6/18/20","1426","8","36105","0.56"
"Tioga","1","140","New York","6/18/20","135","5","36107","3.7"
"Tompkins","0","173","New York","6/18/20","171","2","36109","1.17"
"Ulster","2","1746","New York","6/18/20","1729","17","36111","0.98"
"Warren","0","258","New York","6/18/20","257","1","36113","0.39"
"Washington","0","243","New York","6/18/20","241","2","36115","0.83"
"Wayne","2","139","New York","6/18/20","127","12","36117","9.45"
"Westchester","43","34409","New York","6/18/20","34106","303","36119","0.89"
"Wyoming","0","93","New York","6/18/20","91","2","36121","2.2"
"Yates","0","40","New York","6/18/20","39","1","36123","2.56"
"Alamance","37","838","North Carolina","6/18/20","581","257","37001","44.23"
"Alexander","2","56","North Carolina","6/18/20","43","13","37003","30.23"
"Alleghany","0","30","North Carolina","6/18/20","30","0","37005","0"
"Anson","1","91","North Carolina","6/18/20","81","10","37007","12.35"
"Ashe","0","44","North Carolina","6/18/20","42","2","37009","4.76"
"Avery","0","6","North Carolina","6/18/20","6","0","37011","0"
"Beaufort","1","55","North Carolina","6/18/20","45","10","37013","22.22"
"Bertie","0","135","North Carolina","6/18/20","135","0","37015","0"
"Bladen","7","220","North Carolina","6/18/20","173","47","37017","27.17"
"Brunswick","16","293","North Carolina","6/18/20","183","110","37019","60.11"
"Buncombe","9","478","North Carolina","6/18/20","417","61","37021","14.63"
"Burke","23","872","North Carolina","6/18/20","710","162","37023","22.82"
"Cabarrus","16","773","North Carolina","6/18/20","662","111","37025","16.77"
"Caldwell","6","273","North Carolina","6/18/20","228","45","37027","19.74"
"Camden","1","9","North Carolina","6/18/20","3","6","37029","200"
"Carteret","1","48","North Carolina","6/18/20","43","5","37031","11.63"
"Caswell","1","110","North Carolina","6/18/20","101","9","37033","8.91"
"Catawba","21","485","North Carolina","6/18/20","341","144","37035","42.23"
"Chatham","12","841","North Carolina","6/18/20","759","82","37037","10.8"
"Cherokee","0","31","North Carolina","6/18/20","30","1","37039","3.33"
"Chowan","0","19","North Carolina","6/18/20","19","0","37041","0"
"Clay","0","9","North Carolina","6/18/20","8","1","37043","12.5"
"Cleveland","8","189","North Carolina","6/18/20","134","55","37045","41.04"
"Columbus","8","446","North Carolina","6/18/20","388","58","37047","14.95"
"Craven","6","283","North Carolina","6/18/20","243","40","37049","16.46"
"Cumberland","17","948","North Carolina","6/18/20","828","120","37051","14.49"
"Currituck","0","17","North Carolina","6/18/20","15","2","37053","13.33"
"Dare","0","27","North Carolina","6/18/20","25","2","37055","8"
"Davidson","19","691","North Carolina","6/18/20","556","135","37057","24.28"
"Davie","3","152","North Carolina","6/18/20","131","21","37059","16.03"
"Duplin","23","1257","North Carolina","6/18/20","1096","161","37061","14.69"
"Durham","77","2912","North Carolina","6/18/20","2370","542","37063","22.87"
"Edgecombe","3","257","North Carolina","6/18/20","234","23","37065","9.83"
"Forsyth","58","2372","North Carolina","6/18/20","1967","405","37067","20.59"
"Franklin","6","244","North Carolina","6/18/20","202","42","37069","20.79"
"Gaston","31","621","North Carolina","6/18/20","406","215","37071","52.96"
"Gates","0","25","North Carolina","6/18/20","24","1","37073","4.17"
"Graham","0","6","North Carolina","6/18/20","6","0","37075","0"
"Granville","10","703","North Carolina","6/18/20","631","72","37077","11.41"
"Greene","4","132","North Carolina","6/18/20","107","25","37079","23.36"
"Guilford","54","2230","North Carolina","6/18/20","1853","377","37081","20.35"
"Halifax","2","244","North Carolina","6/18/20","231","13","37083","5.63"
"Harnett","10","435","North Carolina","6/18/20","363","72","37085","19.83"
"Haywood","1","69","North Carolina","6/18/20","63","6","37087","9.52"
"Henderson","10","472","North Carolina","6/18/20","399","73","37089","18.3"
"Hertford","2","153","North Carolina","6/18/20","140","13","37091","9.29"
"Hoke","3","312","North Carolina","6/18/20","291","21","37093","7.22"
"Hyde","0","3","North Carolina","6/18/20","2","1","37095","50"
"Iredell","14","479","North Carolina","6/18/20","378","101","37097","26.72"
"Jackson","1","64","North Carolina","6/18/20","55","9","37099","16.36"
"Johnston","38","968","North Carolina","6/18/20","699","269","37101","38.48"
"Jones","0","28","North Carolina","6/18/20","28","0","37103","0"
"Lee","9","625","North Carolina","6/18/20","561","64","37105","11.41"
"Lenoir","7","316","North Carolina","6/18/20","266","50","37107","18.8"
"Lincoln","7","164","North Carolina","6/18/20","113","51","37109","45.13"
"Macon","11","237","North Carolina","6/18/20","159","78","37113","49.06"
"Madison","0","5","North Carolina","6/18/20","4","1","37115","25"
"Martin","3","103","North Carolina","6/18/20","82","21","37117","25.61"
"McDowell","7","172","North Carolina","6/18/20","121","51","37111","42.15"
"Mecklenburg","236","7804","North Carolina","6/18/20","6155","1649","37119","26.79"
"Mitchell","1","23","North Carolina","6/18/20","17","6","37121","35.29"
"Montgomery","3","229","North Carolina","6/18/20","205","24","37123","11.71"
"Moore","7","335","North Carolina","6/18/20","288","47","37125","16.32"
"Nash","8","311","North Carolina","6/18/20","255","56","37127","21.96"
"New Hanover","21","449","North Carolina","6/18/20","304","145","37129","47.7"
"Northampton","1","174","North Carolina","6/18/20","170","4","37131","2.35"
"Onslow","5","180","North Carolina","6/18/20","145","35","37133","24.14"
"Orange","10","497","North Carolina","6/18/20","427","70","37135","16.39"
"Pamlico","0","15","North Carolina","6/18/20","14","1","37137","7.14"
"Pasquotank","4","152","North Carolina","6/18/20","125","27","37139","21.6"
"Pender","4","149","North Carolina","6/18/20","122","27","37141","22.13"
"Perquimans","0","30","North Carolina","6/18/20","28","2","37143","7.14"
"Person","2","86","North Carolina","6/18/20","70","16","37145","22.86"
"Pitt","11","507","North Carolina","6/18/20","432","75","37147","17.36"
"Polk","1","61","North Carolina","6/18/20","51","10","37149","19.61"
"Randolph","19","997","North Carolina","6/18/20","866","131","37151","15.13"
"Richmond","4","221","North Carolina","6/18/20","190","31","37153","16.32"
"Robeson","18","1127","North Carolina","6/18/20","1001","126","37155","12.59"
"Rockingham","4","150","North Carolina","6/18/20","123","27","37157","21.95"
"Rowan","21","957","North Carolina","6/18/20","808","149","37159","18.44"
"Rutherford","5","233","North Carolina","6/18/20","200","33","37161","16.5"
"Sampson","23","802","North Carolina","6/18/20","642","160","37163","24.92"
"Scotland","2","114","North Carolina","6/18/20","102","12","37165","11.76"
"Stanly","7","180","North Carolina","6/18/20","130","50","37167","38.46"
"Stokes","1","98","North Carolina","6/18/20","90","8","37169","8.89"
"Surry","8","353","North Carolina","6/18/20","300","53","37171","17.67"
"Swain","1","39","North Carolina","6/18/20","33","6","37173","18.18"
"Transylvania","0","17","North Carolina","6/18/20","16","1","37175","6.25"
"Tyrrell","0","5","North Carolina","6/18/20","4","1","37177","25"
"Union","22","802","North Carolina","6/18/20","647","155","37179","23.96"
"Vance","6","434","North Carolina","6/18/20","390","44","37181","11.28"
"Wake","112","3385","North Carolina","6/18/20","2601","784","37183","30.14"
"Warren","3","142","North Carolina","6/18/20","118","24","37185","20.34"
"Washington","0","35","North Carolina","6/18/20","32","3","37187","9.38"
"Watauga","0","44","North Carolina","6/18/20","41","3","37189","7.32"
"Wayne","23","1565","North Carolina","6/18/20","1403","162","37191","11.55"
"Wilkes","5","551","North Carolina","6/18/20","516","35","37193","6.78"
"Wilson","12","545","North Carolina","6/18/20","464","81","37195","17.46"
"Yadkin","5","259","North Carolina","6/18/20","225","34","37197","15.11"
"Yancey","1","33","North Carolina","6/18/20","23","10","37199","43.48"
"Barnes","1","16","North Dakota","6/18/20","9","7","38003","77.78"
"Benson","0","3","North Dakota","6/18/20","3","0","38005","0"
"Bottineau","0","4","North Dakota","6/18/20","4","0","38009","0"
"Bowman","0","1","North Dakota","6/18/20","1","0","38011","0"
"Burke","0","5","North Dakota","6/18/20","5","0","38013","0"
"Burleigh","4","180","North Dakota","6/18/20","150","30","38015","20"
"Cass","15","2091","North Dakota","6/18/20","1984","107","38017","5.39"
"Dickey","0","3","North Dakota","6/18/20","2","1","38021","50"
"Divide","0","1","North Dakota","6/18/20","1","0","38023","0"
"Dunn","0","11","North Dakota","6/18/20","11","0","38025","0"
"Eddy","0","5","North Dakota","6/18/20","5","0","38027","0"
"Emmons","0","4","North Dakota","6/18/20","4","0","38029","0"
"Foster","0","1","North Dakota","6/18/20","1","0","38031","0"
"Grand Forks","2","356","North Dakota","6/18/20","339","17","38035","5.01"
"Grant","0","2","North Dakota","6/18/20","2","0","38037","0"
"Griggs","0","1","North Dakota","6/18/20","1","0","38039","0"
"Kidder","0","2","North Dakota","6/18/20","2","0","38043","0"
"LaMoure","1","10","North Dakota","6/18/20","6","4","38045","66.67"
"McHenry","0","2","North Dakota","6/18/20","2","0","38049","0"
"McIntosh","0","1","North Dakota","6/18/20","1","0","38051","0"
"McKenzie","0","22","North Dakota","6/18/20","21","1","38053","4.76"
"McLean","0","11","North Dakota","6/18/20","8","3","38055","37.5"
"Mercer","0","6","North Dakota","6/18/20","6","0","38057","0"
"Morton","1","70","North Dakota","6/18/20","61","9","38059","14.75"
"Mountrail","0","43","North Dakota","6/18/20","43","0","38061","0"
"Nelson","0","1","North Dakota","6/18/20","1","0","38063","0"
"Oliver","0","1","North Dakota","6/18/20","1","0","38065","0"
"Pembina","0","7","North Dakota","6/18/20","6","1","38067","16.67"
"Pierce","0","3","North Dakota","6/18/20","3","0","38069","0"
"Ramsey","0","8","North Dakota","6/18/20","8","0","38071","0"
"Ransom","0","13","North Dakota","6/18/20","12","1","38073","8.33"
"Renville","0","3","North Dakota","6/18/20","3","0","38075","0"
"Richland","1","37","North Dakota","6/18/20","32","5","38077","15.62"
"Rolette","0","8","North Dakota","6/18/20","7","1","38079","14.29"
"Sargent","0","5","North Dakota","6/18/20","4","1","38081","25"
"Sheridan","0","1","North Dakota","6/18/20","1","0","38083","0"
"Sioux","1","10","North Dakota","6/18/20","2","8","38085","400"
"Slope","0","3","North Dakota","6/18/20","3","0","38087","0"
"Stark","0","65","North Dakota","6/18/20","63","2","38089","3.17"
"Steele","0","1","North Dakota","6/18/20","1","0","38091","0"
"Stutsman","1","60","North Dakota","6/18/20","51","9","38093","17.65"
"Traill","0","15","North Dakota","6/18/20","15","0","38097","0"
"Walsh","0","17","North Dakota","6/18/20","16","1","38099","6.25"
"Ward","1","50","North Dakota","6/18/20","45","5","38101","11.11"
"Wells","0","8","North Dakota","6/18/20","8","0","38103","0"
"Williams","0","26","North Dakota","6/18/20","26","0","38105","0"
"","0","30","Northern Mariana Islands","6/18/20","30","0",,"0"
"Adams","1","18","Ohio","6/18/20","12","6","39001","50"
"Allen","2","246","Ohio","6/18/20","233","13","39003","5.58"
"Ashland","2","37","Ohio","6/18/20","26","11","39005","42.31"
"Ashtabula","3","402","Ohio","6/18/20","382","20","39007","5.24"
"Athens","0","24","Ohio","6/18/20","23","1","39009","4.35"
"Auglaize","1","87","Ohio","6/18/20","82","5","39011","6.1"
"Belmont","1","472","Ohio","6/18/20","462","10","39013","2.16"
"Brown","1","40","Ohio","6/18/20","36","4","39015","11.11"
"Butler","15","1153","Ohio","6/18/20","1048","105","39017","10.02"
"Carroll","0","37","Ohio","6/18/20","36","1","39019","2.78"
"Champaign","0","37","Ohio","6/18/20","34","3","39021","8.82"
"Clark","25","568","Ohio","6/18/20","394","174","39023","44.16"
"Clermont","3","256","Ohio","6/18/20","235","21","39025","8.94"
"Clinton","1","54","Ohio","6/18/20","50","4","39027","8"
"Columbiana","4","940","Ohio","6/18/20","911","29","39029","3.18"
"Coshocton","1","54","Ohio","6/18/20","49","5","39031","10.2"
"Crawford","0","122","Ohio","6/18/20","123","-1","39033","-0.81"
"Cuyahoga","50","5404","Ohio","6/18/20","5057","347","39035","6.86"
"Darke","2","227","Ohio","6/18/20","210","17","39037","8.1"
"Defiance","0","40","Ohio","6/18/20","40","0","39039","0"
"Delaware","3","410","Ohio","6/18/20","387","23","39041","5.94"
"Erie","3","215","Ohio","6/18/20","191","24","39043","12.57"
"Fairfield","6","392","Ohio","6/18/20","348","44","39045","12.64"
"Fayette","0","45","Ohio","6/18/20","44","1","39047","2.27"
"Franklin","92","7487","Ohio","6/18/20","6844","643","39049","9.4"
"Fulton","0","53","Ohio","6/18/20","52","1","39051","1.92"
"Gallia","0","9","Ohio","6/18/20","9","0","39053","0"
"Geauga","3","349","Ohio","6/18/20","331","18","39055","5.44"
"Greene","4","156","Ohio","6/18/20","129","27","39057","20.93"
"Guernsey","0","44","Ohio","6/18/20","44","0","39059","0"
"Hamilton","71","3508","Ohio","6/18/20","3011","497","39061","16.51"
"Hancock","0","62","Ohio","6/18/20","61","1","39063","1.64"
"Hardin","3","105","Ohio","6/18/20","87","18","39065","20.69"
"Harrison","0","11","Ohio","6/18/20","10","1","39067","10"
"Henry","0","21","Ohio","6/18/20","19","2","39069","10.53"
"Highland","0","35","Ohio","6/18/20","33","2","39071","6.06"
"Hocking","0","73","Ohio","6/18/20","73","0","39073","0"
"Holmes","4","101","Ohio","6/18/20","74","27","39075","36.49"
"Huron","3","95","Ohio","6/18/20","71","24","39077","33.8"
"Jackson","0","16","Ohio","6/18/20","16","0","39079","0"
"Jefferson","0","71","Ohio","6/18/20","69","2","39081","2.9"
"Knox","0","33","Ohio","6/18/20","30","3","39083","10"
"Lake","3","356","Ohio","6/18/20","338","18","39085","5.33"
"Lawrence","1","40","Ohio","6/18/20","32","8","39087","25"
"Licking","5","324","Ohio","6/18/20","287","37","39089","12.89"
"Logan","0","48","Ohio","6/18/20","47","1","39091","2.13"
"Lorain","7","822","Ohio","6/18/20","772","50","39093","6.48"
"Lucas","11","2468","Ohio","6/18/20","2394","74","39095","3.09"
"Madison","0","170","Ohio","6/18/20","167","3","39097","1.8"
"Mahoning","8","1619","Ohio","6/18/20","1563","56","39099","3.58"
"Marion","2","2713","Ohio","6/18/20","2699","14","39101","0.52"
"Medina","1","404","Ohio","6/18/20","394","10","39103","2.54"
"Meigs","0","9","Ohio","6/18/20","6","3","39105","50"
"Mercer","2","253","Ohio","6/18/20","242","11","39107","4.55"
"Miami","2","393","Ohio","6/18/20","380","13","39109","3.42"
"Monroe","0","82","Ohio","6/18/20","83","-1","39111","-1.2"
"Montgomery","35","1118","Ohio","6/18/20","874","244","39113","27.92"
"Morgan","0","6","Ohio","6/18/20","6","0","39115","0"
"Morrow","0","110","Ohio","6/18/20","110","0","39117","0"
"Muskingum","1","61","Ohio","6/18/20","55","6","39119","10.91"
"Noble","0","6","Ohio","6/18/20","6","0","39121","0"
"Ottawa","1","118","Ohio","6/18/20","111","7","39123","6.31"
"Paulding","0","17","Ohio","6/18/20","14","3","39125","21.43"
"Perry","0","25","Ohio","6/18/20","22","3","39127","13.64"
"Pickaway","1","2131","Ohio","6/18/20","2121","10","39129","0.47"
"Pike","0","12","Ohio","6/18/20","10","2","39131","20"
"Portage","2","364","Ohio","6/18/20","348","16","39133","4.6"
"Preble","1","46","Ohio","6/18/20","40","6","39135","15"
"Putnam","0","102","Ohio","6/18/20","100","2","39137","2"
"Richland","3","260","Ohio","6/18/20","238","22","39139","9.24"
"Ross","1","82","Ohio","6/18/20","78","4","39141","5.13"
"Sandusky","1","106","Ohio","6/18/20","102","4","39143","3.92"
"Scioto","0","21","Ohio","6/18/20","19","2","39145","10.53"
"Seneca","0","30","Ohio","6/18/20","29","1","39147","3.45"
"Shelby","0","50","Ohio","6/18/20","49","1","39149","2.04"
"Stark","9","908","Ohio","6/18/20","845","63","39151","7.46"
"Summit","14","1722","Ohio","6/18/20","1623","99","39153","6.1"
"Trumbull","8","682","Ohio","6/18/20","625","57","39155","9.12"
"Tuscarawas","2","408","Ohio","6/18/20","392","16","39157","4.08"
"Union","1","67","Ohio","6/18/20","62","5","39159","8.06"
"Van Wert","1","14","Ohio","6/18/20","9","5","39161","55.56"
"Vinton","0","22","Ohio","6/18/20","21","1","39163","4.76"
"Warren","11","549","Ohio","6/18/20","473","76","39165","16.07"
"Washington","0","119","Ohio","6/18/20","117","2","39167","1.71"
"Wayne","2","316","Ohio","6/18/20","304","12","39169","3.95"
"Williams","0","59","Ohio","6/18/20","58","1","39171","1.72"
"Wood","2","331","Ohio","6/18/20","314","17","39173","5.41"
"Wyandot","0","50","Ohio","6/18/20","49","1","39175","2.04"
"Adair","1","101","Oklahoma","6/18/20","95","6","40001","6.32"
"Alfalfa","0","1","Oklahoma","6/18/20","1","0","40003","0"
"Atoka","1","11","Oklahoma","6/18/20","5","6","40005","120"
"Beaver","0","30","Oklahoma","6/18/20","29","1","40007","3.45"
"Beckham","0","8","Oklahoma","6/18/20","7","1","40009","14.29"
"Blaine","0","12","Oklahoma","6/18/20","9","3","40011","33.33"
"Bryan","2","64","Oklahoma","6/18/20","47","17","40013","36.17"
"Caddo","1","181","Oklahoma","6/18/20","173","8","40015","4.62"
"Canadian","4","175","Oklahoma","6/18/20","144","31","40017","21.53"
"Carter","1","62","Oklahoma","6/18/20","57","5","40019","8.77"
"Cherokee","3","58","Oklahoma","6/18/20","39","19","40021","48.72"
"Choctaw","1","107","Oklahoma","6/18/20","101","6","40023","5.94"
"Cimarron","0","1","Oklahoma","6/18/20","1","0","40025","0"
"Cleveland","10","605","Oklahoma","6/18/20","533","72","40027","13.51"
"Coal","0","6","Oklahoma","6/18/20","6","0","40029","0"
"Comanche","6","360","Oklahoma","6/18/20","317","43","40031","13.56"
"Cotton","0","5","Oklahoma","6/18/20","5","0","40033","0"
"Craig","0","17","Oklahoma","6/18/20","16","1","40035","6.25"
"Creek","2","118","Oklahoma","6/18/20","101","17","40037","16.83"
"Custer","1","46","Oklahoma","6/18/20","38","8","40039","21.05"
"Delaware","1","112","Oklahoma","6/18/20","104","8","40041","7.69"
"Dewey","0","4","Oklahoma","6/18/20","2","2","40043","100"
"Garfield","3","53","Oklahoma","6/18/20","31","22","40047","70.97"
"Garvin","3","39","Oklahoma","6/18/20","20","19","40049","95"
"Grady","1","122","Oklahoma","6/18/20","115","7","40051","6.09"
"Grant","0","2","Oklahoma","6/18/20","2","0","40053","0"
"Greer","0","66","Oklahoma","6/18/20","66","0","40055","0"
"Harmon","0","1","Oklahoma","6/18/20","0","1","40057","1"
"Harper","0","1","Oklahoma","6/18/20","1","0","40059","0"
"Haskell","0","7","Oklahoma","6/18/20","6","1","40061","16.67"
"Hughes","0","3","Oklahoma","6/18/20","3","0","40063","0"
"Jackson","0","32","Oklahoma","6/18/20","30","2","40065","6.67"
"Jefferson","0","4","Oklahoma","6/18/20","4","0","40067","0"
"Johnston","1","8","Oklahoma","6/18/20","4","4","40069","100"
"Kay","1","72","Oklahoma","6/18/20","64","8","40071","12.5"
"Kingfisher","0","13","Oklahoma","6/18/20","12","1","40073","8.33"
"Kiowa","0","6","Oklahoma","6/18/20","6","0","40075","0"
"Latimer","0","7","Oklahoma","6/18/20","5","2","40077","40"
"Le Flore","1","25","Oklahoma","6/18/20","17","8","40079","47.06"
"Lincoln","1","26","Oklahoma","6/18/20","22","4","40081","18.18"
"Logan","0","25","Oklahoma","6/18/20","22","3","40083","13.64"
"Love","1","25","Oklahoma","6/18/20","20","5","40085","25"
"Major","0","7","Oklahoma","6/18/20","6","1","40093","16.67"
"Marshall","1","21","Oklahoma","6/18/20","13","8","40095","61.54"
"Mayes","2","60","Oklahoma","6/18/20","46","14","40097","30.43"
"McClain","1","120","Oklahoma","6/18/20","112","8","40087","7.14"
"McCurtain","10","189","Oklahoma","6/18/20","122","67","40089","54.92"
"McIntosh","2","25","Oklahoma","6/18/20","14","11","40091","78.57"
"Murray","1","12","Oklahoma","6/18/20","6","6","40099","100"
"Muskogee","2","80","Oklahoma","6/18/20","69","11","40101","15.94"
"Noble","2","24","Oklahoma","6/18/20","7","17","40103","242.86"
"Nowata","0","27","Oklahoma","6/18/20","24","3","40105","12.5"
"Okfuskee","0","7","Oklahoma","6/18/20","6","1","40107","16.67"
"Oklahoma","57","1861","Oklahoma","6/18/20","1461","400","40109","27.38"
"Okmulgee","0","32","Oklahoma","6/18/20","29","3","40111","10.34"
"Osage","3","124","Oklahoma","6/18/20","104","20","40113","19.23"
"Ottawa","1","42","Oklahoma","6/18/20","36","6","40115","16.67"
"Pawnee","1","41","Oklahoma","6/18/20","35","6","40117","17.14"
"Payne","17","179","Oklahoma","6/18/20","60","119","40119","198.33"
"Pittsburg","0","47","Oklahoma","6/18/20","44","3","40121","6.82"
"Pontotoc","1","24","Oklahoma","6/18/20","20","4","40123","20"
"Pottawatomie","2","79","Oklahoma","6/18/20","66","13","40125","19.7"
"Pushmataha","0","7","Oklahoma","6/18/20","6","1","40127","16.67"
"Rogers","3","113","Oklahoma","6/18/20","92","21","40131","22.83"
"Seminole","0","31","Oklahoma","6/18/20","30","1","40133","3.33"
"Sequoyah","0","21","Oklahoma","6/18/20","19","2","40135","10.53"
"Stephens","1","48","Oklahoma","6/18/20","44","4","40137","9.09"
"Texas","3","976","Oklahoma","6/18/20","956","20","40139","2.09"
"Tillman","0","23","Oklahoma","6/18/20","23","0","40141","0"
"Tulsa","82","1945","Oklahoma","6/18/20","1372","573","40143","41.76"
"Wagoner","4","189","Oklahoma","6/18/20","164","25","40145","15.24"
"Washington","2","361","Oklahoma","6/18/20","344","17","40147","4.94"
"Washita","0","3","Oklahoma","6/18/20","2","1","40149","50"
"Woods","0","5","Oklahoma","6/18/20","5","0","40151","0"
"Woodward","0","11","Oklahoma","6/18/20","9","2","40153","22.22"
"Baker","0","1","Oregon","6/18/20","1","0","41001","0"
"Benton","0","66","Oregon","6/18/20","63","3","41003","4.76"
"Clackamas","13","538","Oregon","6/18/20","446","92","41005","20.63"
"Clatsop","0","46","Oregon","6/18/20","46","0","41007","0"
"Columbia","1","26","Oregon","6/18/20","17","9","41009","52.94"
"Coos","0","32","Oregon","6/18/20","32","0","41011","0"
"Crook","0","9","Oregon","6/18/20","8","1","41013","12.5"
"Curry","0","7","Oregon","6/18/20","7","0","41015","0"
"Deschutes","1","139","Oregon","6/18/20","135","4","41017","2.96"
"Douglas","0","29","Oregon","6/18/20","29","0","41019","0"
"Grant","0","1","Oregon","6/18/20","1","0","41023","0"
"Harney","0","1","Oregon","6/18/20","1","0","41025","0"
"Hood River","2","85","Oregon","6/18/20","68","17","41027","25"
"Jackson","1","85","Oregon","6/18/20","76","9","41029","11.84"
"Jefferson","1","73","Oregon","6/18/20","67","6","41031","8.96"
"Josephine","0","26","Oregon","6/18/20","23","3","41033","13.04"
"Klamath","3","68","Oregon","6/18/20","46","22","41035","47.83"
"Lake","0","6","Oregon","6/18/20","4","2","41037","50"
"Lane","1","90","Oregon","6/18/20","85","5","41039","5.88"
"Lincoln","9","230","Oregon","6/18/20","170","60","41041","35.29"
"Linn","0","126","Oregon","6/18/20","124","2","41043","1.61"
"Malheur","1","42","Oregon","6/18/20","33","9","41045","27.27"
"Marion","20","1244","Oregon","6/18/20","1105","139","41047","12.58"
"Morrow","1","22","Oregon","6/18/20","13","9","41049","69.23"
"Multnomah","37","1665","Oregon","6/18/20","1404","261","41051","18.59"
"Polk","3","131","Oregon","6/18/20","108","23","41053","21.3"
"Sherman","0","1","Oregon","6/18/20","1","0","41055","0"
"Tillamook","0","6","Oregon","6/18/20","6","0","41057","0"
"Umatilla","8","206","Oregon","6/18/20","152","54","41059","35.53"
"Union","34","247","Oregon","6/18/20","8","239","41061","2987.5"
"Wallowa","0","4","Oregon","6/18/20","4","0","41063","0"
"Wasco","1","42","Oregon","6/18/20","35","7","41065","20"
"Washington","21","975","Oregon","6/18/20","828","147","41067","17.75"
"Yamhill","1","97","Oregon","6/18/20","91","6","41071","6.59"
"Adams","4","304","Pennsylvania","6/18/20","279","25","42001","8.96"
"Allegheny","10","2122","Pennsylvania","6/18/20","2055","67","42003","3.26"
"Armstrong","0","68","Pennsylvania","6/18/20","65","3","42005","4.62"
"Beaver","1","616","Pennsylvania","6/18/20","610","6","42007","0.98"
"Bedford","2","61","Pennsylvania","6/18/20","46","15","42009","32.61"
"Berks","14","4359","Pennsylvania","6/18/20","4262","97","42011","2.28"
"Blair","0","55","Pennsylvania","6/18/20","53","2","42013","3.77"
"Bradford","0","49","Pennsylvania","6/18/20","46","3","42015","6.52"
"Bucks","19","5498","Pennsylvania","6/18/20","5365","133","42017","2.48"
"Butler","1","263","Pennsylvania","6/18/20","255","8","42019","3.14"
"Cambria","0","61","Pennsylvania","6/18/20","61","0","42021","0"
"Cameron","0","2","Pennsylvania","6/18/20","2","0","42023","0"
"Carbon","1","262","Pennsylvania","6/18/20","255","7","42025","2.75"
"Centre","2","172","Pennsylvania","6/18/20","158","14","42027","8.86"
"Chester","30","3397","Pennsylvania","6/18/20","3189","208","42029","6.52"
"Clarion","0","31","Pennsylvania","6/18/20","30","1","42031","3.33"
"Clearfield","2","61","Pennsylvania","6/18/20","49","12","42033","24.49"
"Clinton","1","65","Pennsylvania","6/18/20","61","4","42035","6.56"
"Columbia","3","389","Pennsylvania","6/18/20","369","20","42037","5.42"
"Crawford","0","35","Pennsylvania","6/18/20","32","3","42039","9.38"
"Cumberland","9","758","Pennsylvania","6/18/20","692","66","42041","9.54"
"Dauphin","21","1708","Pennsylvania","6/18/20","1561","147","42043","9.42"
"Delaware","25","6981","Pennsylvania","6/18/20","6805","176","42045","2.59"
"Elk","0","6","Pennsylvania","6/18/20","6","0","42047","0"
"Erie","10","497","Pennsylvania","6/18/20","427","70","42049","16.39"
"Fayette","1","100","Pennsylvania","6/18/20","96","4","42051","4.17"
"Forest","0","7","Pennsylvania","6/18/20","7","0","42053","0"
"Franklin","4","855","Pennsylvania","6/18/20","827","28","42055","3.39"
"Fulton","0","17","Pennsylvania","6/18/20","16","1","42057","6.25"
"Greene","0","30","Pennsylvania","6/18/20","30","0","42059","0"
"Huntingdon","0","239","Pennsylvania","6/18/20","237","2","42061","0.84"
"Indiana","1","97","Pennsylvania","6/18/20","92","5","42063","5.43"
"Jefferson","1","20","Pennsylvania","6/18/20","16","4","42065","25"
"Juniata","1","109","Pennsylvania","6/18/20","105","4","42067","3.81"
"Lackawanna","2","1611","Pennsylvania","6/18/20","1595","16","42069","1"
"Lancaster","34","3867","Pennsylvania","6/18/20","3632","235","42071","6.47"
"Lawrence","0","89","Pennsylvania","6/18/20","86","3","42073","3.49"
"Lebanon","15","1210","Pennsylvania","6/18/20","1106","104","42075","9.4"
"Lehigh","13","3997","Pennsylvania","6/18/20","3907","90","42077","2.3"
"Luzerne","5","2845","Pennsylvania","6/18/20","2813","32","42079","1.14"
"Lycoming","1","172","Pennsylvania","6/18/20","168","4","42081","2.38"
"McKean","0","13","Pennsylvania","6/18/20","13","0","42083","0"
"Mercer","1","118","Pennsylvania","6/18/20","114","4","42085","3.51"
"Mifflin","0","61","Pennsylvania","6/18/20","59","2","42087","3.39"
"Monroe","2","1363","Pennsylvania","6/18/20","1346","17","42089","1.26"
"Montgomery","37","8014","Pennsylvania","6/18/20","7754","260","42091","3.35"
"Montour","2","68","Pennsylvania","6/18/20","55","13","42093","23.64"
"Northampton","10","3270","Pennsylvania","6/18/20","3202","68","42095","2.12"
"Northumberland","6","252","Pennsylvania","6/18/20","213","39","42097","18.31"
"Perry","1","77","Pennsylvania","6/18/20","69","8","42099","11.59"
"Philadelphia","88","24723","Pennsylvania","6/18/20","24107","616","42101","2.56"
"Pike","1","487","Pennsylvania","6/18/20","482","5","42103","1.04"
"Potter","0","13","Pennsylvania","6/18/20","12","1","42105","8.33"
"Schuylkill","5","702","Pennsylvania","6/18/20","668","34","42107","5.09"
"Snyder","0","61","Pennsylvania","6/18/20","59","2","42109","3.39"
"Somerset","0","42","Pennsylvania","6/18/20","39","3","42111","7.69"
"Sullivan","0","3","Pennsylvania","6/18/20","3","0","42113","0"
"Susquehanna","1","173","Pennsylvania","6/18/20","164","9","42115","5.49"
"Tioga","0","20","Pennsylvania","6/18/20","20","0","42117","0"
"Union","1","83","Pennsylvania","6/18/20","79","4","42119","5.06"
"Venango","0","17","Pennsylvania","6/18/20","16","1","42121","6.25"
"Warren","0","5","Pennsylvania","6/18/20","5","0","42123","0"
"Washington","1","158","Pennsylvania","6/18/20","151","7","42125","4.64"
"Wayne","0","128","Pennsylvania","6/18/20","125","3","42127","2.4"
"Westmoreland","4","502","Pennsylvania","6/18/20","474","28","42129","5.91"
"Wyoming","0","36","Pennsylvania","6/18/20","36","0","42131","0"
"York","13","1209","Pennsylvania","6/18/20","1117","92","42133","8.24"
"","108","6111","Puerto Rico","6/18/20","5352","759",,"14.18"
"Bristol","1","240","Rhode Island","6/18/20","231","9","44001","3.9"
"Kent","3","1128","Rhode Island","6/18/20","1105","23","44003","2.08"
"Newport","1","277","Rhode Island","6/18/20","269","8","44005","2.97"
"Providence","58","12363","Rhode Island","6/18/20","11959","404","44007","3.38"
"Washington","0","516","Rhode Island","6/18/20","513","3","44009","0.58"
"Abbeville","1","73","South Carolina","6/18/20","63","10","45001","15.87"
"Aiken","5","256","South Carolina","6/18/20","222","34","45003","15.32"
"Allendale","0","41","South Carolina","6/18/20","40","1","45005","2.5"
"Anderson","11","375","South Carolina","6/18/20","295","80","45007","27.12"
"Bamberg","2","53","South Carolina","6/18/20","39","14","45009","35.9"
"Barnwell","0","56","South Carolina","6/18/20","54","2","45011","3.7"
"Beaufort","31","721","South Carolina","6/18/20","507","214","45013","42.21"
"Berkeley","18","458","South Carolina","6/18/20","335","123","45015","36.72"
"Calhoun","3","48","South Carolina","6/18/20","24","24","45017","100"
"Charleston","70","1403","South Carolina","6/18/20","910","493","45019","54.18"
"Cherokee","3","97","South Carolina","6/18/20","78","19","45021","24.36"
"Chester","2","127","South Carolina","6/18/20","113","14","45023","12.39"
"Chesterfield","4","300","South Carolina","6/18/20","272","28","45025","10.29"
"Clarendon","4","346","South Carolina","6/18/20","320","26","45027","8.12"
"Colleton","7","214","South Carolina","6/18/20","165","49","45029","29.7"
"Darlington","3","366","South Carolina","6/18/20","342","24","45031","7.02"
"Dillon","4","217","South Carolina","6/18/20","192","25","45033","13.02"
"Dorchester","12","307","South Carolina","6/18/20","223","84","45035","37.67"
"Edgefield","1","61","South Carolina","6/18/20","57","4","45037","7.02"
"Fairfield","2","238","South Carolina","6/18/20","224","14","45039","6.25"
"Florence","17","871","South Carolina","6/18/20","751","120","45041","15.98"
"Georgetown","17","233","South Carolina","6/18/20","117","116","45043","99.15"
"Greenville","116","3306","South Carolina","6/18/20","2492","814","45045","32.66"
"Greenwood","12","322","South Carolina","6/18/20","235","87","45047","37.02"
"Hampton","0","50","South Carolina","6/18/20","50","0","45049","0"
"Horry","102","1560","South Carolina","6/18/20","849","711","45051","83.75"
"Jasper","2","65","South Carolina","6/18/20","52","13","45053","25"
"Kershaw","12","485","South Carolina","6/18/20","404","81","45055","20.05"
"Lancaster","6","277","South Carolina","6/18/20","232","45","45057","19.4"
"Laurens","11","189","South Carolina","6/18/20","109","80","45059","73.39"
"Lee","2","245","South Carolina","6/18/20","232","13","45061","5.6"
"Lexington","44","1298","South Carolina","6/18/20","992","306","45063","30.85"
"Marion","5","118","South Carolina","6/18/20","86","32","45067","37.21"
"Marlboro","3","245","South Carolina","6/18/20","221","24","45069","10.86"
"McCormick","0","11","South Carolina","6/18/20","11","0","45065","0"
"Newberry","4","116","South Carolina","6/18/20","90","26","45071","28.89"
"Oconee","4","100","South Carolina","6/18/20","70","30","45073","42.86"
"Orangeburg","18","430","South Carolina","6/18/20","301","129","45075","42.86"
"Pickens","18","367","South Carolina","6/18/20","242","125","45077","51.65"
"Richland","63","2446","South Carolina","6/18/20","2006","440","45079","21.93"
"Saluda","3","174","South Carolina","6/18/20","156","18","45081","11.54"
"Spartanburg","35","1088","South Carolina","6/18/20","843","245","45083","29.06"
"Sumter","19","690","South Carolina","6/18/20","556","134","45085","24.1"
"Union","2","53","South Carolina","6/18/20","42","11","45087","26.19"
"Williamsburg","6","309","South Carolina","6/18/20","270","39","45089","14.44"
"York","24","728","South Carolina","6/18/20","557","171","45091","30.7"
"Aurora","1","33","South Dakota","6/18/20","29","4","46003","13.79"
"Beadle","9","472","South Dakota","6/18/20","411","61","46005","14.84"
"Bennett","0","2","South Dakota","6/18/20","0","2","46007","1"
"Bon Homme","0","11","South Dakota","6/18/20","8","3","46009","37.5"
"Brookings","3","46","South Dakota","6/18/20","26","20","46011","76.92"
"Brown","2","319","South Dakota","6/18/20","305","14","46013","4.59"
"Brule","1","13","South Dakota","6/18/20","3","10","46015","333.33"
"Buffalo","4","58","South Dakota","6/18/20","31","27","46017","87.1"
"Charles Mix","3","41","South Dakota","6/18/20","21","20","46023","95.24"
"Clark","1","11","South Dakota","6/18/20","6","5","46025","83.33"
"Clay","3","70","South Dakota","6/18/20","50","20","46027","40"
"Codington","0","47","South Dakota","6/18/20","44","3","46029","6.82"
"Corson","1","12","South Dakota","6/18/20","8","4","46031","50"
"Custer","0","2","South Dakota","6/18/20","1","1","46033","100"
"Davison","0","33","South Dakota","6/18/20","30","3","46035","10"
"Day","0","13","South Dakota","6/18/20","13","0","46037","0"
"Deuel","0","1","South Dakota","6/18/20","1","0","46039","0"
"Dewey","0","4","South Dakota","6/18/20","2","2","46041","100"
"Douglas","0","4","South Dakota","6/18/20","4","0","46043","0"
"Edmunds","0","4","South Dakota","6/18/20","4","0","46045","0"
"Fall River","0","6","South Dakota","6/18/20","6","0","46047","0"
"Faulk","1","21","South Dakota","6/18/20","15","6","46049","40"
"Grant","0","13","South Dakota","6/18/20","13","0","46051","0"
"Gregory","0","1","South Dakota","6/18/20","1","0","46053","0"
"Hamlin","0","10","South Dakota","6/18/20","9","1","46057","11.11"
"Hand","0","6","South Dakota","6/18/20","5","1","46059","20"
"Hanson","0","3","South Dakota","6/18/20","3","0","46061","0"
"Hughes","1","27","South Dakota","6/18/20","21","6","46065","28.57"
"Hutchinson","0","10","South Dakota","6/18/20","8","2","46067","25"
"Hyde","0","3","South Dakota","6/18/20","3","0","46069","0"
"Jackson","0","6","South Dakota","6/18/20","4","2","46071","50"
"Jerauld","0","40","South Dakota","6/18/20","40","0","46073","0"
"Kingsbury","0","3","South Dakota","6/18/20","5","-2","46077","-40"
"Lake","1","17","South Dakota","6/18/20","13","4","46079","30.77"
"Lawrence","0","15","South Dakota","6/18/20","12","3","46081","25"
"Lincoln","2","275","South Dakota","6/18/20","259","16","46083","6.18"
"Lyman","1","40","South Dakota","6/18/20","32","8","46085","25"
"Marshall","0","5","South Dakota","6/18/20","4","1","46091","25"
"McCook","0","8","South Dakota","6/18/20","7","1","46087","14.29"
"McPherson","0","3","South Dakota","6/18/20","3","0","46089","0"
"Meade","2","40","South Dakota","6/18/20","28","12","46093","42.86"
"Mellette","0","2","South Dakota","6/18/20","0","2","46095","1"
"Miner","0","3","South Dakota","6/18/20","3","0","46097","0"
"Minnehaha","10","3513","South Dakota","6/18/20","3444","69","46099","2"
"Moody","0","20","South Dakota","6/18/20","19","1","46101","5.26"
"Oglala Lakota","1","54","South Dakota","6/18/20","45","9","46102","20"
"Pennington","11","430","South Dakota","6/18/20","351","79","46103","22.51"
"Roberts","0","40","South Dakota","6/18/20","39","1","46109","2.56"
"Sanborn","0","13","South Dakota","6/18/20","13","0","46111","0"
"Spink","0","5","South Dakota","6/18/20","5","0","46115","0"
"Stanley","0","11","South Dakota","6/18/20","11","0","46117","0"
"Sully","0","1","South Dakota","6/18/20","1","0","46119","0"
"Todd","1","50","South Dakota","6/18/20","45","5","46121","11.11"
"Tripp","0","9","South Dakota","6/18/20","6","3","46123","50"
"Turner","0","25","South Dakota","6/18/20","25","0","46125","0"
"Union","1","113","South Dakota","6/18/20","105","8","46127","7.62"
"Walworth","0","7","South Dakota","6/18/20","5","2","46129","40"
"Yankton","1","63","South Dakota","6/18/20","58","5","46135","8.62"
"Ziebach","0","2","South Dakota","6/18/20","2","0","46137","0"
"Anderson","2","69","Tennessee","6/18/20","55","14","47001","25.45"
"Bedford","5","404","Tennessee","6/18/20","372","32","47003","8.6"
"Benton","0","8","Tennessee","6/18/20","8","0","47005","0"
"Bledsoe","0","614","Tennessee","6/18/20","614","0","47007","0"
"Blount","3","118","Tennessee","6/18/20","97","21","47009","21.65"
"Bradley","9","305","Tennessee","6/18/20","241","64","47011","26.56"
"Campbell","1","26","Tennessee","6/18/20","18","8","47013","44.44"
"Cannon","0","34","Tennessee","6/18/20","34","0","47015","0"
"Carroll","1","36","Tennessee","6/18/20","29","7","47017","24.14"
"Carter","1","23","Tennessee","6/18/20","19","4","47019","21.05"
"Cheatham","1","161","Tennessee","6/18/20","151","10","47021","6.62"
"Chester","0","14","Tennessee","6/18/20","12","2","47023","16.67"
"Claiborne","0","16","Tennessee","6/18/20","15","1","47025","6.67"
"Clay","0","11","Tennessee","6/18/20","9","2","47027","22.22"
"Cocke","1","27","Tennessee","6/18/20","23","4","47029","17.39"
"Coffee","1","97","Tennessee","6/18/20","88","9","47031","10.23"
"Crockett","1","21","Tennessee","6/18/20","16","5","47033","31.25"
"Cumberland","1","138","Tennessee","6/18/20","129","9","47035","6.98"
"Davidson","138","7253","Tennessee","6/18/20","6290","963","47037","15.31"
"Decatur","0","15","Tennessee","6/18/20","14","1","47039","7.14"
"DeKalb","0","41","Tennessee","6/18/20","41","0","47041","0"
"Dickson","2","140","Tennessee","6/18/20","129","11","47043","8.53"
"Dyer","7","122","Tennessee","6/18/20","73","49","47045","67.12"
"Fayette","4","189","Tennessee","6/18/20","163","26","47047","15.95"
"Fentress","0","15","Tennessee","6/18/20","13","2","47049","15.38"
"Franklin","1","64","Tennessee","6/18/20","55","9","47051","16.36"
"Gibson","1","70","Tennessee","6/18/20","64","6","47053","9.38"
"Giles","1","24","Tennessee","6/18/20","19","5","47055","26.32"
"Grainger","1","22","Tennessee","6/18/20","16","6","47057","37.5"
"Greene","1","56","Tennessee","6/18/20","52","4","47059","7.69"
"Grundy","1","37","Tennessee","6/18/20","32","5","47061","15.62"
"Hamblen","4","91","Tennessee","6/18/20","65","26","47063","40"
"Hamilton","107","1956","Tennessee","6/18/20","1210","746","47065","61.65"
"Hancock","0","1","Tennessee","6/18/20","1","0","47067","0"
"Hardeman","2","226","Tennessee","6/18/20","214","12","47069","5.61"
"Hardin","2","46","Tennessee","6/18/20","30","16","47071","53.33"
"Hawkins","0","37","Tennessee","6/18/20","34","3","47073","8.82"
"Haywood","1","39","Tennessee","6/18/20","35","4","47075","11.43"
"Henderson","0","19","Tennessee","6/18/20","17","2","47077","11.76"
"Henry","0","35","Tennessee","6/18/20","34","1","47079","2.94"
"Hickman","0","62","Tennessee","6/18/20","60","2","47081","3.33"
"Houston","0","10","Tennessee","6/18/20","9","1","47083","11.11"
"Humphreys","0","18","Tennessee","6/18/20","17","1","47085","5.88"
"Jackson","0","21","Tennessee","6/18/20","19","2","47087","10.53"
"Jefferson","2","51","Tennessee","6/18/20","36","15","47089","41.67"
"Johnson","0","26","Tennessee","6/18/20","24","2","47091","8.33"
"Knox","12","594","Tennessee","6/18/20","511","83","47093","16.24"
"Lake","0","689","Tennessee","6/18/20","688","1","47095","0.15"
"Lauderdale","2","71","Tennessee","6/18/20","60","11","47097","18.33"
"Lawrence","3","76","Tennessee","6/18/20","52","24","47099","46.15"
"Lewis","0","5","Tennessee","6/18/20","5","0","47101","0"
"Lincoln","2","48","Tennessee","6/18/20","36","12","47103","33.33"
"Loudon","7","221","Tennessee","6/18/20","174","47","47105","27.01"
"Macon","4","216","Tennessee","6/18/20","191","25","47111","13.09"
"Madison","1","188","Tennessee","6/18/20","182","6","47113","3.3"
"Marion","0","49","Tennessee","6/18/20","47","2","47115","4.26"
"Marshall","1","45","Tennessee","6/18/20","39","6","47117","15.38"
"Maury","8","198","Tennessee","6/18/20","139","59","47119","42.45"
"McMinn","1","171","Tennessee","6/18/20","161","10","47107","6.21"
"McNairy","1","35","Tennessee","6/18/20","25","10","47109","40"
"Meigs","0","30","Tennessee","6/18/20","28","2","47121","7.14"
"Monroe","3","97","Tennessee","6/18/20","75","22","47123","29.33"
"Montgomery","6","356","Tennessee","6/18/20","312","44","47125","14.1"
"Moore","0","5","Tennessee","6/18/20","5","0","47127","0"
"Morgan","1","22","Tennessee","6/18/20","18","4","47129","22.22"
"Obion","2","68","Tennessee","6/18/20","53","15","47131","28.3"
"Out of TN","1","463","Tennessee","6/18/20","457","6","80047","1.31"
"Overton","0","38","Tennessee","6/18/20","36","2","47133","5.56"
"Perry","1","28","Tennessee","6/18/20","24","4","47135","16.67"
"Pickett","0","4","Tennessee","6/18/20","4","0","47137","0"
"Polk","1","32","Tennessee","6/18/20","24","8","47139","33.33"
"Putnam","8","630","Tennessee","6/18/20","572","58","47141","10.14"
"Rhea","3","243","Tennessee","6/18/20","220","23","47143","10.45"
"Roane","1","32","Tennessee","6/18/20","23","9","47145","39.13"
"Robertson","11","670","Tennessee","6/18/20","594","76","47147","12.79"
"Rutherford","38","1888","Tennessee","6/18/20","1620","268","47149","16.54"
"Scott","0","15","Tennessee","6/18/20","14","1","47151","7.14"
"Sequatchie","0","23","Tennessee","6/18/20","21","2","47153","9.52"
"Sevier","23","342","Tennessee","6/18/20","184","158","47155","85.87"
"Shelby","132","7290","Tennessee","6/18/20","6365","925","47157","14.53"
"Smith","1","46","Tennessee","6/18/20","37","9","47159","24.32"
"Stewart","0","17","Tennessee","6/18/20","14","3","47161","21.43"
"Sullivan","1","71","Tennessee","6/18/20","67","4","47163","5.97"
"Sumner","12","1130","Tennessee","6/18/20","1049","81","47165","7.72"
"Tipton","7","541","Tennessee","6/18/20","491","50","47167","10.18"
"Trousdale","9","1464","Tennessee","6/18/20","1399","65","47169","4.65"
"Unicoi","0","52","Tennessee","6/18/20","52","0","47171","0"
"Union","0","9","Tennessee","6/18/20","6","3","47173","50"
"Van Buren","0","5","Tennessee","6/18/20","4","1","47175","25"
"Warren","1","36","Tennessee","6/18/20","32","4","47177","12.5"
"Washington","2","99","Tennessee","6/18/20","88","11","47179","12.5"
"Wayne","0","64","Tennessee","6/18/20","64","0","47181","0"
"Weakley","1","36","Tennessee","6/18/20","27","9","47183","33.33"
"White","1","51","Tennessee","6/18/20","44","7","47185","15.91"
"Williamson","11","742","Tennessee","6/18/20","662","80","47187","12.08"
"Wilson","9","565","Tennessee","6/18/20","501","64","47189","12.77"
"Anderson","130","1003","Texas","6/18/20","95","908","48001","955.79"
"Andrews","1","33","Texas","6/18/20","27","6","48003","22.22"
"Angelina","10","352","Texas","6/18/20","281","71","48005","25.27"
"Aransas","0","7","Texas","6/18/20","5","2","48007","40"
"Archer","0","3","Texas","6/18/20","3","0","48009","0"
"Armstrong","0","3","Texas","6/18/20","3","0","48011","0"
"Atascosa","0","45","Texas","6/18/20","43","2","48013","4.65"
"Austin","2","42","Texas","6/18/20","31","11","48015","35.48"
"Bailey","8","83","Texas","6/18/20","29","54","48017","186.21"
"Bandera","0","8","Texas","6/18/20","6","2","48019","33.33"
"Bastrop","9","346","Texas","6/18/20","285","61","48021","21.4"
"Baylor","0","1","Texas","6/18/20","1","0","48023","0"
"Bee","1","32","Texas","6/18/20","27","5","48025","18.52"
"Bell","27","722","Texas","6/18/20","530","192","48027","36.23"
"Bexar","213","5142","Texas","6/18/20","3648","1494","48029","40.95"
"Blanco","0","13","Texas","6/18/20","11","2","48031","18.18"
"Bosque","0","7","Texas","6/18/20","7","0","48035","0"
"Bowie","3","384","Texas","6/18/20","363","21","48037","5.79"
"Brazoria","110","1558","Texas","6/18/20","790","768","48039","97.22"
"Brazos","49","1025","Texas","6/18/20","684","341","48041","49.85"
"Brewster","3","22","Texas","6/18/20","1","21","48043","2100"
"Briscoe","0","1","Texas","6/18/20","1","0","48045","0"
"Brooks","0","3","Texas","6/18/20","1","2","48047","200"
"Brown","0","61","Texas","6/18/20","60","1","48049","1.67"
"Burleson","2","53","Texas","6/18/20","39","14","48051","35.9"
"Burnet","3","75","Texas","6/18/20","56","19","48053","33.93"
"Caldwell","15","190","Texas","6/18/20","85","105","48055","123.53"
"Calhoun","0","46","Texas","6/18/20","45","1","48057","2.22"
"Callahan","0","13","Texas","6/18/20","12","1","48059","8.33"
"Cameron","44","1301","Texas","6/18/20","990","311","48061","31.41"
"Camp","2","109","Texas","6/18/20","98","11","48063","11.22"
"Carson","0","6","Texas","6/18/20","6","0","48065","0"
"Cass","0","36","Texas","6/18/20","33","3","48067","9.09"
"Castro","2","50","Texas","6/18/20","37","13","48069","35.14"
"Chambers","6","130","Texas","6/18/20","88","42","48071","47.73"
"Cherokee","2","65","Texas","6/18/20","54","11","48073","20.37"
"Childress","0","6","Texas","6/18/20","6","0","48075","0"
"Clay","0","5","Texas","6/18/20","5","0","48077","0"
"Cochran","0","1","Texas","6/18/20","1","0","48079","0"
"Coke","0","4","Texas","6/18/20","2","2","48081","100"
"Coleman","0","3","Texas","6/18/20","3","0","48083","0"
"Collin","59","1967","Texas","6/18/20","1553","414","48085","26.66"
"Collingsworth","0","5","Texas","6/18/20","5","0","48087","0"
"Colorado","2","44","Texas","6/18/20","28","16","48089","57.14"
"Comal","10","207","Texas","6/18/20","137","70","48091","51.09"
"Comanche","0","14","Texas","6/18/20","12","2","48093","16.67"
"Concho","0","1","Texas","6/18/20","1","0","48095","0"
"Cooke","1","27","Texas","6/18/20","23","4","48097","17.39"
"Coryell","1","304","Texas","6/18/20","296","8","48099","2.7"
"Cottle","0","4","Texas","6/18/20","4","0","48101","0"
"Crane","2","45","Texas","6/18/20","32","13","48103","40.62"
"Crockett","0","5","Texas","6/18/20","5","0","48105","0"
"Crosby","1","8","Texas","6/18/20","4","4","48107","100"
"Dallam","1","45","Texas","6/18/20","35","10","48111","28.57"
"Dallas","342","15648","Texas","6/18/20","13257","2391","48113","18.04"
"Dawson","0","45","Texas","6/18/20","45","0","48115","0"
"Deaf Smith","5","226","Texas","6/18/20","192","34","48117","17.71"
"Delta","0","3","Texas","6/18/20","2","1","48119","50"
"Denton","42","1893","Texas","6/18/20","1599","294","48121","18.39"
"DeWitt","1","35","Texas","6/18/20","25","10","48123","40"
"Dickens","0","2","Texas","6/18/20","1","1","48125","100"
"Dimmit","0","1","Texas","6/18/20","1","0","48127","0"
"Donley","0","27","Texas","6/18/20","27","0","48129","0"
"Duval","0","5","Texas","6/18/20","5","0","48131","0"
"Eastland","0","7","Texas","6/18/20","7","0","48133","0"
"Ector","10","289","Texas","6/18/20","221","68","48135","30.77"
"El Paso","63","4088","Texas","6/18/20","3650","438","48141","12"
"Ellis","9","490","Texas","6/18/20","429","61","48139","14.22"
"Erath","2","43","Texas","6/18/20","30","13","48143","43.33"
"Falls","1","21","Texas","6/18/20","14","7","48145","50"
"Fannin","2","65","Texas","6/18/20","51","14","48147","27.45"
"Fayette","1","51","Texas","6/18/20","43","8","48149","18.6"
"Fisher","0","2","Texas","6/18/20","2","0","48151","0"
"Floyd","0","17","Texas","6/18/20","16","1","48153","6.25"
"Fort Bend","53","2667","Texas","6/18/20","2299","368","48157","16.01"
"Franklin","1","30","Texas","6/18/20","24","6","48159","25"
"Freestone","1","19","Texas","6/18/20","12","7","48161","58.33"
"Frio","5","86","Texas","6/18/20","54","32","48163","59.26"
"Gaines","1","14","Texas","6/18/20","9","5","48165","55.56"
"Galveston","57","1486","Texas","6/18/20","1084","402","48167","37.08"
"Garza","0","7","Texas","6/18/20","6","1","48169","16.67"
"Gillespie","1","10","Texas","6/18/20","5","5","48171","100"
"Glasscock","1","5","Texas","6/18/20","1","4","48173","400"
"Goliad","0","7","Texas","6/18/20","7","0","48175","0"
"Gonzales","3","175","Texas","6/18/20","157","18","48177","11.46"
"Gray","1","112","Texas","6/18/20","107","5","48179","4.67"
"Grayson","11","481","Texas","6/18/20","403","78","48181","19.35"
"Gregg","4","302","Texas","6/18/20","274","28","48183","10.22"
"Grimes","6","291","Texas","6/18/20","252","39","48185","15.48"
"Guadalupe","5","186","Texas","6/18/20","154","32","48187","20.78"
"Hale","6","110","Texas","6/18/20","67","43","48189","64.18"
"Hall","0","2","Texas","6/18/20","2","0","48191","0"
"Hamilton","1","18","Texas","6/18/20","10","8","48193","80"
"Hansford","0","23","Texas","6/18/20","21","2","48195","9.52"
"Hardeman","0","4","Texas","6/18/20","4","0","48197","0"
"Hardin","2","156","Texas","6/18/20","144","12","48199","8.33"
"Harris","384","18552","Texas","6/18/20","15864","2688","48201","16.94"
"Harrison","1","268","Texas","6/18/20","261","7","48203","2.68"
"Hartley","0","13","Texas","6/18/20","12","1","48205","8.33"
"Haskell","0","4","Texas","6/18/20","3","1","48207","33.33"
"Hays","107","1238","Texas","6/18/20","492","746","48209","151.63"
"Hemphill","0","2","Texas","6/18/20","1","1","48211","100"
"Henderson","2","90","Texas","6/18/20","74","16","48213","21.62"
"Hidalgo","72","1347","Texas","6/18/20","842","505","48215","59.98"
"Hill","2","46","Texas","6/18/20","33","13","48217","39.39"
"Hockley","0","29","Texas","6/18/20","28","1","48219","3.57"
"Hood","1","35","Texas","6/18/20","31","4","48221","12.9"
"Hopkins","0","44","Texas","6/18/20","41","3","48223","7.32"
"Houston","-1","147","Texas","6/18/20","153","-6","48225","-3.92"
"Howard","1","24","Texas","6/18/20","18","6","48227","33.33"
"Hudspeth","0","14","Texas","6/18/20","11","3","48229","27.27"
"Hunt","11","223","Texas","6/18/20","147","76","48231","51.7"
"Hutchinson","0","47","Texas","6/18/20","44","3","48233","6.82"
"Irion","0","1","Texas","6/18/20","1","0","48235","0"
"Jack","0","4","Texas","6/18/20","4","0","48237","0"
"Jackson","0","21","Texas","6/18/20","20","1","48239","5"
"Jasper","0","33","Texas","6/18/20","32","1","48241","3.12"
"Jefferson","22","1340","Texas","6/18/20","1187","153","48245","12.89"
"Jim Hogg","0","6","Texas","6/18/20","4","2","48247","50"
"Jim Wells","1","21","Texas","6/18/20","15","6","48249","40"
"Johnson","4","249","Texas","6/18/20","220","29","48251","13.18"
"Jones","-3","614","Texas","6/18/20","633","-19","48253","-3"
"Karnes","0","7","Texas","6/18/20","4","3","48255","75"
"Kaufman","5","349","Texas","6/18/20","316","33","48257","10.44"
"Kendall","0","36","Texas","6/18/20","35","1","48259","2.86"
"Kerr","0","20","Texas","6/18/20","20","0","48265","0"
"Kimble","0","1","Texas","6/18/20","1","0","48267","0"
"Kinney","0","1","Texas","6/18/20","1","0","48271","0"
"Kleberg","0","23","Texas","6/18/20","20","3","48273","15"
"Knox","0","1","Texas","6/18/20","1","0","48275","0"
"La Salle","0","5","Texas","6/18/20","4","1","48283","25"
"Lamar","3","180","Texas","6/18/20","160","20","48277","12.5"
"Lamb","1","28","Texas","6/18/20","18","10","48279","55.56"
"Lampasas","1","13","Texas","6/18/20","9","4","48281","44.44"
"Lavaca","0","22","Texas","6/18/20","21","1","48285","4.76"
"Lee","2","48","Texas","6/18/20","32","16","48287","50"
"Leon","0","13","Texas","6/18/20","11","2","48289","18.18"
"Liberty","7","163","Texas","6/18/20","115","48","48291","41.74"
"Limestone","1","40","Texas","6/18/20","36","4","48293","11.11"
"Lipscomb","0","9","Texas","6/18/20","7","2","48295","28.57"
"Live Oak","0","10","Texas","6/18/20","9","1","48297","11.11"
"Llano","0","5","Texas","6/18/20","4","1","48299","25"
"Lubbock","37","1031","Texas","6/18/20","775","256","48303","33.03"
"Lynn","1","21","Texas","6/18/20","14","7","48305","50"
"Madison","1","24","Texas","6/18/20","19","5","48313","26.32"
"Marion","0","21","Texas","6/18/20","18","3","48315","16.67"
"Martin","0","4","Texas","6/18/20","3","1","48317","33.33"
"Mason","0","33","Texas","6/18/20","33","0","48319","0"
"Matagorda","3","96","Texas","6/18/20","77","19","48321","24.68"
"Maverick","7","200","Texas","6/18/20","153","47","48323","30.72"
"McCulloch","0","4","Texas","6/18/20","3","1","48307","33.33"
"McLennan","12","222","Texas","6/18/20","141","81","48309","57.45"
"Medina","1","228","Texas","6/18/20","218","10","48325","4.59"
"Midland","12","264","Texas","6/18/20","180","84","48329","46.67"
"Milam","2","51","Texas","6/18/20","38","13","48331","34.21"
"Mills","0","1","Texas","6/18/20","1","0","48333","0"
"Mitchell","0","2","Texas","6/18/20","2","0","48335","0"
"Montague","0","9","Texas","6/18/20","9","0","48337","0"
"Montgomery","41","1484","Texas","6/18/20","1197","287","48339","23.98"
"Moore","1","876","Texas","6/18/20","866","10","48341","1.15"
"Morris","0","31","Texas","6/18/20","28","3","48343","10.71"
"Motley","0","1","Texas","6/18/20","1","0","48345","0"
"Nacogdoches","3","337","Texas","6/18/20","317","20","48347","6.31"
"Navarro","4","101","Texas","6/18/20","74","27","48349","36.49"
"Newton","0","6","Texas","6/18/20","6","0","48351","0"
"Nolan","1","8","Texas","6/18/20","3","5","48353","166.67"
"Nueces","16","420","Texas","6/18/20","310","110","48355","35.48"
"Ochiltree","0","53","Texas","6/18/20","52","1","48357","1.92"
"Oldham","0","4","Texas","6/18/20","4","0","48359","0"
"Orange","3","126","Texas","6/18/20","102","24","48361","23.53"
"Palo Pinto","0","14","Texas","6/18/20","14","0","48363","0"
"Panola","-1","209","Texas","6/18/20","214","-5","48365","-2.34"
"Parker","2","120","Texas","6/18/20","105","15","48367","14.29"
"Parmer","6","139","Texas","6/18/20","100","39","48369","39"
"Pecos","1","111","Texas","6/18/20","107","4","48371","3.74"
"Polk","2","73","Texas","6/18/20","62","11","48373","17.74"
"Potter","5","2811","Texas","6/18/20","2778","33","48375","1.19"
"Presidio","1","11","Texas","6/18/20","2","9","48377","450"
"Rains","0","6","Texas","6/18/20","4","2","48379","50"
"Randall","3","769","Texas","6/18/20","747","22","48381","2.95"
"Reagan","0","2","Texas","6/18/20","2","0","48383","0"
"Real","0","1","Texas","6/18/20","1","0","48385","0"
"Red River","1","95","Texas","6/18/20","86","9","48387","10.47"
"Reeves","0","14","Texas","6/18/20","11","3","48389","27.27"
"Refugio","0","6","Texas","6/18/20","5","1","48391","20"
"Roberts","0","2","Texas","6/18/20","2","0","48393","0"
"Robertson","1","23","Texas","6/18/20","18","5","48395","27.78"
"Rockwall","4","258","Texas","6/18/20","230","28","48397","12.17"
"Runnels","0","2","Texas","6/18/20","2","0","48399","0"
"Rusk","25","241","Texas","6/18/20","68","173","48401","254.41"
"Sabine","0","15","Texas","6/18/20","15","0","48403","0"
"San Augustine","5","86","Texas","6/18/20","49","37","48405","75.51"
"San Jacinto","0","22","Texas","6/18/20","20","2","48407","10"
"San Patricio","3","62","Texas","6/18/20","41","21","48409","51.22"
"San Saba","0","2","Texas","6/18/20","1","1","48411","100"
"Schleicher","1","8","Texas","6/18/20","0","8","48413","1"
"Scurry","0","29","Texas","6/18/20","27","2","48415","7.41"
"Shackelford","0","1","Texas","6/18/20","1","0","48417","0"
"Shelby","2","235","Texas","6/18/20","224","11","48419","4.91"
"Sherman","0","30","Texas","6/18/20","28","2","48421","7.14"
"Smith","9","310","Texas","6/18/20","244","66","48423","27.05"
"Somervell","0","3","Texas","6/18/20","2","1","48425","50"
"Starr","21","220","Texas","6/18/20","72","148","48427","205.56"
"Stephens","0","5","Texas","6/18/20","4","1","48429","25"
"Swisher","1","23","Texas","6/18/20","19","4","48437","21.05"
"Tarrant","182","8099","Texas","6/18/20","6824","1275","48439","18.68"
"Taylor","2","261","Texas","6/18/20","249","12","48441","4.82"
"Terry","0","14","Texas","6/18/20","13","1","48445","7.69"
"Throckmorton","0","1","Texas","6/18/20","1","0","48447","0"
"Titus","11","719","Texas","6/18/20","645","74","48449","11.47"
"Tom Green","13","214","Texas","6/18/20","122","92","48451","75.41"
"Travis","126","4991","Texas","6/18/20","4109","882","48453","21.47"
"Trinity","0","21","Texas","6/18/20","22","-1","48455","-4.55"
"Tyler","0","14","Texas","6/18/20","16","-2","48457","-12.5"
"Upshur","1","41","Texas","6/18/20","35","6","48459","17.14"
"Upton","0","1","Texas","6/18/20","0","1","48461","1"
"Uvalde","1","30","Texas","6/18/20","22","8","48463","36.36"
"Val Verde","2","43","Texas","6/18/20","32","11","48465","34.38"
"Van Zandt","1","52","Texas","6/18/20","44","8","48467","18.18"
"Victoria","6","223","Texas","6/18/20","184","39","48469","21.2"
"Walker","3","1885","Texas","6/18/20","1866","19","48471","1.02"
"Waller","2","100","Texas","6/18/20","86","14","48473","16.28"
"Ward","1","7","Texas","6/18/20","2","5","48475","250"
"Washington","1","222","Texas","6/18/20","214","8","48477","3.74"
"Webb","22","803","Texas","6/18/20","652","151","48479","23.16"
"Wharton","2","99","Texas","6/18/20","87","12","48481","13.79"
"Wheeler","0","16","Texas","6/18/20","15","1","48483","6.67"
"Wichita","6","137","Texas","6/18/20","92","45","48485","48.91"
"Wilbarger","0","7","Texas","6/18/20","7","0","48487","0"
"Willacy","3","71","Texas","6/18/20","48","23","48489","47.92"
"Williamson","47","1114","Texas","6/18/20","787","327","48491","41.55"
"Wilson","1","55","Texas","6/18/20","46","9","48493","19.57"
"Winkler","0","5","Texas","6/18/20","3","2","48495","66.67"
"Wise","1","62","Texas","6/18/20","55","7","48497","12.73"
"Wood","2","66","Texas","6/18/20","51","15","48499","29.41"
"Yoakum","0","11","Texas","6/18/20","8","3","48501","37.5"
"Young","0","15","Texas","6/18/20","13","2","48503","15.38"
"Zapata","3","31","Texas","6/18/20","12","19","48505","158.33"
"Zavala","0","13","Texas","6/18/20","12","1","48507","8.33"
"Bear River","35","1126","Utah","6/18/20","878","248","00000","28.25"
"Central Utah","4","81","Utah","6/18/20","54","27","00000","50"
"Davis","17","739","Utah","6/18/20","620","119","49011","19.19"
"Salt Lake","187","8083","Utah","6/18/20","6776","1307","49035","19.29"
"San Juan","4","374","Utah","6/18/20","343","31","49037","9.04"
"Southeast Utah","0","30","Utah","6/18/20","28","2","00000","7.14"
"Southwest Utah","29","919","Utah","6/18/20","718","201","00000","27.99"
"Summit","2","453","Utah","6/18/20","442","11","49043","2.49"
"Tooele","4","184","Utah","6/18/20","158","26","49045","16.46"
"TriCounty","1","33","Utah","6/18/20","27","6","00000","22.22"
"Utah","60","2861","Utah","6/18/20","2444","417","49049","17.06"
"Wasatch","4","368","Utah","6/18/20","341","27","49051","7.92"
"Weber-Morgan","24","588","Utah","6/18/20","423","165","00000","39.01"
"Addison","0","67","Vermont","6/18/20","66","1","50001","1.52"
"Bennington","0","68","Vermont","6/18/20","67","1","50003","1.49"
"Caledonia","0","16","Vermont","6/18/20","16","0","50005","0"
"Chittenden","2","574","Vermont","6/18/20","559","15","50007","2.68"
"Essex","0","3","Vermont","6/18/20","3","0","50009","0"
"Franklin","0","102","Vermont","6/18/20","101","1","50011","0.99"
"Grand Isle","0","8","Vermont","6/18/20","8","0","50013","0"
"Lamoille","0","29","Vermont","6/18/20","29","0","50015","0"
"Orange","0","9","Vermont","6/18/20","9","0","50017","0"
"Orleans","0","13","Vermont","6/18/20","13","0","50019","0"
"Rutland","0","60","Vermont","6/18/20","57","3","50021","5.26"
"Washington","0","41","Vermont","6/18/20","39","2","50023","5.13"
"Windham","0","85","Vermont","6/18/20","83","2","50025","2.41"
"Windsor","0","55","Vermont","6/18/20","55","0","50027","0"
"","0","73","Virgin Islands","6/18/20","72","1",,"1.39"
"Accomack","5","1018","Virginia","6/18/20","984","34","51001","3.46"
"Albemarle","5","302","Virginia","6/18/20","269","33","51003","12.27"
"Alexandria","8","2186","Virginia","6/18/20","2127","59","51510","2.77"
"Alleghany","1","30","Virginia","6/18/20","26","4","51005","15.38"
"Amelia","1","39","Virginia","6/18/20","34","5","51007","14.71"
"Amherst","0","28","Virginia","6/18/20","27","1","51009","3.7"
"Appomattox","0","34","Virginia","6/18/20","33","1","51011","3.03"
"Arlington","12","2382","Virginia","6/18/20","2299","83","51013","3.61"
"Augusta","4","164","Virginia","6/18/20","139","25","51015","17.99"
"Bedford","2","94","Virginia","6/18/20","82","12","51019","14.63"
"Botetourt","1","51","Virginia","6/18/20","44","7","51023","15.91"
"Bristol","0","4","Virginia","6/18/20","4","0","51520","0"
"Brunswick","4","72","Virginia","6/18/20","44","28","51025","63.64"
"Buchanan","0","18","Virginia","6/18/20","18","0","51027","0"
"Buckingham","5","552","Virginia","6/18/20","517","35","51029","6.77"
"Buena Vista","0","12","Virginia","6/18/20","12","0","51530","0"
"Campbell","1","28","Virginia","6/18/20","22","6","51031","27.27"
"Caroline","3","119","Virginia","6/18/20","100","19","51033","19"
"Carroll","3","178","Virginia","6/18/20","158","20","51035","12.66"
"Charles City","1","34","Virginia","6/18/20","28","6","51036","21.43"
"Charlotte","0","30","Virginia","6/18/20","29","1","51037","3.45"
"Charlottesville","3","164","Virginia","6/18/20","144","20","51540","13.89"
"Chesapeake","11","697","Virginia","6/18/20","622","75","51550","12.06"
"Chesterfield","48","2375","Virginia","6/18/20","2041","334","51041","16.36"
"Clarke","1","43","Virginia","6/18/20","36","7","51043","19.44"
"Colonial Heights","2","119","Virginia","6/18/20","106","13","51570","12.26"
"Covington","0","4","Virginia","6/18/20","4","0","51580","0"
"Craig","0","6","Virginia","6/18/20","6","0","51045","0"
"Culpeper","2","790","Virginia","6/18/20","774","16","51047","2.07"
"Cumberland","1","50","Virginia","6/18/20","46","4","51049","8.7"
"Danville","1","68","Virginia","6/18/20","61","7","51590","11.48"
"Dickenson","0","1","Virginia","6/18/20","0","1","51051","1"
"Dinwiddie","2","114","Virginia","6/18/20","101","13","51053","12.87"
"Emporia","2","107","Virginia","6/18/20","94","13","51595","13.83"
"Essex","0","54","Virginia","6/18/20","52","2","51057","3.85"
"Fairfax","57","13209","Virginia","6/18/20","12812","397","51059","3.1"
"Fairfax City","0","67","Virginia","6/18/20","68","-1","51600","-1.47"
"Falls Church","0","58","Virginia","6/18/20","56","2","51610","3.57"
"Fauquier","4","399","Virginia","6/18/20","374","25","51061","6.68"
"Floyd","0","10","Virginia","6/18/20","8","2","51063","25"
"Fluvanna","1","103","Virginia","6/18/20","98","5","51065","5.1"
"Franklin","1","46","Virginia","6/18/20","42","4","51067","9.52"
"Franklin City","0","44","Virginia","6/18/20","43","1","51620","2.33"
"Frederick","4","444","Virginia","6/18/20","416","28","51069","6.73"
"Fredericksburg","3","218","Virginia","6/18/20","197","21","51630","10.66"
"Galax","7","211","Virginia","6/18/20","165","46","51640","27.88"
"Giles","0","6","Virginia","6/18/20","5","1","51071","20"
"Gloucester","1","40","Virginia","6/18/20","34","6","51073","17.65"
"Goochland","1","116","Virginia","6/18/20","109","7","51075","6.42"
"Grayson","1","69","Virginia","6/18/20","63","6","51077","9.52"
"Greene","0","48","Virginia","6/18/20","45","3","51079","6.67"
"Greensville","6","344","Virginia","6/18/20","303","41","51081","13.53"
"Halifax","1","39","Virginia","6/18/20","32","7","51083","21.88"
"Hampton","3","251","Virginia","6/18/20","233","18","51650","7.73"
"Hanover","3","380","Virginia","6/18/20","357","23","51085","6.44"
"Harrisonburg","3","870","Virginia","6/18/20","846","24","51660","2.84"
"Henrico","25","2342","Virginia","6/18/20","2170","172","51087","7.93"
"Henry","4","214","Virginia","6/18/20","188","26","51089","13.83"
"Highland","0","3","Virginia","6/18/20","2","1","51091","50"
"Hopewell","4","150","Virginia","6/18/20","120","30","51670","25"
"Isle of Wight","1","158","Virginia","6/18/20","150","8","51093","5.33"
"James City","2","237","Virginia","6/18/20","225","12","51095","5.33"
"King and Queen","0","24","Virginia","6/18/20","24","0","51097","0"
"King George","2","95","Virginia","6/18/20","83","12","51099","14.46"
"King William","0","33","Virginia","6/18/20","32","1","51101","3.12"
"Lancaster","0","11","Virginia","6/18/20","11","0","51103","0"
"Lee","0","9","Virginia","6/18/20","9","0","51105","0"
"Lexington","0","8","Virginia","6/18/20","8","0","51678","0"
"Loudoun","39","3499","Virginia","6/18/20","3229","270","51107","8.36"
"Louisa","1","102","Virginia","6/18/20","95","7","51109","7.37"
"Lunenburg","0","21","Virginia","6/18/20","18","3","51111","16.67"
"Lynchburg","1","99","Virginia","6/18/20","89","10","51680","11.24"
"Madison","0","42","Virginia","6/18/20","41","1","51113","2.44"
"Manassas","9","1337","Virginia","6/18/20","1271","66","51683","5.19"
"Manassas Park","5","393","Virginia","6/18/20","361","32","51685","8.86"
"Martinsville","1","58","Virginia","6/18/20","53","5","51690","9.43"
"Mathews","0","5","Virginia","6/18/20","5","0","51115","0"
"Mecklenburg","1","233","Virginia","6/18/20","225","8","51117","3.56"
"Middlesex","0","14","Virginia","6/18/20","14","0","51119","0"
"Montgomery","0","97","Virginia","6/18/20","96","1","51121","1.04"
"Nelson","0","18","Virginia","6/18/20","18","0","51125","0"
"New Kent","0","48","Virginia","6/18/20","45","3","51127","6.67"
"Newport News","9","402","Virginia","6/18/20","337","65","51700","19.29"
"Norfolk","12","704","Virginia","6/18/20","619","85","51710","13.73"
"Northampton","1","267","Virginia","6/18/20","259","8","51131","3.09"
"Northumberland","0","27","Virginia","6/18/20","25","2","51133","8"
"Norton","0","2","Virginia","6/18/20","2","0","51720","0"
"Nottoway","2","74","Virginia","6/18/20","58","16","51135","27.59"
"Orange","2","136","Virginia","6/18/20","119","17","51137","14.29"
"Page","1","259","Virginia","6/18/20","249","10","51139","4.02"
"Patrick","1","36","Virginia","6/18/20","29","7","51141","24.14"
"Petersburg","3","196","Virginia","6/18/20","176","20","51730","11.36"
"Pittsylvania","3","76","Virginia","6/18/20","56","20","51143","35.71"
"Poquoson","0","12","Virginia","6/18/20","10","2","51735","20"
"Portsmouth","5","402","Virginia","6/18/20","364","38","51740","10.44"
"Powhatan","1","55","Virginia","6/18/20","48","7","51145","14.58"
"Prince Edward","3","173","Virginia","6/18/20","155","18","51147","11.61"
"Prince George","2","170","Virginia","6/18/20","158","12","51149","7.59"
"Prince William","41","6684","Virginia","6/18/20","6396","288","51153","4.5"
"Pulaski","0","31","Virginia","6/18/20","30","1","51155","3.33"
"Radford","0","9","Virginia","6/18/20","7","2","51750","28.57"
"Rappahannock","0","16","Virginia","6/18/20","16","0","51157","0"
"Richmond","1","295","Virginia","6/18/20","290","5","51159","1.72"
"Richmond City","27","1895","Virginia","6/18/20","1709","186","51760","10.88"
"Roanoke","3","149","Virginia","6/18/20","128","21","51161","16.41"
"Roanoke City","8","277","Virginia","6/18/20","222","55","51770","24.77"
"Rockbridge","0","18","Virginia","6/18/20","19","-1","51163","-5.26"
"Rockingham","5","641","Virginia","6/18/20","606","35","51165","5.78"
"Russell","0","9","Virginia","6/18/20","8","1","51167","12.5"
"Salem","1","48","Virginia","6/18/20","42","6","51775","14.29"
"Scott","0","8","Virginia","6/18/20","7","1","51169","14.29"
"Shenandoah","4","530","Virginia","6/18/20","499","31","51171","6.21"
"Smyth","2","28","Virginia","6/18/20","16","12","51173","75"
"Southampton","0","154","Virginia","6/18/20","155","-1","51175","-0.65"
"Spotsylvania","19","862","Virginia","6/18/20","729","133","51177","18.24"
"Stafford","11","917","Virginia","6/18/20","841","76","51179","9.04"
"Staunton","1","62","Virginia","6/18/20","55","7","51790","12.73"
"Suffolk","2","349","Virginia","6/18/20","333","16","51800","4.8"
"Surry","0","13","Virginia","6/18/20","11","2","51181","18.18"
"Sussex","1","185","Virginia","6/18/20","176","9","51183","5.11"
"Tazewell","0","9","Virginia","6/18/20","9","0","51185","0"
"Virginia Beach","15","936","Virginia","6/18/20","832","104","51810","12.5"
"Warren","1","234","Virginia","6/18/20","225","9","51187","4"
"Washington","0","58","Virginia","6/18/20","58","0","51191","0"
"Waynesboro","1","61","Virginia","6/18/20","53","8","51820","15.09"
"Westmoreland","1","87","Virginia","6/18/20","83","4","51193","4.82"
"Williamsburg","1","54","Virginia","6/18/20","49","5","51830","10.2"
"Winchester","4","276","Virginia","6/18/20","250","26","51840","10.4"
"Wise","0","27","Virginia","6/18/20","27","0","51195","0"
"Wythe","0","42","Virginia","6/18/20","42","0","51197","0"
"York","1","94","Virginia","6/18/20","89","5","51199","5.62"
"Adams","2","101","Washington","6/18/20","89","12","53001","13.48"
"Asotin","0","20","Washington","6/18/20","19","1","53003","5.26"
"Benton","32","1268","Washington","6/18/20","1041","227","53005","21.81"
"Chelan","2","279","Washington","6/18/20","268","11","53007","4.1"
"Clallam","1","32","Washington","6/18/20","28","4","53009","14.29"
"Clark","6","638","Washington","6/18/20","595","43","53011","7.23"
"Columbia","0","1","Washington","6/18/20","1","0","53013","0"
"Cowlitz","3","124","Washington","6/18/20","101","23","53015","22.77"
"Douglas","2","189","Washington","6/18/20","178","11","53017","6.18"
"Ferry","0","1","Washington","6/18/20","1","0","53019","0"
"Franklin","36","1081","Washington","6/18/20","826","255","53021","30.87"
"Grant","13","328","Washington","6/18/20","235","93","53025","39.57"
"Grays Harbor","0","21","Washington","6/18/20","19","2","53027","10.53"
"Island","0","184","Washington","6/18/20","182","2","53029","1.1"
"Jefferson","0","32","Washington","6/18/20","31","1","53031","3.23"
"King","59","8963","Washington","6/18/20","8550","413","53033","4.83"
"Kitsap","2","182","Washington","6/18/20","170","12","53035","7.06"
"Kittitas","0","92","Washington","6/18/20","90","2","53037","2.22"
"Klickitat","1","52","Washington","6/18/20","42","10","53039","23.81"
"Lewis","1","43","Washington","6/18/20","37","6","53041","16.22"
"Lincoln","0","2","Washington","6/18/20","2","0","53043","0"
"Mason","0","41","Washington","6/18/20","39","2","53045","5.13"
"Okanogan","1","62","Washington","6/18/20","56","6","53047","10.71"
"Pacific","0","12","Washington","6/18/20","10","2","53049","20"
"Pend Oreille","0","3","Washington","6/18/20","3","0","53051","0"
"Pierce","17","2199","Washington","6/18/20","2078","121","53053","5.82"
"San Juan","0","16","Washington","6/18/20","14","2","53055","14.29"
"Skagit","3","474","Washington","6/18/20","452","22","53057","4.87"
"Skamania","0","3","Washington","6/18/20","3","0","53059","0"
"Snohomish","18","3200","Washington","6/18/20","3075","125","53061","4.07"
"Spokane","15","880","Washington","6/18/20","778","102","53063","13.11"
"Stevens","0","16","Washington","6/18/20","15","1","53065","6.67"
"Thurston","4","201","Washington","6/18/20","172","29","53067","16.86"
"Wahkiakum","0","4","Washington","6/18/20","4","0","53069","0"
"Walla Walla","1","127","Washington","6/18/20","118","9","53071","7.63"
"Whatcom","6","467","Washington","6/18/20","428","39","53073","9.11"
"Whitman","1","30","Washington","6/18/20","21","9","53075","42.86"
"Yakima","113","5777","Washington","6/18/20","4988","789","53077","15.82"
"Barbour","0","11","West Virginia","6/18/20","10","1","54001","10"
"Berkeley","7","415","West Virginia","6/18/20","369","46","54003","12.47"
"Boone","0","20","West Virginia","6/18/20","17","3","54005","17.65"
"Braxton","0","3","West Virginia","6/18/20","3","0","54007","0"
"Brooke","0","6","West Virginia","6/18/20","5","1","54009","20"
"Cabell","1","79","West Virginia","6/18/20","71","8","54011","11.27"
"Calhoun","0","2","West Virginia","6/18/20","2","0","54013","0"
"Clay","0","10","West Virginia","6/18/20","7","3","54015","42.86"
"Fayette","0","56","West Virginia","6/18/20","54","2","54019","3.7"
"Gilmer","0","10","West Virginia","6/18/20","10","0","54021","0"
"Grant","0","16","West Virginia","6/18/20","16","0","54023","0"
"Greenbrier","5","42","West Virginia","6/18/20","9","33","54025","366.67"
"Hampshire","1","40","West Virginia","6/18/20","35","5","54027","14.29"
"Hancock","0","21","West Virginia","6/18/20","20","1","54029","5"
"Hardy","0","41","West Virginia","6/18/20","40","1","54031","2.5"
"Harrison","1","49","West Virginia","6/18/20","43","6","54033","13.95"
"Jackson","0","141","West Virginia","6/18/20","141","0","54035","0"
"Jefferson","1","213","West Virginia","6/18/20","205","8","54037","3.9"
"Kanawha","2","256","West Virginia","6/18/20","244","12","54039","4.92"
"Lewis","1","14","West Virginia","6/18/20","8","6","54041","75"
"Lincoln","0","5","West Virginia","6/18/20","5","0","54043","0"
"Logan","0","21","West Virginia","6/18/20","21","0","54045","0"
"Marion","0","53","West Virginia","6/18/20","53","0","54049","0"
"Marshall","0","37","West Virginia","6/18/20","34","3","54051","8.82"
"Mason","0","15","West Virginia","6/18/20","15","0","54053","0"
"McDowell","0","6","West Virginia","6/18/20","6","0","54047","0"
"Mercer","0","16","West Virginia","6/18/20","13","3","54055","23.08"
"Mineral","0","52","West Virginia","6/18/20","51","1","54057","1.96"
"Mingo","0","12","West Virginia","6/18/20","11","1","54059","9.09"
"Monongalia","1","147","West Virginia","6/18/20","142","5","54061","3.52"
"Monroe","0","9","West Virginia","6/18/20","8","1","54063","12.5"
"Morgan","0","19","West Virginia","6/18/20","19","0","54065","0"
"Nicholas","0","7","West Virginia","6/18/20","7","0","54067","0"
"Ohio","1","60","West Virginia","6/18/20","53","7","54069","13.21"
"Pendleton","0","13","West Virginia","6/18/20","13","0","54071","0"
"Pleasants","0","4","West Virginia","6/18/20","4","0","54073","0"
"Pocahontas","0","22","West Virginia","6/18/20","21","1","54075","4.76"
"Preston","2","36","West Virginia","6/18/20","24","12","54077","50"
"Putnam","0","40","West Virginia","6/18/20","41","-1","54079","-2.44"
"Raleigh","1","27","West Virginia","6/18/20","19","8","54081","42.11"
"Randolph","1","146","West Virginia","6/18/20","138","8","54083","5.8"
"Ritchie","0","2","West Virginia","6/18/20","2","0","54085","0"
"Roane","0","11","West Virginia","6/18/20","9","2","54087","22.22"
"Summers","0","1","West Virginia","6/18/20","1","0","54089","0"
"Taylor","0","12","West Virginia","6/18/20","10","2","54091","20"
"Tucker","0","5","West Virginia","6/18/20","4","1","54093","25"
"Tyler","0","3","West Virginia","6/18/20","3","0","54095","0"
"Upshur","1","11","West Virginia","6/18/20","7","4","54097","57.14"
"Wayne","0","106","West Virginia","6/18/20","103","3","54099","2.91"
"Wetzel","0","9","West Virginia","6/18/20","9","0","54103","0"
"Wirt","0","4","West Virginia","6/18/20","4","0","54105","0"
"Wood","0","56","West Virginia","6/18/20","53","3","54107","5.66"
"Wyoming","0","6","West Virginia","6/18/20","5","1","54109","20"
"Adams","1","10","Wisconsin","6/18/20","6","4","55001","66.67"
"Ashland","0","3","Wisconsin","6/18/20","3","0","55003","0"
"Barron","1","30","Wisconsin","6/18/20","21","9","55005","42.86"
"Bayfield","0","3","Wisconsin","6/18/20","3","0","55007","0"
"Brown","14","2520","Wisconsin","6/18/20","2421","99","55009","4.09"
"Buffalo","0","6","Wisconsin","6/18/20","7","-1","55011","-14.29"
"Burnett","0","2","Wisconsin","6/18/20","1","1","55013","100"
"Calumet","1","90","Wisconsin","6/18/20","83","7","55015","8.43"
"Chippewa","1","65","Wisconsin","6/18/20","61","4","55017","6.56"
"Clark","2","56","Wisconsin","6/18/20","45","11","55019","24.44"
"Columbia","1","60","Wisconsin","6/18/20","50","10","55021","20"
"Crawford","0","27","Wisconsin","6/18/20","26","1","55023","3.85"
"Dane","17","1017","Wisconsin","6/18/20","896","121","55025","13.5"
"Dodge","2","426","Wisconsin","6/18/20","414","12","55027","2.9"
"Door","0","39","Wisconsin","6/18/20","39","0","55029","0"
"Douglas","0","20","Wisconsin","6/18/20","20","0","55031","0"
"Dunn","0","29","Wisconsin","6/18/20","29","0","55033","0"
"Eau Claire","3","149","Wisconsin","6/18/20","126","23","55035","18.25"
"Florence","0","2","Wisconsin","6/18/20","2","0","55037","0"
"Fond du Lac","4","277","Wisconsin","6/18/20","251","26","55039","10.36"
"Forest","0","34","Wisconsin","6/18/20","34","0","55041","0"
"Grant","2","113","Wisconsin","6/18/20","101","12","55043","11.88"
"Green","1","78","Wisconsin","6/18/20","72","6","55045","8.33"
"Green Lake","0","24","Wisconsin","6/18/20","23","1","55047","4.35"
"Iowa","0","18","Wisconsin","6/18/20","16","2","55049","12.5"
"Iron","0","2","Wisconsin","6/18/20","2","0","55051","0"
"Jackson","0","24","Wisconsin","6/18/20","22","2","55053","9.09"
"Jefferson","3","164","Wisconsin","6/18/20","142","22","55055","15.49"
"Juneau","0","27","Wisconsin","6/18/20","24","3","55057","12.5"
"Kenosha","10","1392","Wisconsin","6/18/20","1319","73","55059","5.53"
"Kewaunee","0","40","Wisconsin","6/18/20","37","3","55061","8.11"
"La Crosse","12","179","Wisconsin","6/18/20","94","85","55063","90.43"
"Lafayette","2","48","Wisconsin","6/18/20","36","12","55065","33.33"
"Langlade","0","7","Wisconsin","6/18/20","6","1","55067","16.67"
"Lincoln","0","8","Wisconsin","6/18/20","7","1","55069","14.29"
"Manitowoc","2","56","Wisconsin","6/18/20","40","16","55071","40"
"Marathon","4","95","Wisconsin","6/18/20","70","25","55073","35.71"
"Marinette","0","40","Wisconsin","6/18/20","37","3","55075","8.11"
"Marquette","0","9","Wisconsin","6/18/20","9","0","55077","0"
"Menominee","0","4","Wisconsin","6/18/20","4","0","55078","0"
"Milwaukee","104","9945","Wisconsin","6/18/20","9220","725","55079","7.86"
"Monroe","2","39","Wisconsin","6/18/20","26","13","55081","50"
"Oconto","0","46","Wisconsin","6/18/20","43","3","55083","6.98"
"Oneida","0","17","Wisconsin","6/18/20","14","3","55085","21.43"
"Outagamie","9","366","Wisconsin","6/18/20","306","60","55087","19.61"
"Ozaukee","2","199","Wisconsin","6/18/20","185","14","55089","7.57"
"Pepin","0","1","Wisconsin","6/18/20","1","0","55091","0"
"Pierce","1","57","Wisconsin","6/18/20","51","6","55093","11.76"
"Polk","0","37","Wisconsin","6/18/20","37","0","55095","0"
"Portage","3","86","Wisconsin","6/18/20","66","20","55097","30.3"
"Price","0","2","Wisconsin","6/18/20","2","0","55099","0"
"Racine","12","2053","Wisconsin","6/18/20","1966","87","55101","4.43"
"Richland","0","14","Wisconsin","6/18/20","14","0","55103","0"
"Rock","6","773","Wisconsin","6/18/20","729","44","55105","6.04"
"Rusk","0","10","Wisconsin","6/18/20","7","3","55107","42.86"
"Sauk","1","88","Wisconsin","6/18/20","84","4","55111","4.76"
"Sawyer","0","9","Wisconsin","6/18/20","9","0","55113","0"
"Shawano","1","66","Wisconsin","6/18/20","60","6","55115","10"
"Sheboygan","7","177","Wisconsin","6/18/20","129","48","55117","37.21"
"St. Croix","2","119","Wisconsin","6/18/20","108","11","55109","10.19"
"Taylor","1","6","Wisconsin","6/18/20","2","4","55119","200"
"Trempealeau","5","85","Wisconsin","6/18/20","49","36","55121","73.47"
"Vernon","1","28","Wisconsin","6/18/20","23","5","55123","21.74"
"Vilas","0","10","Wisconsin","6/18/20","8","2","55125","25"
"Walworth","3","487","Wisconsin","6/18/20","468","19","55127","4.06"
"Washburn","0","3","Wisconsin","6/18/20","3","0","55129","0"
"Washington","2","303","Wisconsin","6/18/20","287","16","55131","5.57"
"Waukesha","13","958","Wisconsin","6/18/20","865","93","55133","10.75"
"Waupaca","3","84","Wisconsin","6/18/20","63","21","55135","33.33"
"Waushara","1","18","Wisconsin","6/18/20","14","4","55137","28.57"
"Winnebago","14","569","Wisconsin","6/18/20","473","96","55139","20.3"
"Wood","2","28","Wisconsin","6/18/20","15","13","55141","86.67"
"Albany","0","28","Wyoming","6/18/20","26","2","56001","7.69"
"Big Horn","0","11","Wyoming","6/18/20","10","1","56003","10"
"Campbell","1","46","Wyoming","6/18/20","39","7","56005","17.95"
"Carbon","0","22","Wyoming","6/18/20","20","2","56007","10"
"Converse","0","24","Wyoming","6/18/20","24","0","56009","0"
"Crook","0","6","Wyoming","6/18/20","5","1","56011","20"
"Fremont","2","319","Wyoming","6/18/20","302","17","56013","5.63"
"Goshen","0","5","Wyoming","6/18/20","5","0","56015","0"
"Hot Springs","0","12","Wyoming","6/18/20","12","0","56017","0"
"Johnson","0","19","Wyoming","6/18/20","18","1","56019","5.56"
"Laramie","2","203","Wyoming","6/18/20","188","15","56021","7.98"
"Lincoln","0","15","Wyoming","6/18/20","15","0","56023","0"
"Natrona","0","90","Wyoming","6/18/20","87","3","56025","3.45"
"Niobrara","0","2","Wyoming","6/18/20","2","0","56027","0"
"Park","1","10","Wyoming","6/18/20","2","8","56029","400"
"Platte","0","1","Wyoming","6/18/20","1","0","56031","0"
"Sheridan","0","19","Wyoming","6/18/20","19","0","56033","0"
"Sublette","0","4","Wyoming","6/18/20","3","1","56035","33.33"
"Sweetwater","1","44","Wyoming","6/18/20","36","8","56037","22.22"
"Teton","1","108","Wyoming","6/18/20","102","6","56039","5.88"
"Uinta","9","116","Wyoming","6/18/20","53","63","56041","118.87"
"Washakie","0","39","Wyoming","6/18/20","39","0","56043","0"
"Weston","0","1","Wyoming","6/18/20","1","0","56045","0"
