"Locality","DailyAvgNewCasesPast7Days","TotalCases","State","Date","TotalCases7DaysAgo","NewCasesPast7Days","FIPS-Code","PercentIncreaseTotalCasesPast7Days"
"Autauga","13","357","Alabama","6/14/20","265","92","01001","34.72"
"Baldwin","7","364","Alabama","6/14/20","313","51","01003","16.29"
"Barbour","6","234","Alabama","6/14/20","193","41","01005","21.24"
"Bibb","4","104","Alabama","6/14/20","77","27","01007","35.06"
"Blount","5","110","Alabama","6/14/20","72","38","01009","52.78"
"Bullock","10","302","Alabama","6/14/20","232","70","01011","30.17"
"Butler","12","536","Alabama","6/14/20","449","87","01013","19.38"
"Calhoun","3","195","Alabama","6/14/20","176","19","01015","10.8"
"Chambers","11","453","Alabama","6/14/20","378","75","01017","19.84"
"Cherokee","1","51","Alabama","6/14/20","42","9","01019","21.43"
"Chilton","3","132","Alabama","6/14/20","110","22","01021","20"
"Choctaw","3","175","Alabama","6/14/20","155","20","01023","12.9"
"Clarke","5","188","Alabama","6/14/20","156","32","01025","20.51"
"Clay","0","30","Alabama","6/14/20","29","1","01027","3.45"
"Cleburne","0","21","Alabama","6/14/20","18","3","01029","16.67"
"Coffee","5","282","Alabama","6/14/20","246","36","01031","14.63"
"Colbert","6","253","Alabama","6/14/20","209","44","01033","21.05"
"Conecuh","6","93","Alabama","6/14/20","49","44","01035","89.8"
"Coosa","1","46","Alabama","6/14/20","40","6","01037","15"
"Covington","11","164","Alabama","6/14/20","88","76","01039","86.36"
"Crenshaw","4","110","Alabama","6/14/20","84","26","01041","30.95"
"Cullman","10","264","Alabama","6/14/20","193","71","01043","36.79"
"Dale","6","173","Alabama","6/14/20","131","42","01045","32.06"
"Dallas","24","486","Alabama","6/14/20","320","166","01047","51.88"
"DeKalb","7","318","Alabama","6/14/20","269","49","01049","18.22"
"Elmore","17","528","Alabama","6/14/20","411","117","01051","28.47"
"Escambia","2","102","Alabama","6/14/20","85","17","01053","20"
"Etowah","7","323","Alabama","6/14/20","273","50","01055","18.32"
"Fayette","4","43","Alabama","6/14/20","18","25","01057","138.89"
"Franklin","15","723","Alabama","6/14/20","617","106","01059","17.18"
"Geneva","0","46","Alabama","6/14/20","46","0","01061","0"
"Greene","4","123","Alabama","6/14/20","98","25","01063","25.51"
"Hale","4","232","Alabama","6/14/20","202","30","01065","14.85"
"Henry","3","107","Alabama","6/14/20","88","19","01067","21.59"
"Houston","9","307","Alabama","6/14/20","245","62","01069","25.31"
"Jackson","5","122","Alabama","6/14/20","90","32","01071","35.56"
"Jefferson","62","2475","Alabama","6/14/20","2039","436","01073","21.38"
"Lamar","2","43","Alabama","6/14/20","29","14","01075","48.28"
"Lauderdale","7","234","Alabama","6/14/20","184","50","01077","27.17"
"Lawrence","1","64","Alabama","6/14/20","55","9","01079","16.36"
"Lee","14","679","Alabama","6/14/20","584","95","01081","16.27"
"Limestone","13","215","Alabama","6/14/20","123","92","01083","74.8"
"Lowndes","14","383","Alabama","6/14/20","283","100","01085","35.34"
"Macon","4","125","Alabama","6/14/20","98","27","01087","27.55"
"Madison","22","532","Alabama","6/14/20","376","156","01089","41.49"
"Marengo","4","209","Alabama","6/14/20","184","25","01091","13.59"
"Marion","2","140","Alabama","6/14/20","126","14","01093","11.11"
"Marshall","20","882","Alabama","6/14/20","739","143","01095","19.35"
"Mobile","38","2697","Alabama","6/14/20","2433","264","01097","10.85"
"Monroe","10","126","Alabama","6/14/20","56","70","01099","125"
"Montgomery","105","2791","Alabama","6/14/20","2054","737","01101","35.88"
"Morgan","32","600","Alabama","6/14/20","378","222","01103","58.73"
"Perry","4","74","Alabama","6/14/20","47","27","01105","57.45"
"Pickens","3","141","Alabama","6/14/20","122","19","01107","15.57"
"Pike","12","324","Alabama","6/14/20","243","81","01109","33.33"
"Randolph","1","140","Alabama","6/14/20","132","8","01111","6.06"
"Russell","12","283","Alabama","6/14/20","198","85","01113","42.93"
"Shelby","13","637","Alabama","6/14/20","549","88","01117","16.03"
"St. Clair","4","170","Alabama","6/14/20","140","30","01115","21.43"
"Sumter","3","263","Alabama","6/14/20","245","18","01119","7.35"
"Talladega","4","157","Alabama","6/14/20","132","25","01121","18.94"
"Tallapoosa","4","467","Alabama","6/14/20","442","25","01123","5.66"
"Tuscaloosa","54","1291","Alabama","6/14/20","915","376","01125","41.09"
"Walker","17","568","Alabama","6/14/20","452","116","01127","25.66"
"Washington","1","86","Alabama","6/14/20","79","7","01129","8.86"
"Wilcox","7","221","Alabama","6/14/20","169","52","01131","30.77"
"Winston","4","121","Alabama","6/14/20","93","28","01133","30.11"
"Anchorage","7","319","Alaska","6/14/20","272","47","02020","17.28"
"Bethel","0","4","Alaska","6/14/20","3","1","02050","33.33"
"Fairbanks North Star","2","96","Alaska","6/14/20","85","11","02090","12.94"
"Haines","0","1","Alaska","6/14/20","0","1","02100","1"
"Juneau","0","37","Alaska","6/14/20","34","3","02110","8.82"
"Kenai Peninsula","4","108","Alaska","6/14/20","79","29","02122","36.71"
"Ketchikan Gateway","0","19","Alaska","6/14/20","16","3","02130","18.75"
"Kodiak Island","0","2","Alaska","6/14/20","1","1","02150","100"
"Matanuska-Susitna","1","44","Alaska","6/14/20","35","9","02170","25.71"
"Nome","0","5","Alaska","6/14/20","3","2","02180","66.67"
"North Slope","0","1","Alaska","6/14/20","1","0","02185","0"
"Northwest Arctic","0","4","Alaska","6/14/20","2","2","02188","100"
"Petersburg","0","4","Alaska","6/14/20","4","0","02195","0"
"Prince of Wales-Hyder","0","2","Alaska","6/14/20","2","0","02198","0"
"Sitka","1","8","Alaska","6/14/20","2","6","02220","300"
"Southeast Fairbanks","0","3","Alaska","6/14/20","3","0","02240","0"
"Wrangell","0","2","Alaska","6/14/20","0","2","02275","1"
"Yukon-Koyukuk","0","1","Alaska","6/14/20","1","0","02290","0"
"Apache","35","1972","Arizona","6/14/20","1727","245","04001","14.19"
"Cochise","11","216","Arizona","6/14/20","141","75","04003","53.19"
"Coconino","12","1368","Arizona","6/14/20","1282","86","04005","6.71"
"Gila","4","70","Arizona","6/14/20","45","25","04007","55.56"
"Graham","1","50","Arizona","6/14/20","40","10","04009","25"
"Greenlee","0","11","Arizona","6/14/20","10","1","04011","10"
"La Paz","6","221","Arizona","6/14/20","181","40","04012","22.1"
"Maricopa","742","18692","Arizona","6/14/20","13498","5194","04013","38.48"
"Mohave","13","589","Arizona","6/14/20","500","89","04015","17.8"
"Navajo","60","2619","Arizona","6/14/20","2198","421","04017","19.15"
"Pima","116","3910","Arizona","6/14/20","3098","812","04019","26.21"
"Pinal","55","1500","Arizona","6/14/20","1112","388","04021","34.89"
"Santa Cruz","53","970","Arizona","6/14/20","599","371","04023","61.94"
"Yavapai","7","374","Arizona","6/14/20","327","47","04025","14.37"
"Yuma","130","3144","Arizona","6/14/20","2231","913","04027","40.92"
"Arkansas","0","8","Arkansas","6/14/20","7","1","05001","14.29"
"Ashley","1","41","Arkansas","6/14/20","32","9","05003","28.12"
"Baxter","0","14","Arkansas","6/14/20","13","1","05005","7.69"
"Benton","64","1406","Arkansas","6/14/20","956","450","05007","47.07"
"Boone","0","9","Arkansas","6/14/20","7","2","05009","28.57"
"Bradley","1","34","Arkansas","6/14/20","30","4","05011","13.33"
"Carroll","6","80","Arkansas","6/14/20","38","42","05015","110.53"
"Chicot","4","49","Arkansas","6/14/20","23","26","05017","113.04"
"Clark","1","45","Arkansas","6/14/20","40","5","05019","12.5"
"Clay","2","20","Arkansas","6/14/20","6","14","05021","233.33"
"Cleburne","0","75","Arkansas","6/14/20","74","1","05023","1.35"
"Cleveland","0","20","Arkansas","6/14/20","19","1","05025","5.26"
"Columbia","1","28","Arkansas","6/14/20","23","5","05027","21.74"
"Conway","1","21","Arkansas","6/14/20","15","6","05029","40"
"Craighead","8","358","Arkansas","6/14/20","302","56","05031","18.54"
"Crawford","2","56","Arkansas","6/14/20","41","15","05033","36.59"
"Crittenden","8","522","Arkansas","6/14/20","463","59","05035","12.74"
"Cross","2","76","Arkansas","6/14/20","61","15","05037","24.59"
"Dallas","0","3","Arkansas","6/14/20","3","0","05039","0"
"Desha","0","22","Arkansas","6/14/20","20","2","05041","10"
"Drew","1","26","Arkansas","6/14/20","21","5","05043","23.81"
"Faulkner","6","154","Arkansas","6/14/20","113","41","05045","36.28"
"Franklin","0","6","Arkansas","6/14/20","5","1","05047","20"
"Fulton","0","9","Arkansas","6/14/20","7","2","05049","28.57"
"Garland","3","162","Arkansas","6/14/20","140","22","05051","15.71"
"Grant","1","24","Arkansas","6/14/20","19","5","05053","26.32"
"Greene","1","72","Arkansas","6/14/20","67","5","05055","7.46"
"Hempstead","1","36","Arkansas","6/14/20","29","7","05057","24.14"
"Hot Spring","1","42","Arkansas","6/14/20","34","8","05059","23.53"
"Howard","1","38","Arkansas","6/14/20","31","7","05061","22.58"
"Independence","1","42","Arkansas","6/14/20","33","9","05063","27.27"
"Izard","0","20","Arkansas","6/14/20","17","3","05065","17.65"
"Jackson","1","15","Arkansas","6/14/20","6","9","05067","150"
"Jefferson","12","630","Arkansas","6/14/20","548","82","05069","14.96"
"Johnson","3","88","Arkansas","6/14/20","66","22","05071","33.33"
"Lafayette","0","11","Arkansas","6/14/20","10","1","05073","10"
"Lawrence","0","91","Arkansas","6/14/20","89","2","05075","2.25"
"Lee","73","545","Arkansas","6/14/20","36","509","05077","1413.89"
"Lincoln","1","995","Arkansas","6/14/20","985","10","05079","1.02"
"Little River","1","34","Arkansas","6/14/20","25","9","05081","36"
"Logan","1","19","Arkansas","6/14/20","12","7","05083","58.33"
"Lonoke","2","71","Arkansas","6/14/20","59","12","05085","20.34"
"Madison","8","111","Arkansas","6/14/20","54","57","05087","105.56"
"Marion","0","2","Arkansas","6/14/20","2","0","05089","0"
"Miller","2","69","Arkansas","6/14/20","54","15","05091","27.78"
"Mississippi","2","95","Arkansas","6/14/20","80","15","05093","18.75"
"Monroe","0","7","Arkansas","6/14/20","5","2","05095","40"
"Montgomery","0","2","Arkansas","6/14/20","2","0","05097","0"
"Nevada","3","80","Arkansas","6/14/20","56","24","05099","42.86"
"Newton","0","3","Arkansas","6/14/20","3","0","05101","0"
"Ouachita","0","14","Arkansas","6/14/20","14","0","05103","0"
"Perry","0","16","Arkansas","6/14/20","15","1","05105","6.67"
"Phillips","2","39","Arkansas","6/14/20","26","13","05107","50"
"Pike","0","7","Arkansas","6/14/20","6","1","05109","16.67"
"Poinsett","1","50","Arkansas","6/14/20","44","6","05111","13.64"
"Polk","2","53","Arkansas","6/14/20","41","12","05113","29.27"
"Pope","7","256","Arkansas","6/14/20","204","52","05115","25.49"
"Prairie","0","7","Arkansas","6/14/20","5","2","05117","40"
"Pulaski","27","1289","Arkansas","6/14/20","1103","186","05119","16.86"
"Randolph","0","28","Arkansas","6/14/20","26","2","05121","7.69"
"Saline","6","174","Arkansas","6/14/20","135","39","05125","28.89"
"Scott","0","3","Arkansas","6/14/20","1","2","05127","200"
"Searcy","0","7","Arkansas","6/14/20","7","0","05129","0"
"Sebastian","9","148","Arkansas","6/14/20","85","63","05131","74.12"
"Sevier","15","446","Arkansas","6/14/20","339","107","05133","31.56"
"Sharp","0","50","Arkansas","6/14/20","48","2","05135","4.17"
"St. Francis","3","775","Arkansas","6/14/20","753","22","05123","2.92"
"Stone","0","11","Arkansas","6/14/20","10","1","05137","10"
"Union","2","203","Arkansas","6/14/20","188","15","05139","7.98"
"Van Buren","0","30","Arkansas","6/14/20","30","0","05141","0"
"Washington","113","1804","Arkansas","6/14/20","1016","788","05143","77.56"
"White","1","58","Arkansas","6/14/20","49","9","05145","18.37"
"Woodruff","0","4","Arkansas","6/14/20","1","3","05147","300"
"Yell","10","303","Arkansas","6/14/20","235","68","05149","28.94"
"Alameda","74","4320","California","6/14/20","3805","515","06001","13.53"
"Alpine","0","2","California","6/14/20","2","0","06003","0"
"Amador","0","10","California","6/14/20","10","0","06005","0"
"Butte","1","74","California","6/14/20","65","9","06007","13.85"
"Calaveras","1","26","California","6/14/20","19","7","06009","36.84"
"Colusa","0","7","California","6/14/20","7","0","06011","0"
"Contra Costa","42","1959","California","6/14/20","1668","291","06013","17.45"
"Del Norte","0","47","California","6/14/20","47","0","06015","0"
"El Dorado","1","113","California","6/14/20","106","7","06017","6.6"
"Fresno","61","2547","California","6/14/20","2122","425","06019","20.03"
"Glenn","1","24","California","6/14/20","18","6","06021","33.33"
"Humboldt","0","106","California","6/14/20","104","2","06023","1.92"
"Imperial","227","4157","California","6/14/20","2568","1589","06025","61.88"
"Inyo","0","23","California","6/14/20","22","1","06027","4.55"
"Kern","80","3281","California","6/14/20","2720","561","06029","20.62"
"Kings","38","1759","California","6/14/20","1492","267","06031","17.9"
"Lake","0","32","California","6/14/20","30","2","06033","6.67"
"Lassen","0","9","California","6/14/20","6","3","06035","50"
"Los Angeles","1311","73018","California","6/14/20","63844","9174","06037","14.37"
"Madera","5","198","California","6/14/20","163","35","06039","21.47"
"Marin","23","730","California","6/14/20","571","159","06041","27.85"
"Mariposa","0","16","California","6/14/20","16","0","06043","0"
"Mendocino","1","38","California","6/14/20","33","5","06045","15.15"
"Merced","11","409","California","6/14/20","334","75","06047","22.46"
"Mono","0","37","California","6/14/20","37","0","06051","0"
"Monterey","31","949","California","6/14/20","732","217","06053","29.64"
"Napa","6","183","California","6/14/20","141","42","06055","29.79"
"Nevada","0","52","California","6/14/20","50","2","06057","4"
"Orange","162","8573","California","6/14/20","7440","1133","06059","15.23"
"Placer","13","372","California","6/14/20","284","88","06061","30.99"
"Plumas","0","4","California","6/14/20","4","0","06063","0"
"Riverside","245","10490","California","6/14/20","8777","1713","06065","19.52"
"Sacramento","26","1753","California","6/14/20","1569","184","06067","11.73"
"San Benito","3","125","California","6/14/20","105","20","06069","19.05"
"San Bernardino","188","7359","California","6/14/20","6040","1319","06071","21.84"
"San Diego","156","9440","California","6/14/20","8345","1095","06073","13.12"
"San Francisco","26","2928","California","6/14/20","2747","181","06075","6.59"
"San Joaquin","70","1652","California","6/14/20","1161","491","06077","42.29"
"San Luis Obispo","5","324","California","6/14/20","291","33","06079","11.34"
"San Mateo","32","2553","California","6/14/20","2330","223","06081","9.57"
"Santa Barbara","26","1971","California","6/14/20","1787","184","06083","10.3"
"Santa Clara","36","3197","California","6/14/20","2942","255","06085","8.67"
"Santa Cruz","4","257","California","6/14/20","231","26","06087","11.26"
"Shasta","1","50","California","6/14/20","42","8","06089","19.05"
"Sierra","0","1","California","6/14/20","1","0","06091","0"
"Siskiyou","1","16","California","6/14/20","12","4","06093","33.33"
"Solano","13","657","California","6/14/20","566","91","06095","16.08"
"Sonoma","16","752","California","6/14/20","642","110","06097","17.13"
"Stanislaus","50","1212","California","6/14/20","865","347","06099","40.12"
"Sutter","4","86","California","6/14/20","55","31","06101","56.36"
"Tehama","2","21","California","6/14/20","8","13","06103","162.5"
"Trinity","0","2","California","6/14/20","2","0","06105","0"
"Tulare","64","2564","California","6/14/20","2116","448","06107","21.17"
"Tuolumne","0","9","California","6/14/20","7","2","06109","28.57"
"Ventura","37","1518","California","6/14/20","1261","257","06111","20.38"
"Yolo","5","253","California","6/14/20","221","32","06113","14.48"
"Yuba","0","35","California","6/14/20","32","3","06115","9.38"
"Adams","24","3743","Colorado","6/14/20","3575","168","08001","4.7"
"Alamosa","3","118","Colorado","6/14/20","94","24","08003","25.53"
"Arapahoe","24","4803","Colorado","6/14/20","4637","166","08005","3.58"
"Archuleta","0","8","Colorado","6/14/20","8","0","08007","0"
"Baca","0","12","Colorado","6/14/20","12","0","08009","0"
"Bent","0","3","Colorado","6/14/20","3","0","08011","0"
"Boulder","8","1070","Colorado","6/14/20","1016","54","08013","5.31"
"Broomfield","1","264","Colorado","6/14/20","255","9","08014","3.53"
"Chaffee","0","78","Colorado","6/14/20","78","0","08015","0"
"Cheyenne","0","5","Colorado","6/14/20","5","0","08017","0"
"Clear Creek","0","17","Colorado","6/14/20","17","0","08019","0"
"Conejos","0","5","Colorado","6/14/20","5","0","08021","0"
"Costilla","1","14","Colorado","6/14/20","8","6","08023","75"
"Crowley","0","67","Colorado","6/14/20","66","1","08025","1.52"
"Custer","0","2","Colorado","6/14/20","2","0","08027","0"
"Delta","0","77","Colorado","6/14/20","76","1","08029","1.32"
"Denver","32","6330","Colorado","6/14/20","6106","224","08031","3.67"
"Douglas","6","801","Colorado","6/14/20","756","45","08035","5.95"
"Eagle","2","625","Colorado","6/14/20","608","17","08037","2.8"
"El Paso","14","1932","Colorado","6/14/20","1834","98","08041","5.34"
"Elbert","0","54","Colorado","6/14/20","54","0","08039","0"
"Fremont","0","29","Colorado","6/14/20","26","3","08043","11.54"
"Garfield","3","184","Colorado","6/14/20","162","22","08045","13.58"
"Gilpin","0","6","Colorado","6/14/20","5","1","08047","20"
"Grand","0","16","Colorado","6/14/20","15","1","08049","6.67"
"Gunnison","0","181","Colorado","6/14/20","179","2","08051","1.12"
"Hinsdale","0","3","Colorado","6/14/20","3","0","08053","0"
"Huerfano","0","3","Colorado","6/14/20","3","0","08055","0"
"Jefferson","12","2458","Colorado","6/14/20","2373","85","08059","3.58"
"Kit Carson","0","31","Colorado","6/14/20","30","1","08063","3.33"
"La Plata","0","84","Colorado","6/14/20","82","2","08067","2.44"
"Lake","0","39","Colorado","6/14/20","37","2","08065","5.41"
"Larimer","4","647","Colorado","6/14/20","619","28","08069","4.52"
"Las Animas","0","6","Colorado","6/14/20","5","1","08071","20"
"Lincoln","0","3","Colorado","6/14/20","3","0","08073","0"
"Logan","0","633","Colorado","6/14/20","631","2","08075","0.32"
"Mesa","1","69","Colorado","6/14/20","62","7","08077","11.29"
"Mineral","0","2","Colorado","6/14/20","2","0","08079","0"
"Moffat","0","8","Colorado","6/14/20","8","0","08081","0"
"Montezuma","0","60","Colorado","6/14/20","57","3","08083","5.26"
"Montrose","1","195","Colorado","6/14/20","188","7","08085","3.72"
"Morgan","0","646","Colorado","6/14/20","644","2","08087","0.31"
"Otero","0","22","Colorado","6/14/20","21","1","08089","4.76"
"Ouray","0","8","Colorado","6/14/20","8","0","08091","0"
"Park","0","23","Colorado","6/14/20","23","0","08093","0"
"Phillips","0","15","Colorado","6/14/20","14","1","08095","7.14"
"Pitkin","1","65","Colorado","6/14/20","59","6","08097","10.17"
"Prowers","0","16","Colorado","6/14/20","15","1","08099","6.67"
"Pueblo","5","352","Colorado","6/14/20","320","32","08101","10"
"Rio Blanco","0","1","Colorado","6/14/20","1","0","08103","0"
"Rio Grande","1","53","Colorado","6/14/20","45","8","08105","17.78"
"Routt","0","64","Colorado","6/14/20","62","2","08107","3.23"
"Saguache","1","98","Colorado","6/14/20","93","5","08109","5.38"
"San Juan","0","1","Colorado","6/14/20","1","0","08111","0"
"San Miguel","0","24","Colorado","6/14/20","23","1","08113","4.35"
"Summit","1","256","Colorado","6/14/20","248","8","08117","3.23"
"Teller","1","38","Colorado","6/14/20","34","4","08119","11.76"
"Washington","0","44","Colorado","6/14/20","43","1","08121","2.33"
"Weld","10","2656","Colorado","6/14/20","2583","73","08123","2.83"
"Yuma","0","48","Colorado","6/14/20","45","3","08125","6.67"
"Fairfield","36","16306","Connecticut","6/14/20","16056","250","09001","1.56"
"Hartford","58","11218","Connecticut","6/14/20","10809","409","09003","3.78"
"Litchfield","3","1442","Connecticut","6/14/20","1419","23","09005","1.62"
"Middlesex","6","1229","Connecticut","6/14/20","1185","44","09007","3.71"
"New Haven","29","12034","Connecticut","6/14/20","11828","206","09009","1.74"
"New London","17","1236","Connecticut","6/14/20","1119","117","09011","10.46"
"Tolland","3","888","Connecticut","6/14/20","864","24","09013","2.78"
"Windham","6","465","Connecticut","6/14/20","420","45","09015","10.71"
"Kent","7","1557","Delaware","6/14/20","1511","46","10001","3.04"
"New Castle","31","4287","Delaware","6/14/20","4070","217","10003","5.33"
"Sussex","9","4406","Delaware","6/14/20","4346","60","10005","1.38"
"","0","49","Diamond Princess","6/14/20","49","0",,"0"
"District of Columbia","62","9767","District of Columbia","6/14/20","9332","435","11001","4.66"
"Alachua","20","541","Florida","6/14/20","399","142","12001","35.59"
"Baker","0","30","Florida","6/14/20","29","1","12003","3.45"
"Bay","2","145","Florida","6/14/20","130","15","12005","11.54"
"Bradford","0","52","Florida","6/14/20","52","0","12007","0"
"Brevard","13","545","Florida","6/14/20","457","88","12009","19.26"
"Broward","161","8928","Florida","6/14/20","7804","1124","12011","14.4"
"Calhoun","0","66","Florida","6/14/20","66","0","12013","0"
"Charlotte","6","532","Florida","6/14/20","493","39","12015","7.91"
"Citrus","2","143","Florida","6/14/20","128","15","12017","11.72"
"Clay","5","435","Florida","6/14/20","400","35","12019","8.75"
"Collier","70","2526","Florida","6/14/20","2039","487","12021","23.88"
"Columbia","2","182","Florida","6/14/20","171","11","12023","6.43"
"DeSoto","13","361","Florida","6/14/20","268","93","12027","34.7"
"Dixie","0","60","Florida","6/14/20","58","2","12029","3.45"
"Duval","28","1990","Florida","6/14/20","1792","198","12031","11.05"
"Escambia","14","985","Florida","6/14/20","888","97","12033","10.92"
"Flagler","2","207","Florida","6/14/20","195","12","12035","6.15"
"Franklin","0","2","Florida","6/14/20","2","0","12037","0"
"Gadsden","1","304","Florida","6/14/20","294","10","12039","3.4"
"Gilchrist","1","26","Florida","6/14/20","20","6","12041","30"
"Glades","4","114","Florida","6/14/20","84","30","12043","35.71"
"Gulf","0","8","Florida","6/14/20","6","2","12045","33.33"
"Hamilton","1","271","Florida","6/14/20","263","8","12047","3.04"
"Hardee","7","196","Florida","6/14/20","145","51","12049","35.17"
"Hendry","11","638","Florida","6/14/20","558","80","12051","14.34"
"Hernando","2","140","Florida","6/14/20","125","15","12053","12"
"Highlands","4","171","Florida","6/14/20","146","25","12055","17.12"
"Hillsborough","124","3613","Florida","6/14/20","2748","865","12057","31.48"
"Holmes","0","31","Florida","6/14/20","30","1","12059","3.33"
"Indian River","6","205","Florida","6/14/20","164","41","12061","25"
"Jackson","2","319","Florida","6/14/20","308","11","12063","3.57"
"Jefferson","0","32","Florida","6/14/20","31","1","12065","3.23"
"Lafayette","0","13","Florida","6/14/20","10","3","12067","30"
"Lake","19","464","Florida","6/14/20","329","135","12069","41.03"
"Lee","78","2836","Florida","6/14/20","2289","547","12071","23.9"
"Leon","4","469","Florida","6/14/20","442","27","12073","6.11"
"Levy","6","100","Florida","6/14/20","60","40","12075","66.67"
"Liberty","0","219","Florida","6/14/20","218","1","12077","0.46"
"Madison","1","79","Florida","6/14/20","71","8","12079","11.27"
"Manatee","27","1377","Florida","6/14/20","1189","188","12081","15.81"
"Marion","5","311","Florida","6/14/20","279","32","12083","11.47"
"Martin","38","1170","Florida","6/14/20","907","263","12085","29"
"Miami-Dade","339","21917","Florida","6/14/20","19547","2370","12086","12.12"
"Monroe","3","129","Florida","6/14/20","111","18","12087","16.22"
"Nassau","1","92","Florida","6/14/20","82","10","12089","12.2"
"Okaloosa","10","332","Florida","6/14/20","262","70","12091","26.72"
"Okeechobee","6","183","Florida","6/14/20","138","45","12093","32.61"
"Orange","116","3130","Florida","6/14/20","2316","814","12095","35.15"
"Osceola","13","838","Florida","6/14/20","745","93","12097","12.48"
"Palm Beach","229","8833","Florida","6/14/20","7230","1603","12099","22.17"
"Pasco","14","521","Florida","6/14/20","424","97","12101","22.88"
"Pinellas","93","2235","Florida","6/14/20","1584","651","12103","41.1"
"Polk","41","1466","Florida","6/14/20","1178","288","12105","24.45"
"Putnam","2","190","Florida","6/14/20","173","17","12107","9.83"
"Santa Rosa","5","291","Florida","6/14/20","258","33","12113","12.79"
"Sarasota","12","767","Florida","6/14/20","680","87","12115","12.79"
"Seminole","32","759","Florida","6/14/20","532","227","12117","42.67"
"St. Johns","4","307","Florida","6/14/20","279","28","12109","10.04"
"St. Lucie","37","883","Florida","6/14/20","627","256","12111","40.83"
"Sumter","1","266","Florida","6/14/20","261","5","12119","1.92"
"Suwannee","3","196","Florida","6/14/20","175","21","12121","12"
"Taylor","1","54","Florida","6/14/20","46","8","12123","17.39"
"Union","0","38","Florida","6/14/20","38","0","12125","0"
"Volusia","16","928","Florida","6/14/20","819","109","12127","13.31"
"Wakulla","0","35","Florida","6/14/20","35","0","12129","0"
"Walton","3","148","Florida","6/14/20","130","18","12131","13.85"
"Washington","1","92","Florida","6/14/20","84","8","12133","9.52"
"Appling","3","205","Georgia","6/14/20","185","20","13001","10.81"
"Atkinson","2","75","Georgia","6/14/20","60","15","13003","25"
"Bacon","5","176","Georgia","6/14/20","144","32","13005","22.22"
"Baker","0","37","Georgia","6/14/20","36","1","13007","2.78"
"Baldwin","5","426","Georgia","6/14/20","388","38","13009","9.79"
"Banks","3","108","Georgia","6/14/20","90","18","13011","20"
"Barrow","6","382","Georgia","6/14/20","342","40","13013","11.7"
"Bartow","3","543","Georgia","6/14/20","522","21","13015","4.02"
"Ben Hill","2","104","Georgia","6/14/20","90","14","13017","15.56"
"Berrien","1","68","Georgia","6/14/20","58","10","13019","17.24"
"Bibb","4","532","Georgia","6/14/20","503","29","13021","5.77"
"Bleckley","1","54","Georgia","6/14/20","50","4","13023","8"
"Brantley","1","68","Georgia","6/14/20","62","6","13025","9.68"
"Brooks","2","96","Georgia","6/14/20","79","17","13027","21.52"
"Bryan","1","86","Georgia","6/14/20","77","9","13029","11.69"
"Bulloch","2","96","Georgia","6/14/20","82","14","13031","17.07"
"Burke","0","125","Georgia","6/14/20","125","0","13033","0"
"Butts","0","245","Georgia","6/14/20","244","1","13035","0.41"
"Calhoun","1","146","Georgia","6/14/20","138","8","13037","5.8"
"Camden","1","73","Georgia","6/14/20","69","4","13039","5.8"
"Candler","1","17","Georgia","6/14/20","13","4","13043","30.77"
"Carroll","5","614","Georgia","6/14/20","580","34","13045","5.86"
"Catoosa","10","228","Georgia","6/14/20","159","69","13047","43.4"
"Charlton","1","38","Georgia","6/14/20","32","6","13049","18.75"
"Chatham","10","616","Georgia","6/14/20","545","71","13051","13.03"
"Chattahoochee","11","251","Georgia","6/14/20","173","78","13053","45.09"
"Chattooga","1","34","Georgia","6/14/20","25","9","13055","36"
"Cherokee","10","1029","Georgia","6/14/20","959","70","13057","7.3"
"Clarke","3","342","Georgia","6/14/20","321","21","13059","6.54"
"Clay","1","52","Georgia","6/14/20","47","5","13061","10.64"
"Clayton","15","1431","Georgia","6/14/20","1328","103","13063","7.76"
"Clinch","2","80","Georgia","6/14/20","69","11","13065","15.94"
"Cobb","47","3581","Georgia","6/14/20","3249","332","13067","10.22"
"Coffee","6","344","Georgia","6/14/20","299","45","13069","15.05"
"Colquitt","13","662","Georgia","6/14/20","568","94","13071","16.55"
"Columbia","4","300","Georgia","6/14/20","274","26","13073","9.49"
"Cook","2","72","Georgia","6/14/20","57","15","13075","26.32"
"Coweta","7","511","Georgia","6/14/20","463","48","13077","10.37"
"Crawford","0","32","Georgia","6/14/20","29","3","13079","10.34"
"Crisp","1","242","Georgia","6/14/20","238","4","13081","1.68"
"Dade","1","48","Georgia","6/14/20","42","6","13083","14.29"
"Dawson","1","118","Georgia","6/14/20","113","5","13085","4.42"
"Decatur","2","224","Georgia","6/14/20","209","15","13087","7.18"
"DeKalb","43","4311","Georgia","6/14/20","4012","299","13089","7.45"
"Dodge","0","54","Georgia","6/14/20","53","1","13091","1.89"
"Dooly","1","196","Georgia","6/14/20","191","5","13093","2.62"
"Dougherty","5","1837","Georgia","6/14/20","1803","34","13095","1.89"
"Douglas","9","655","Georgia","6/14/20","592","63","13097","10.64"
"Early","1","255","Georgia","6/14/20","249","6","13099","2.41"
"Echols","2","160","Georgia","6/14/20","147","13","13101","8.84"
"Effingham","1","86","Georgia","6/14/20","78","8","13103","10.26"
"Elbert","1","85","Georgia","6/14/20","79","6","13105","7.59"
"Emanuel","2","42","Georgia","6/14/20","31","11","13107","35.48"
"Evans","0","7","Georgia","6/14/20","6","1","13109","16.67"
"Fannin","2","67","Georgia","6/14/20","52","15","13111","28.85"
"Fayette","2","261","Georgia","6/14/20","245","16","13113","6.53"
"Floyd","6","367","Georgia","6/14/20","323","44","13115","13.62"
"Forsyth","7","595","Georgia","6/14/20","546","49","13117","8.97"
"Franklin","1","138","Georgia","6/14/20","132","6","13119","4.55"
"Fulton","40","5106","Georgia","6/14/20","4823","283","13121","5.87"
"Gilmer","1","168","Georgia","6/14/20","160","8","13123","5"
"Glascock","0","1","Georgia","6/14/20","1","0","13125","0"
"Glynn","5","189","Georgia","6/14/20","155","34","13127","21.94"
"Gordon","7","253","Georgia","6/14/20","202","51","13129","25.25"
"Grady","3","137","Georgia","6/14/20","119","18","13131","15.13"
"Greene","1","86","Georgia","6/14/20","78","8","13133","10.26"
"Gwinnett","105","5172","Georgia","6/14/20","4440","732","13135","16.49"
"Habersham","5","593","Georgia","6/14/20","557","36","13137","6.46"
"Hall","19","2747","Georgia","6/14/20","2616","131","13139","5.01"
"Hancock","0","202","Georgia","6/14/20","199","3","13141","1.51"
"Haralson","1","57","Georgia","6/14/20","52","5","13143","9.62"
"Harris","11","201","Georgia","6/14/20","125","76","13145","60.8"
"Hart","1","43","Georgia","6/14/20","39","4","13147","10.26"
"Heard","1","43","Georgia","6/14/20","36","7","13149","19.44"
"Henry","12","841","Georgia","6/14/20","756","85","13151","11.24"
"Houston","4","431","Georgia","6/14/20","401","30","13153","7.48"
"Irwin","1","38","Georgia","6/14/20","34","4","13155","11.76"
"Jackson","5","260","Georgia","6/14/20","226","34","13157","15.04"
"Jasper","1","56","Georgia","6/14/20","48","8","13159","16.67"
"Jeff Davis","1","54","Georgia","6/14/20","46","8","13161","17.39"
"Jefferson","1","54","Georgia","6/14/20","50","4","13163","8"
"Jenkins","3","45","Georgia","6/14/20","27","18","13165","66.67"
"Johnson","-1","77","Georgia","6/14/20","82","-5","13167","-6.1"
"Jones","0","51","Georgia","6/14/20","49","2","13169","4.08"
"Lamar","0","79","Georgia","6/14/20","76","3","13171","3.95"
"Lanier","9","98","Georgia","6/14/20","32","66","13173","206.25"
"Laurens","1","117","Georgia","6/14/20","109","8","13175","7.34"
"Lee","1","372","Georgia","6/14/20","366","6","13177","1.64"
"Liberty","1","95","Georgia","6/14/20","87","8","13179","9.2"
"Lincoln","0","17","Georgia","6/14/20","16","1","13181","6.25"
"Long","1","24","Georgia","6/14/20","16","8","13183","50"
"Lowndes","26","624","Georgia","6/14/20","441","183","13185","41.5"
"Lumpkin","1","107","Georgia","6/14/20","102","5","13187","4.9"
"Macon","1","110","Georgia","6/14/20","106","4","13193","3.77"
"Madison","1","73","Georgia","6/14/20","65","8","13195","12.31"
"Marion","0","62","Georgia","6/14/20","59","3","13197","5.08"
"McDuffie","0","74","Georgia","6/14/20","72","2","13189","2.78"
"McIntosh","1","19","Georgia","6/14/20","15","4","13191","26.67"
"Meriwether","3","125","Georgia","6/14/20","106","19","13199","17.92"
"Miller","0","45","Georgia","6/14/20","42","3","13201","7.14"
"Mitchell","2","431","Georgia","6/14/20","417","14","13205","3.36"
"Monroe","1","130","Georgia","6/14/20","123","7","13207","5.69"
"Montgomery","1","21","Georgia","6/14/20","13","8","13209","61.54"
"Morgan","0","40","Georgia","6/14/20","39","1","13211","2.56"
"Murray","5","142","Georgia","6/14/20","109","33","13213","30.28"
"Muscogee","33","1006","Georgia","6/14/20","776","230","13215","29.64"
"Newton","4","415","Georgia","6/14/20","389","26","13217","6.68"
"Oconee","1","128","Georgia","6/14/20","123","5","13219","4.07"
"Oglethorpe","1","72","Georgia","6/14/20","66","6","13221","9.09"
"Out of GA","40","2807","Georgia","6/14/20","2527","280","80013","11.08"
"Paulding","8","405","Georgia","6/14/20","352","53","13223","15.06"
"Peach","2","90","Georgia","6/14/20","78","12","13225","15.38"
"Pickens","2","65","Georgia","6/14/20","52","13","13227","25"
"Pierce","2","128","Georgia","6/14/20","117","11","13229","9.4"
"Pike","1","69","Georgia","6/14/20","61","8","13231","13.11"
"Polk","3","164","Georgia","6/14/20","140","24","13233","17.14"
"Pulaski","0","46","Georgia","6/14/20","43","3","13235","6.98"
"Putnam","1","109","Georgia","6/14/20","100","9","13237","9"
"Quitman","0","14","Georgia","6/14/20","14","0","13239","0"
"Rabun","1","31","Georgia","6/14/20","26","5","13241","19.23"
"Randolph","1","190","Georgia","6/14/20","183","7","13243","3.83"
"Richmond","6","669","Georgia","6/14/20","627","42","13245","6.7"
"Rockdale","5","340","Georgia","6/14/20","308","32","13247","10.39"
"Schley","0","18","Georgia","6/14/20","18","0","13249","0"
"Screven","1","62","Georgia","6/14/20","57","5","13251","8.77"
"Seminole","0","48","Georgia","6/14/20","46","2","13253","4.35"
"Spalding","3","314","Georgia","6/14/20","294","20","13255","6.8"
"Stephens","1","152","Georgia","6/14/20","144","8","13257","5.56"
"Stewart","1","62","Georgia","6/14/20","57","5","13259","8.77"
"Sumter","2","508","Georgia","6/14/20","494","14","13261","2.83"
"Talbot","1","46","Georgia","6/14/20","41","5","13263","12.2"
"Taliaferro","0","2","Georgia","6/14/20","1","1","13265","100"
"Tattnall","2","46","Georgia","6/14/20","30","16","13267","53.33"
"Taylor","0","26","Georgia","6/14/20","23","3","13269","13.04"
"Telfair","2","54","Georgia","6/14/20","38","16","13271","42.11"
"Terrell","0","218","Georgia","6/14/20","217","1","13273","0.46"
"Thomas","1","362","Georgia","6/14/20","353","9","13275","2.55"
"Tift","12","393","Georgia","6/14/20","312","81","13277","25.96"
"Toombs","5","102","Georgia","6/14/20","65","37","13279","56.92"
"Towns","1","35","Georgia","6/14/20","30","5","13281","16.67"
"Treutlen","0","17","Georgia","6/14/20","14","3","13283","21.43"
"Troup","48","759","Georgia","6/14/20","426","333","13285","78.17"
"Turner","2","151","Georgia","6/14/20","139","12","13287","8.63"
"Twiggs","0","21","Georgia","6/14/20","18","3","13289","16.67"
"Union","1","53","Georgia","6/14/20","49","4","13291","8.16"
"Upson","1","295","Georgia","6/14/20","290","5","13293","1.72"
"Walker","4","219","Georgia","6/14/20","194","25","13295","12.89"
"Walton","4","324","Georgia","6/14/20","299","25","13297","8.36"
"Ware","3","268","Georgia","6/14/20","248","20","13299","8.06"
"Warren","0","19","Georgia","6/14/20","18","1","13301","5.56"
"Washington","0","75","Georgia","6/14/20","74","1","13303","1.35"
"Wayne","1","35","Georgia","6/14/20","25","10","13305","40"
"Webster","0","14","Georgia","6/14/20","14","0","13307","0"
"Wheeler","2","27","Georgia","6/14/20","14","13","13309","92.86"
"White","2","124","Georgia","6/14/20","113","11","13311","9.73"
"Whitfield","14","589","Georgia","6/14/20","494","95","13313","19.23"
"Wilcox","0","118","Georgia","6/14/20","117","1","13315","0.85"
"Wilkes","0","36","Georgia","6/14/20","34","2","13317","5.88"
"Wilkinson","0","73","Georgia","6/14/20","71","2","13319","2.82"
"Worth","3","256","Georgia","6/14/20","235","21","13321","8.94"
"","0","103","Grand Princess","6/14/20","103","0",,"0"
"","1","183","Guam","6/14/20","179","4",,"2.23"
"Hawaii","0","82","Hawaii","6/14/20","81","1","15001","1.23"
"Honolulu","7","493","Hawaii","6/14/20","441","52","15003","11.79"
"Kauai","0","21","Hawaii","6/14/20","21","0","15007","0"
"Maui","0","120","Hawaii","6/14/20","120","0","15009","0"
"Out of HI","0","12","Hawaii","6/14/20","12","0","80015","0"
"Ada","8","892","Idaho","6/14/20","838","54","16001","6.44"
"Adams","0","4","Idaho","6/14/20","3","1","16003","33.33"
"Bannock","2","63","Idaho","6/14/20","47","16","16005","34.04"
"Benewah","0","19","Idaho","6/14/20","18","1","16009","5.56"
"Bingham","1","24","Idaho","6/14/20","20","4","16011","20"
"Blaine","0","515","Idaho","6/14/20","514","1","16013","0.19"
"Bonner","0","7","Idaho","6/14/20","6","1","16017","16.67"
"Bonneville","3","79","Idaho","6/14/20","60","19","16019","31.67"
"Camas","0","1","Idaho","6/14/20","1","0","16025","0"
"Canyon","2","356","Idaho","6/14/20","340","16","16027","4.71"
"Caribou","0","5","Idaho","6/14/20","3","2","16029","66.67"
"Cassia","3","136","Idaho","6/14/20","112","24","16031","21.43"
"Custer","0","2","Idaho","6/14/20","2","0","16037","0"
"Elmore","0","34","Idaho","6/14/20","32","2","16039","6.25"
"Franklin","1","14","Idaho","6/14/20","9","5","16041","55.56"
"Fremont","0","4","Idaho","6/14/20","4","0","16043","0"
"Gem","0","17","Idaho","6/14/20","17","0","16045","0"
"Gooding","0","59","Idaho","6/14/20","56","3","16047","5.36"
"Idaho","0","3","Idaho","6/14/20","3","0","16049","0"
"Jefferson","0","12","Idaho","6/14/20","9","3","16051","33.33"
"Jerome","2","206","Idaho","6/14/20","194","12","16053","6.19"
"Kootenai","2","98","Idaho","6/14/20","82","16","16055","19.51"
"Latah","0","7","Idaho","6/14/20","7","0","16057","0"
"Lemhi","0","1","Idaho","6/14/20","1","0","16059","0"
"Lincoln","0","35","Idaho","6/14/20","34","1","16063","2.94"
"Madison","0","29","Idaho","6/14/20","27","2","16065","7.41"
"Minidoka","4","101","Idaho","6/14/20","72","29","16067","40.28"
"Nez Perce","0","84","Idaho","6/14/20","83","1","16069","1.2"
"Owyhee","0","8","Idaho","6/14/20","8","0","16073","0"
"Payette","0","27","Idaho","6/14/20","26","1","16075","3.85"
"Power","0","9","Idaho","6/14/20","7","2","16077","28.57"
"Teton","0","11","Idaho","6/14/20","11","0","16081","0"
"Twin Falls","5","479","Idaho","6/14/20","445","34","16083","7.64"
"Valley","0","3","Idaho","6/14/20","2","1","16085","50"
"Washington","1","55","Idaho","6/14/20","46","9","16087","19.57"
"Adams","0","45","Illinois","6/14/20","46","-1","17001","-2.17"
"Alexander","0","17","Illinois","6/14/20","16","1","17003","6.25"
"Bond","0","12","Illinois","6/14/20","12","0","17005","0"
"Boone","3","524","Illinois","6/14/20","504","20","17007","3.97"
"Brown","0","10","Illinois","6/14/20","10","0","17009","0"
"Bureau","0","23","Illinois","6/14/20","21","2","17011","9.52"
"Calhoun","0","1","Illinois","6/14/20","1","0","17013","0"
"Carroll","0","19","Illinois","6/14/20","17","2","17015","11.76"
"Cass","0","76","Illinois","6/14/20","73","3","17017","4.11"
"Champaign","7","737","Illinois","6/14/20","685","52","17019","7.59"
"Christian","0","37","Illinois","6/14/20","35","2","17021","5.71"
"Clark","0","13","Illinois","6/14/20","11","2","17023","18.18"
"Clay","0","2","Illinois","6/14/20","2","0","17025","0"
"Clinton","2","209","Illinois","6/14/20","193","16","17027","8.29"
"Coles","0","142","Illinois","6/14/20","139","3","17029","2.16"
"Cook","354","84906","Illinois","6/14/20","82427","2479","17031","3.01"
"Crawford","1","17","Illinois","6/14/20","11","6","17033","54.55"
"Cumberland","0","10","Illinois","6/14/20","10","0","17035","0"
"De Witt","0","4","Illinois","6/14/20","4","0","17039","0"
"DeKalb","4","484","Illinois","6/14/20","457","27","17037","5.91"
"Douglas","1","38","Illinois","6/14/20","28","10","17041","35.71"
"DuPage","46","8434","Illinois","6/14/20","8111","323","17043","3.98"
"Edgar","0","1","Illinois","6/14/20","1","0","17045","0"
"Edwards","0","2","Illinois","6/14/20","2","0","17047","0"
"Effingham","0","8","Illinois","6/14/20","8","0","17049","0"
"Fayette","0","22","Illinois","6/14/20","21","1","17051","4.76"
"Ford","0","22","Illinois","6/14/20","21","1","17053","4.76"
"Franklin","0","12","Illinois","6/14/20","12","0","17055","0"
"Fulton","0","12","Illinois","6/14/20","12","0","17057","0"
"Gallatin","0","2","Illinois","6/14/20","2","0","17059","0"
"Greene","0","7","Illinois","6/14/20","6","1","17061","16.67"
"Grundy","2","129","Illinois","6/14/20","114","15","17063","13.16"
"Hamilton","0","2","Illinois","6/14/20","2","0","17065","0"
"Hancock","0","18","Illinois","6/14/20","17","1","17067","5.88"
"Hardin","0","1","Illinois","6/14/20","1","0","17069","0"
"Henderson","0","8","Illinois","6/14/20","8","0","17071","0"
"Henry","0","72","Illinois","6/14/20","70","2","17073","2.86"
"Iroquois","0","137","Illinois","6/14/20","135","2","17075","1.48"
"Jackson","2","315","Illinois","6/14/20","301","14","17077","4.65"
"Jasper","0","46","Illinois","6/14/20","46","0","17079","0"
"Jefferson","0","104","Illinois","6/14/20","101","3","17081","2.97"
"Jersey","0","28","Illinois","6/14/20","26","2","17083","7.69"
"Jo Daviess","0","34","Illinois","6/14/20","33","1","17085","3.03"
"Johnson","1","19","Illinois","6/14/20","12","7","17087","58.33"
"Kane","44","7096","Illinois","6/14/20","6787","309","17089","4.55"
"Kankakee","10","1073","Illinois","6/14/20","1001","72","17091","7.19"
"Kendall","5","882","Illinois","6/14/20","846","36","17093","4.26"
"Knox","1","113","Illinois","6/14/20","104","9","17095","8.65"
"Lake","44","9076","Illinois","6/14/20","8768","308","17097","3.51"
"LaSalle","2","178","Illinois","6/14/20","164","14","17099","8.54"
"Lawrence","0","4","Illinois","6/14/20","4","0","17101","0"
"Lee","0","89","Illinois","6/14/20","89","0","17103","0"
"Livingston","0","39","Illinois","6/14/20","36","3","17105","8.33"
"Logan","0","11","Illinois","6/14/20","10","1","17107","10"
"Macon","1","209","Illinois","6/14/20","202","7","17115","3.47"
"Macoupin","0","45","Illinois","6/14/20","46","-1","17117","-2.17"
"Madison","12","720","Illinois","6/14/20","639","81","17119","12.68"
"Marion","0","55","Illinois","6/14/20","55","0","17121","0"
"Marshall","0","5","Illinois","6/14/20","5","0","17123","0"
"Mason","0","18","Illinois","6/14/20","18","0","17125","0"
"Massac","0","7","Illinois","6/14/20","7","0","17127","0"
"McDonough","2","104","Illinois","6/14/20","92","12","17109","13.04"
"McHenry","18","1849","Illinois","6/14/20","1724","125","17111","7.25"
"McLean","2","241","Illinois","6/14/20","226","15","17113","6.64"
"Menard","0","22","Illinois","6/14/20","22","0","17129","0"
"Mercer","0","19","Illinois","6/14/20","18","1","17131","5.56"
"Monroe","1","109","Illinois","6/14/20","101","8","17133","7.92"
"Montgomery","0","41","Illinois","6/14/20","41","0","17135","0"
"Morgan","8","106","Illinois","6/14/20","47","59","17137","125.53"
"Moultrie","0","15","Illinois","6/14/20","12","3","17139","25"
"Ogle","1","227","Illinois","6/14/20","221","6","17141","2.71"
"Out of IL","1","119","Illinois","6/14/20","113","6","80017","5.31"
"Peoria","11","389","Illinois","6/14/20","314","75","17143","23.89"
"Perry","0","44","Illinois","6/14/20","42","2","17145","4.76"
"Piatt","0","11","Illinois","6/14/20","12","-1","17147","-8.33"
"Pike","0","2","Illinois","6/14/20","1","1","17149","100"
"Pope","0","1","Illinois","6/14/20","1","0","17151","0"
"Pulaski","0","59","Illinois","6/14/20","61","-2","17153","-3.28"
"Putnam","0","1","Illinois","6/14/20","1","0","17155","0"
"Randolph","1","278","Illinois","6/14/20","274","4","17157","1.46"
"Richland","0","4","Illinois","6/14/20","4","0","17159","0"
"Rock Island","5","753","Illinois","6/14/20","715","38","17161","5.31"
"Saline","0","7","Illinois","6/14/20","7","0","17165","0"
"Sangamon","2","378","Illinois","6/14/20","363","15","17167","4.13"
"Schuyler","0","13","Illinois","6/14/20","13","0","17169","0"
"Shelby","0","16","Illinois","6/14/20","16","0","17173","0"
"St. Clair","19","1446","Illinois","6/14/20","1314","132","17163","10.05"
"Stark","0","3","Illinois","6/14/20","3","0","17175","0"
"Stephenson","2","231","Illinois","6/14/20","216","15","17177","6.94"
"Tazewell","1","91","Illinois","6/14/20","81","10","17179","12.35"
"Union","1","174","Illinois","6/14/20","170","4","17181","2.35"
"Vermilion","0","44","Illinois","6/14/20","42","2","17183","4.76"
"Wabash","0","12","Illinois","6/14/20","12","0","17185","0"
"Warren","0","127","Illinois","6/14/20","126","1","17187","0.79"
"Washington","0","19","Illinois","6/14/20","20","-1","17189","-5"
"Wayne","0","9","Illinois","6/14/20","9","0","17191","0"
"White","0","3","Illinois","6/14/20","2","1","17193","50"
"Whiteside","1","163","Illinois","6/14/20","157","6","17195","3.82"
"Will","36","6140","Illinois","6/14/20","5890","250","17197","4.24"
"Williamson","1","83","Illinois","6/14/20","76","7","17199","9.21"
"Winnebago","27","2736","Illinois","6/14/20","2545","191","17201","7.5"
"Woodford","0","24","Illinois","6/14/20","21","3","17203","14.29"
"Adams","1","26","Indiana","6/14/20","22","4","18001","18.18"
"Allen","45","2195","Indiana","6/14/20","1883","312","18003","16.57"
"Bartholomew","2","551","Indiana","6/14/20","534","17","18005","3.18"
"Benton","1","37","Indiana","6/14/20","32","5","18007","15.62"
"Blackford","0","29","Indiana","6/14/20","28","1","18009","3.57"
"Boone","4","360","Indiana","6/14/20","331","29","18011","8.76"
"Brown","0","36","Indiana","6/14/20","34","2","18013","5.88"
"Carroll","0","99","Indiana","6/14/20","96","3","18015","3.12"
"Cass","1","1601","Indiana","6/14/20","1593","8","18017","0.5"
"Clark","3","567","Indiana","6/14/20","548","19","18019","3.47"
"Clay","0","56","Indiana","6/14/20","53","3","18021","5.66"
"Clinton","1","260","Indiana","6/14/20","251","9","18023","3.59"
"Crawford","0","27","Indiana","6/14/20","25","2","18025","8"
"Daviess","2","121","Indiana","6/14/20","107","14","18027","13.08"
"Dearborn","1","179","Indiana","6/14/20","175","4","18029","2.29"
"Decatur","1","237","Indiana","6/14/20","231","6","18031","2.6"
"DeKalb","6","110","Indiana","6/14/20","67","43","18033","64.18"
"Delaware","0","402","Indiana","6/14/20","400","2","18035","0.5"
"Dubois","2","240","Indiana","6/14/20","228","12","18037","5.26"
"Elkhart","52","2081","Indiana","6/14/20","1717","364","18039","21.2"
"Fayette","1","83","Indiana","6/14/20","79","4","18041","5.06"
"Floyd","1","333","Indiana","6/14/20","326","7","18043","2.15"
"Fountain","0","24","Indiana","6/14/20","23","1","18045","4.35"
"Franklin","0","120","Indiana","6/14/20","117","3","18047","2.56"
"Fulton","1","55","Indiana","6/14/20","51","4","18049","7.84"
"Gibson","0","23","Indiana","6/14/20","20","3","18051","15"
"Grant","4","261","Indiana","6/14/20","235","26","18053","11.06"
"Greene","1","179","Indiana","6/14/20","175","4","18055","2.29"
"Hamilton","10","1277","Indiana","6/14/20","1205","72","18057","5.98"
"Hancock","2","379","Indiana","6/14/20","362","17","18059","4.7"
"Harrison","0","198","Indiana","6/14/20","195","3","18061","1.54"
"Hendricks","7","1270","Indiana","6/14/20","1218","52","18063","4.27"
"Henry","2","203","Indiana","6/14/20","188","15","18065","7.98"
"Howard","4","469","Indiana","6/14/20","444","25","18067","5.63"
"Huntington","1","51","Indiana","6/14/20","42","9","18069","21.43"
"Jackson","2","416","Indiana","6/14/20","403","13","18071","3.23"
"Jasper","1","83","Indiana","6/14/20","75","8","18073","10.67"
"Jay","1","62","Indiana","6/14/20","58","4","18075","6.9"
"Jefferson","1","53","Indiana","6/14/20","49","4","18077","8.16"
"Jennings","1","142","Indiana","6/14/20","132","10","18079","7.58"
"Johnson","5","1168","Indiana","6/14/20","1133","35","18081","3.09"
"Knox","0","35","Indiana","6/14/20","32","3","18083","9.38"
"Kosciusko","11","306","Indiana","6/14/20","227","79","18085","34.8"
"LaGrange","15","267","Indiana","6/14/20","159","108","18087","67.92"
"Lake","28","4133","Indiana","6/14/20","3940","193","18089","4.9"
"LaPorte","2","470","Indiana","6/14/20","457","13","18091","2.84"
"Lawrence","1","181","Indiana","6/14/20","171","10","18093","5.85"
"Madison","2","614","Indiana","6/14/20","603","11","18095","1.82"
"Marion","48","10662","Indiana","6/14/20","10326","336","18097","3.25"
"Marshall","12","301","Indiana","6/14/20","214","87","18099","40.65"
"Martin","0","16","Indiana","6/14/20","15","1","18101","6.67"
"Miami","3","169","Indiana","6/14/20","150","19","18103","12.67"
"Monroe","2","187","Indiana","6/14/20","174","13","18105","7.47"
"Montgomery","2","264","Indiana","6/14/20","252","12","18107","4.76"
"Morgan","1","298","Indiana","6/14/20","290","8","18109","2.76"
"Newton","1","87","Indiana","6/14/20","81","6","18111","7.41"
"Noble","5","331","Indiana","6/14/20","296","35","18113","11.82"
"Ohio","0","13","Indiana","6/14/20","13","0","18115","0"
"Orange","0","132","Indiana","6/14/20","132","0","18117","0"
"Owen","0","37","Indiana","6/14/20","36","1","18119","2.78"
"Parke","0","20","Indiana","6/14/20","19","1","18121","5.26"
"Perry","7","91","Indiana","6/14/20","42","49","18123","116.67"
"Pike","0","6","Indiana","6/14/20","6","0","18125","0"
"Porter","2","587","Indiana","6/14/20","571","16","18127","2.8"
"Posey","0","19","Indiana","6/14/20","16","3","18129","18.75"
"Pulaski","0","53","Indiana","6/14/20","51","2","18131","3.92"
"Putnam","2","155","Indiana","6/14/20","143","12","18133","8.39"
"Randolph","2","67","Indiana","6/14/20","55","12","18135","21.82"
"Ripley","0","109","Indiana","6/14/20","108","1","18137","0.93"
"Rush","0","50","Indiana","6/14/20","49","1","18139","2.04"
"Scott","2","144","Indiana","6/14/20","128","16","18143","12.5"
"Shelby","1","405","Indiana","6/14/20","398","7","18145","1.76"
"Spencer","0","23","Indiana","6/14/20","22","1","18147","4.55"
"St. Joseph","19","1539","Indiana","6/14/20","1406","133","18141","9.46"
"Starke","1","51","Indiana","6/14/20","46","5","18149","10.87"
"Steuben","2","105","Indiana","6/14/20","93","12","18151","12.9"
"Sullivan","0","41","Indiana","6/14/20","38","3","18153","7.89"
"Switzerland","0","22","Indiana","6/14/20","21","1","18155","4.76"
"Tippecanoe","5","486","Indiana","6/14/20","453","33","18157","7.28"
"Tipton","0","28","Indiana","6/14/20","26","2","18159","7.69"
"Union","0","12","Indiana","6/14/20","12","0","18161","0"
"Vanderburgh","4","326","Indiana","6/14/20","301","25","18163","8.31"
"Vermillion","0","11","Indiana","6/14/20","10","1","18165","10"
"Vigo","1","200","Indiana","6/14/20","194","6","18167","3.09"
"Wabash","1","88","Indiana","6/14/20","83","5","18169","6.02"
"Warren","0","14","Indiana","6/14/20","13","1","18171","7.69"
"Warrick","1","173","Indiana","6/14/20","167","6","18173","3.59"
"Washington","1","57","Indiana","6/14/20","51","6","18175","11.76"
"Wayne","2","103","Indiana","6/14/20","90","13","18177","14.44"
"Wells","2","54","Indiana","6/14/20","39","15","18179","38.46"
"White","0","242","Indiana","6/14/20","243","-1","18181","-0.41"
"Whitley","2","62","Indiana","6/14/20","50","12","18183","24"
"Adair","0","11","Iowa","6/14/20","9","2","19001","22.22"
"Adams","0","7","Iowa","6/14/20","7","0","19003","0"
"Allamakee","0","121","Iowa","6/14/20","120","1","19005","0.83"
"Appanoose","0","16","Iowa","6/14/20","17","-1","19007","-5.88"
"Audubon","0","14","Iowa","6/14/20","13","1","19009","7.69"
"Benton","0","46","Iowa","6/14/20","44","2","19011","4.55"
"Black Hawk","6","1834","Iowa","6/14/20","1794","40","19013","2.23"
"Boone","3","100","Iowa","6/14/20","77","23","19015","29.87"
"Bremer","0","74","Iowa","6/14/20","72","2","19017","2.78"
"Buchanan","0","35","Iowa","6/14/20","34","1","19019","2.94"
"Buena Vista","64","1588","Iowa","6/14/20","1142","446","19021","39.05"
"Butler","1","22","Iowa","6/14/20","16","6","19023","37.5"
"Calhoun","1","23","Iowa","6/14/20","14","9","19025","64.29"
"Carroll","4","47","Iowa","6/14/20","17","30","19027","176.47"
"Cass","0","14","Iowa","6/14/20","13","1","19029","7.69"
"Cedar","1","54","Iowa","6/14/20","50","4","19031","8"
"Cerro Gordo","1","42","Iowa","6/14/20","34","8","19033","23.53"
"Cherokee","2","59","Iowa","6/14/20","46","13","19035","28.26"
"Chickasaw","0","15","Iowa","6/14/20","13","2","19037","15.38"
"Clarke","2","88","Iowa","6/14/20","75","13","19039","17.33"
"Clay","6","73","Iowa","6/14/20","34","39","19041","114.71"
"Clayton","0","35","Iowa","6/14/20","34","1","19043","2.94"
"Clinton","0","68","Iowa","6/14/20","65","3","19045","4.62"
"Crawford","6","618","Iowa","6/14/20","573","45","19047","7.85"
"Dallas","9","1025","Iowa","6/14/20","959","66","19049","6.88"
"Davis","1","34","Iowa","6/14/20","28","6","19051","21.43"
"Decatur","0","4","Iowa","6/14/20","2","2","19053","100"
"Delaware","1","27","Iowa","6/14/20","19","8","19055","42.11"
"Des Moines","0","68","Iowa","6/14/20","70","-2","19057","-2.86"
"Dickinson","12","133","Iowa","6/14/20","51","82","19059","160.78"
"Dubuque","3","384","Iowa","6/14/20","364","20","19061","5.49"
"Emmet","1","39","Iowa","6/14/20","31","8","19063","25.81"
"Fayette","0","28","Iowa","6/14/20","28","0","19065","0"
"Floyd","0","20","Iowa","6/14/20","19","1","19067","5.26"
"Franklin","2","44","Iowa","6/14/20","30","14","19069","46.67"
"Fremont","0","4","Iowa","6/14/20","4","0","19071","0"
"Greene","1","21","Iowa","6/14/20","14","7","19073","50"
"Grundy","1","23","Iowa","6/14/20","19","4","19075","21.05"
"Guthrie","0","58","Iowa","6/14/20","55","3","19077","5.45"
"Hamilton","5","119","Iowa","6/14/20","83","36","19079","43.37"
"Hancock","1","27","Iowa","6/14/20","22","5","19081","22.73"
"Hardin","2","44","Iowa","6/14/20","32","12","19083","37.5"
"Harrison","2","39","Iowa","6/14/20","26","13","19085","50"
"Henry","0","73","Iowa","6/14/20","74","-1","19087","-1.35"
"Howard","0","12","Iowa","6/14/20","12","0","19089","0"
"Humboldt","2","33","Iowa","6/14/20","20","13","19091","65"
"Ida","0","18","Iowa","6/14/20","15","3","19093","20"
"Iowa","0","34","Iowa","6/14/20","33","1","19095","3.03"
"Jackson","0","14","Iowa","6/14/20","14","0","19097","0"
"Jasper","1","282","Iowa","6/14/20","274","8","19099","2.92"
"Jefferson","1","45","Iowa","6/14/20","36","9","19101","25"
"Johnson","2","638","Iowa","6/14/20","626","12","19103","1.92"
"Jones","1","41","Iowa","6/14/20","37","4","19105","10.81"
"Keokuk","0","15","Iowa","6/14/20","15","0","19107","0"
"Kossuth","0","17","Iowa","6/14/20","16","1","19109","6.25"
"Lee","1","38","Iowa","6/14/20","31","7","19111","22.58"
"Linn","5","1018","Iowa","6/14/20","985","33","19113","3.35"
"Louisa","1","355","Iowa","6/14/20","350","5","19115","1.43"
"Lucas","0","24","Iowa","6/14/20","22","2","19117","9.09"
"Lyon","1","31","Iowa","6/14/20","26","5","19119","19.23"
"Madison","1","34","Iowa","6/14/20","29","5","19121","17.24"
"Mahaska","1","108","Iowa","6/14/20","100","8","19123","8"
"Marion","1","43","Iowa","6/14/20","35","8","19125","22.86"
"Marshall","2","941","Iowa","6/14/20","924","17","19127","1.84"
"Mills","1","24","Iowa","6/14/20","20","4","19129","20"
"Mitchell","0","7","Iowa","6/14/20","4","3","19131","75"
"Monona","2","43","Iowa","6/14/20","27","16","19133","59.26"
"Monroe","1","47","Iowa","6/14/20","43","4","19135","9.3"
"Montgomery","0","9","Iowa","6/14/20","9","0","19137","0"
"Muscatine","1","574","Iowa","6/14/20","566","8","19139","1.41"
"O'Brien","2","65","Iowa","6/14/20","50","15","19141","30"
"Osceola","2","49","Iowa","6/14/20","38","11","19143","28.95"
"Page","0","16","Iowa","6/14/20","16","0","19145","0"
"Palo Alto","1","13","Iowa","6/14/20","7","6","19147","85.71"
"Plymouth","5","200","Iowa","6/14/20","163","37","19149","22.7"
"Pocahontas","1","30","Iowa","6/14/20","20","10","19151","50"
"Polk","59","5151","Iowa","6/14/20","4741","410","19153","8.65"
"Pottawattamie","23","507","Iowa","6/14/20","343","164","19155","47.81"
"Poweshiek","0","95","Iowa","6/14/20","93","2","19157","2.15"
"Ringgold","1","8","Iowa","6/14/20","4","4","19159","100"
"Sac","1","38","Iowa","6/14/20","30","8","19161","26.67"
"Scott","3","406","Iowa","6/14/20","387","19","19163","4.91"
"Shelby","1","48","Iowa","6/14/20","38","10","19165","26.32"
"Sioux","5","355","Iowa","6/14/20","319","36","19167","11.29"
"Story","14","247","Iowa","6/14/20","149","98","19169","65.77"
"Tama","2","427","Iowa","6/14/20","415","12","19171","2.89"
"Taylor","1","73","Iowa","6/14/20","67","6","19173","8.96"
"Union","0","10","Iowa","6/14/20","11","-1","19175","-9.09"
"Van Buren","0","11","Iowa","6/14/20","10","1","19177","10"
"Wapello","5","675","Iowa","6/14/20","643","32","19179","4.98"
"Warren","3","196","Iowa","6/14/20","174","22","19181","12.64"
"Washington","1","208","Iowa","6/14/20","200","8","19183","4"
"Wayne","0","4","Iowa","6/14/20","2","2","19185","100"
"Webster","2","97","Iowa","6/14/20","81","16","19187","19.75"
"Winnebago","0","12","Iowa","6/14/20","11","1","19189","9.09"
"Winneshiek","0","24","Iowa","6/14/20","24","0","19191","0"
"Woodbury","13","3004","Iowa","6/14/20","2915","89","19193","3.05"
"Worth","0","4","Iowa","6/14/20","3","1","19195","33.33"
"Wright","6","285","Iowa","6/14/20","242","43","19197","17.77"
"Allen","0","2","Kansas","6/14/20","1","1","20001","100"
"Anderson","0","1","Kansas","6/14/20","1","0","20003","0"
"Atchison","0","26","Kansas","6/14/20","23","3","20005","13.04"
"Barber","0","1","Kansas","6/14/20","1","0","20007","0"
"Barton","0","48","Kansas","6/14/20","45","3","20009","6.67"
"Bourbon","0","8","Kansas","6/14/20","8","0","20011","0"
"Brown","0","10","Kansas","6/14/20","9","1","20013","11.11"
"Butler","0","37","Kansas","6/14/20","37","0","20015","0"
"Chase","0","3","Kansas","6/14/20","4","-1","20017","-25"
"Chautauqua","0","4","Kansas","6/14/20","4","0","20019","0"
"Cherokee","1","16","Kansas","6/14/20","10","6","20021","60"
"Cheyenne","0","2","Kansas","6/14/20","2","0","20023","0"
"Clark","0","33","Kansas","6/14/20","33","0","20025","0"
"Clay","0","6","Kansas","6/14/20","5","1","20027","20"
"Cloud","0","5","Kansas","6/14/20","5","0","20029","0"
"Coffey","0","52","Kansas","6/14/20","51","1","20031","1.96"
"Comanche","0","2","Kansas","6/14/20","2","0","20033","0"
"Cowley","2","39","Kansas","6/14/20","25","14","20035","56"
"Crawford","5","44","Kansas","6/14/20","8","36","20037","450"
"Dickinson","0","6","Kansas","6/14/20","5","1","20041","20"
"Doniphan","0","20","Kansas","6/14/20","18","2","20043","11.11"
"Douglas","1","79","Kansas","6/14/20","70","9","20045","12.86"
"Edwards","0","5","Kansas","6/14/20","5","0","20047","0"
"Ellis","0","12","Kansas","6/14/20","10","2","20051","20"
"Ellsworth","0","3","Kansas","6/14/20","2","1","20053","50"
"Finney","2","1538","Kansas","6/14/20","1526","12","20055","0.79"
"Ford","3","1842","Kansas","6/14/20","1819","23","20057","1.26"
"Franklin","2","49","Kansas","6/14/20","35","14","20059","40"
"Geary","0","29","Kansas","6/14/20","26","3","20061","11.54"
"Gove","0","1","Kansas","6/14/20","1","0","20063","0"
"Grant","0","18","Kansas","6/14/20","18","0","20067","0"
"Gray","0","23","Kansas","6/14/20","23","0","20069","0"
"Greenwood","0","11","Kansas","6/14/20","9","2","20073","22.22"
"Hamilton","1","27","Kansas","6/14/20","20","7","20075","35"
"Harper","0","2","Kansas","6/14/20","2","0","20077","0"
"Harvey","0","12","Kansas","6/14/20","11","1","20079","9.09"
"Haskell","0","22","Kansas","6/14/20","22","0","20081","0"
"Hodgeman","0","5","Kansas","6/14/20","5","0","20083","0"
"Jackson","0","102","Kansas","6/14/20","102","0","20085","0"
"Jefferson","0","22","Kansas","6/14/20","22","0","20087","0"
"Jewell","0","4","Kansas","6/14/20","4","0","20089","0"
"Johnson","17","1061","Kansas","6/14/20","940","121","20091","12.87"
"Kearny","0","46","Kansas","6/14/20","45","1","20093","2.22"
"Kiowa","0","3","Kansas","6/14/20","3","0","20097","0"
"Labette","1","27","Kansas","6/14/20","22","5","20099","22.73"
"Lane","0","4","Kansas","6/14/20","4","0","20101","0"
"Leavenworth","1","1106","Kansas","6/14/20","1100","6","20103","0.55"
"Linn","0","11","Kansas","6/14/20","11","0","20107","0"
"Lyon","3","406","Kansas","6/14/20","387","19","20111","4.91"
"Marion","0","5","Kansas","6/14/20","5","0","20115","0"
"McPherson","1","38","Kansas","6/14/20","33","5","20113","15.15"
"Meade","0","30","Kansas","6/14/20","30","0","20119","0"
"Miami","1","16","Kansas","6/14/20","7","9","20121","128.57"
"Mitchell","0","4","Kansas","6/14/20","4","0","20123","0"
"Montgomery","0","22","Kansas","6/14/20","20","2","20125","10"
"Morris","0","5","Kansas","6/14/20","5","0","20127","0"
"Morton","0","6","Kansas","6/14/20","6","0","20129","0"
"Nemaha","0","20","Kansas","6/14/20","19","1","20131","5.26"
"Neosho","0","6","Kansas","6/14/20","3","3","20133","100"
"Ness","0","4","Kansas","6/14/20","4","0","20135","0"
"Norton","0","3","Kansas","6/14/20","2","1","20137","50"
"Osage","0","10","Kansas","6/14/20","9","1","20139","11.11"
"Osborne","0","2","Kansas","6/14/20","2","0","20141","0"
"Ottawa","0","4","Kansas","6/14/20","4","0","20143","0"
"Pawnee","0","3","Kansas","6/14/20","2","1","20145","50"
"Phillips","0","2","Kansas","6/14/20","2","0","20147","0"
"Pottawatomie","1","32","Kansas","6/14/20","27","5","20149","18.52"
"Pratt","0","2","Kansas","6/14/20","2","0","20151","0"
"Reno","1","49","Kansas","6/14/20","45","4","20155","8.89"
"Republic","0","4","Kansas","6/14/20","4","0","20157","0"
"Rice","0","4","Kansas","6/14/20","4","0","20159","0"
"Riley","1","77","Kansas","6/14/20","68","9","20161","13.24"
"Rooks","0","6","Kansas","6/14/20","7","-1","20163","-14.29"
"Saline","0","28","Kansas","6/14/20","25","3","20169","12"
"Scott","0","16","Kansas","6/14/20","14","2","20171","14.29"
"Sedgwick","13","745","Kansas","6/14/20","654","91","20173","13.91"
"Seward","5","924","Kansas","6/14/20","891","33","20175","3.7"
"Shawnee","9","438","Kansas","6/14/20","372","66","20177","17.74"
"Sheridan","0","2","Kansas","6/14/20","2","0","20179","0"
"Sherman","0","7","Kansas","6/14/20","7","0","20181","0"
"Smith","0","2","Kansas","6/14/20","2","0","20183","0"
"Stafford","0","1","Kansas","6/14/20","1","0","20185","0"
"Stanton","0","9","Kansas","6/14/20","10","-1","20187","-10"
"Stevens","0","31","Kansas","6/14/20","30","1","20189","3.33"
"Sumner","0","9","Kansas","6/14/20","8","1","20191","12.5"
"Trego","0","1","Kansas","6/14/20","1","0","20195","0"
"Wabaunsee","0","31","Kansas","6/14/20","31","0","20197","0"
"Washington","0","1","Kansas","6/14/20","0","1","20201","1"
"Wilson","0","1","Kansas","6/14/20","1","0","20205","0"
"Woodson","0","6","Kansas","6/14/20","6","0","20207","0"
"Wyandotte","23","1660","Kansas","6/14/20","1496","164","20209","10.96"
"Adair","0","101","Kentucky","6/14/20","99","2","21001","2.02"
"Allen","4","132","Kentucky","6/14/20","102","30","21003","29.41"
"Anderson","0","25","Kentucky","6/14/20","25","0","21005","0"
"Ballard","0","14","Kentucky","6/14/20","13","1","21007","7.69"
"Barren","2","65","Kentucky","6/14/20","53","12","21009","22.64"
"Bath","0","10","Kentucky","6/14/20","9","1","21011","11.11"
"Bell","0","4","Kentucky","6/14/20","2","2","21013","100"
"Boone","3","539","Kentucky","6/14/20","516","23","21015","4.46"
"Bourbon","1","24","Kentucky","6/14/20","14","10","21017","71.43"
"Boyd","0","44","Kentucky","6/14/20","42","2","21019","4.76"
"Boyle","0","30","Kentucky","6/14/20","28","2","21021","7.14"
"Bracken","0","14","Kentucky","6/14/20","14","0","21023","0"
"Breathitt","0","3","Kentucky","6/14/20","3","0","21025","0"
"Breckinridge","1","23","Kentucky","6/14/20","19","4","21027","21.05"
"Bullitt","1","131","Kentucky","6/14/20","121","10","21029","8.26"
"Butler","1","243","Kentucky","6/14/20","237","6","21031","2.53"
"Caldwell","0","12","Kentucky","6/14/20","12","0","21033","0"
"Calloway","0","57","Kentucky","6/14/20","55","2","21035","3.64"
"Campbell","2","207","Kentucky","6/14/20","196","11","21037","5.61"
"Carlisle","0","5","Kentucky","6/14/20","5","0","21039","0"
"Carroll","0","17","Kentucky","6/14/20","15","2","21041","13.33"
"Carter","0","18","Kentucky","6/14/20","17","1","21043","5.88"
"Casey","0","10","Kentucky","6/14/20","8","2","21045","25"
"Christian","2","138","Kentucky","6/14/20","127","11","21047","8.66"
"Clark","2","73","Kentucky","6/14/20","58","15","21049","25.86"
"Clay","1","13","Kentucky","6/14/20","8","5","21051","62.5"
"Clinton","0","5","Kentucky","6/14/20","5","0","21053","0"
"Crittenden","0","7","Kentucky","6/14/20","7","0","21055","0"
"Cumberland","0","5","Kentucky","6/14/20","5","0","21057","0"
"Daviess","2","353","Kentucky","6/14/20","340","13","21059","3.82"
"Edmonson","1","65","Kentucky","6/14/20","58","7","21061","12.07"
"Elliott","0","1","Kentucky","6/14/20","1","0","21063","0"
"Estill","1","5","Kentucky","6/14/20","1","4","21065","400"
"Fayette","25","1026","Kentucky","6/14/20","854","172","21067","20.14"
"Fleming","0","4","Kentucky","6/14/20","2","2","21069","100"
"Floyd","0","19","Kentucky","6/14/20","17","2","21071","11.76"
"Franklin","3","96","Kentucky","6/14/20","77","19","21073","24.68"
"Fulton","0","12","Kentucky","6/14/20","11","1","21075","9.09"
"Gallatin","2","57","Kentucky","6/14/20","46","11","21077","23.91"
"Garrard","1","10","Kentucky","6/14/20","5","5","21079","100"
"Grant","1","53","Kentucky","6/14/20","47","6","21081","12.77"
"Graves","1","173","Kentucky","6/14/20","166","7","21083","4.22"
"Grayson","0","137","Kentucky","6/14/20","135","2","21085","1.48"
"Green","0","3","Kentucky","6/14/20","2","1","21087","50"
"Greenup","0","16","Kentucky","6/14/20","14","2","21089","14.29"
"Hancock","0","9","Kentucky","6/14/20","7","2","21091","28.57"
"Hardin","2","133","Kentucky","6/14/20","120","13","21093","10.83"
"Harlan","1","11","Kentucky","6/14/20","4","7","21095","175"
"Harrison","1","34","Kentucky","6/14/20","28","6","21097","21.43"
"Hart","0","30","Kentucky","6/14/20","27","3","21099","11.11"
"Henderson","1","129","Kentucky","6/14/20","119","10","21101","8.4"
"Henry","0","26","Kentucky","6/14/20","24","2","21103","8.33"
"Hickman","0","5","Kentucky","6/14/20","5","0","21105","0"
"Hopkins","1","228","Kentucky","6/14/20","224","4","21107","1.79"
"Jackson","0","63","Kentucky","6/14/20","61","2","21109","3.28"
"Jefferson","40","3323","Kentucky","6/14/20","3043","280","21111","9.2"
"Jessamine","1","82","Kentucky","6/14/20","73","9","21113","12.33"
"Johnson","0","6","Kentucky","6/14/20","5","1","21115","20"
"Kenton","3","690","Kentucky","6/14/20","671","19","21117","2.83"
"Knott","0","4","Kentucky","6/14/20","4","0","21119","0"
"Knox","0","11","Kentucky","6/14/20","10","1","21121","10"
"Larue","0","11","Kentucky","6/14/20","11","0","21123","0"
"Laurel","1","29","Kentucky","6/14/20","21","8","21125","38.1"
"Lawrence","0","5","Kentucky","6/14/20","5","0","21127","0"
"Lee","0","1","Kentucky","6/14/20","1","0","21129","0"
"Leslie","0","6","Kentucky","6/14/20","6","0","21131","0"
"Letcher","0","3","Kentucky","6/14/20","3","0","21133","0"
"Lewis","1","13","Kentucky","6/14/20","7","6","21135","85.71"
"Lincoln","1","15","Kentucky","6/14/20","11","4","21137","36.36"
"Livingston","0","9","Kentucky","6/14/20","9","0","21139","0"
"Logan","4","195","Kentucky","6/14/20","168","27","21141","16.07"
"Lyon","0","18","Kentucky","6/14/20","17","1","21143","5.88"
"Madison","2","76","Kentucky","6/14/20","59","17","21151","28.81"
"Magoffin","0","4","Kentucky","6/14/20","2","2","21153","100"
"Marion","1","42","Kentucky","6/14/20","34","8","21155","23.53"
"Marshall","1","41","Kentucky","6/14/20","37","4","21157","10.81"
"Martin","0","3","Kentucky","6/14/20","3","0","21159","0"
"Mason","1","16","Kentucky","6/14/20","12","4","21161","33.33"
"McCracken","1","117","Kentucky","6/14/20","112","5","21145","4.46"
"McCreary","0","13","Kentucky","6/14/20","13","0","21147","0"
"McLean","0","23","Kentucky","6/14/20","22","1","21149","4.55"
"Meade","0","24","Kentucky","6/14/20","23","1","21163","4.35"
"Menifee","0","10","Kentucky","6/14/20","10","0","21165","0"
"Mercer","0","16","Kentucky","6/14/20","15","1","21167","6.67"
"Metcalfe","0","7","Kentucky","6/14/20","7","0","21169","0"
"Monroe","1","29","Kentucky","6/14/20","25","4","21171","16"
"Montgomery","1","37","Kentucky","6/14/20","30","7","21173","23.33"
"Morgan","0","6","Kentucky","6/14/20","3","3","21175","100"
"Muhlenberg","-1","481","Kentucky","6/14/20","485","-4","21177","-0.82"
"Nelson","0","48","Kentucky","6/14/20","45","3","21179","6.67"
"Nicholas","0","4","Kentucky","6/14/20","4","0","21181","0"
"Ohio","2","162","Kentucky","6/14/20","151","11","21183","7.28"
"Oldham","1","113","Kentucky","6/14/20","109","4","21185","3.67"
"Owen","0","4","Kentucky","6/14/20","3","1","21187","33.33"
"Owsley","0","2","Kentucky","6/14/20","2","0","21189","0"
"Pendleton","0","14","Kentucky","6/14/20","14","0","21191","0"
"Perry","0","23","Kentucky","6/14/20","22","1","21193","4.55"
"Pike","2","47","Kentucky","6/14/20","36","11","21195","30.56"
"Powell","0","4","Kentucky","6/14/20","1","3","21197","300"
"Pulaski","1","71","Kentucky","6/14/20","65","6","21199","9.23"
"Rockcastle","0","14","Kentucky","6/14/20","13","1","21203","7.69"
"Rowan","1","13","Kentucky","6/14/20","8","5","21205","62.5"
"Russell","1","37","Kentucky","6/14/20","30","7","21207","23.33"
"Scott","1","41","Kentucky","6/14/20","37","4","21209","10.81"
"Shelby","7","268","Kentucky","6/14/20","216","52","21211","24.07"
"Simpson","1","59","Kentucky","6/14/20","54","5","21213","9.26"
"Spencer","0","26","Kentucky","6/14/20","25","1","21215","4"
"Taylor","0","16","Kentucky","6/14/20","13","3","21217","23.08"
"Todd","0","23","Kentucky","6/14/20","23","0","21219","0"
"Trigg","1","17","Kentucky","6/14/20","11","6","21221","54.55"
"Trimble","0","4","Kentucky","6/14/20","6","-2","21223","-33.33"
"Union","0","17","Kentucky","6/14/20","15","2","21225","13.33"
"Warren","19","1248","Kentucky","6/14/20","1112","136","21227","12.23"
"Washington","1","14","Kentucky","6/14/20","8","6","21229","75"
"Wayne","0","10","Kentucky","6/14/20","9","1","21231","11.11"
"Webster","0","36","Kentucky","6/14/20","34","2","21233","5.88"
"Whitley","1","17","Kentucky","6/14/20","13","4","21235","30.77"
"Wolfe","0","1","Kentucky","6/14/20","1","0","21237","0"
"Woodford","2","48","Kentucky","6/14/20","33","15","21239","45.45"
"Acadia","12","583","Louisiana","6/14/20","502","81","22001","16.14"
"Allen","5","222","Louisiana","6/14/20","186","36","22003","19.35"
"Ascension","8","935","Louisiana","6/14/20","882","53","22005","6.01"
"Assumption","2","269","Louisiana","6/14/20","257","12","22007","4.67"
"Avoyelles","3","185","Louisiana","6/14/20","161","24","22009","14.91"
"Beauregard","5","134","Louisiana","6/14/20","101","33","22011","32.67"
"Bienville","3","173","Louisiana","6/14/20","153","20","22013","13.07"
"Bossier","6","502","Louisiana","6/14/20","463","39","22015","8.42"
"Caddo","17","2853","Louisiana","6/14/20","2731","122","22017","4.47"
"Calcasieu","17","755","Louisiana","6/14/20","637","118","22019","18.52"
"Caldwell","2","83","Louisiana","6/14/20","71","12","22021","16.9"
"Cameron","0","11","Louisiana","6/14/20","9","2","22023","22.22"
"Catahoula","1","130","Louisiana","6/14/20","121","9","22025","7.44"
"Claiborne","2","77","Louisiana","6/14/20","66","11","22027","16.67"
"Concordia","1","105","Louisiana","6/14/20","96","9","22029","9.38"
"De Soto","1","271","Louisiana","6/14/20","262","9","22031","3.44"
"East Baton Rouge","40","4226","Louisiana","6/14/20","3949","277","22033","7.01"
"East Carroll","6","235","Louisiana","6/14/20","195","40","22035","20.51"
"East Feliciana","4","226","Louisiana","6/14/20","201","25","22037","12.44"
"Evangeline","1","89","Louisiana","6/14/20","84","5","22039","5.95"
"Franklin","4","415","Louisiana","6/14/20","386","29","22041","7.51"
"Grant","2","59","Louisiana","6/14/20","44","15","22043","34.09"
"Iberia","5","461","Louisiana","6/14/20","424","37","22045","8.73"
"Iberville","2","610","Louisiana","6/14/20","596","14","22047","2.35"
"Jackson","4","158","Louisiana","6/14/20","131","27","22049","20.61"
"Jefferson","74","8379","Louisiana","6/14/20","7862","517","22051","6.58"
"Jefferson Davis","6","132","Louisiana","6/14/20","91","41","22053","45.05"
"Lafayette","38","1148","Louisiana","6/14/20","880","268","22055","30.45"
"Lafourche","10","973","Louisiana","6/14/20","902","71","22057","7.87"
"LaSalle","2","77","Louisiana","6/14/20","61","16","22059","26.23"
"Lincoln","9","235","Louisiana","6/14/20","173","62","22061","35.84"
"Livingston","9","526","Louisiana","6/14/20","464","62","22063","13.36"
"Madison","9","270","Louisiana","6/14/20","209","61","22065","29.19"
"Morehouse","4","158","Louisiana","6/14/20","133","25","22067","18.8"
"Natchitoches","2","191","Louisiana","6/14/20","177","14","22069","7.91"
"Orleans","23","7393","Louisiana","6/14/20","7230","163","22071","2.25"
"Ouachita","45","1782","Louisiana","6/14/20","1470","312","22073","21.22"
"Plaquemines","1","228","Louisiana","6/14/20","218","10","22075","4.59"
"Pointe Coupee","1","218","Louisiana","6/14/20","213","5","22077","2.35"
"Rapides","27","1145","Louisiana","6/14/20","957","188","22079","19.64"
"Red River","0","52","Louisiana","6/14/20","51","1","22081","1.96"
"Richland","1","163","Louisiana","6/14/20","153","10","22083","6.54"
"Sabine","1","59","Louisiana","6/14/20","51","8","22085","15.69"
"St. Bernard","2","569","Louisiana","6/14/20","552","17","22087","3.08"
"St. Charles","2","660","Louisiana","6/14/20","649","11","22089","1.69"
"St. Helena","0","58","Louisiana","6/14/20","55","3","22091","5.45"
"St. James","1","308","Louisiana","6/14/20","304","4","22093","1.32"
"St. John the Baptist","2","891","Louisiana","6/14/20","877","14","22095","1.6"
"St. Landry","7","360","Louisiana","6/14/20","309","51","22097","16.5"
"St. Martin","8","343","Louisiana","6/14/20","286","57","22099","19.93"
"St. Mary","2","356","Louisiana","6/14/20","339","17","22101","5.01"
"St. Tammany","14","1942","Louisiana","6/14/20","1846","96","22103","5.2"
"Tangipahoa","14","1042","Louisiana","6/14/20","944","98","22105","10.38"
"Tensas","0","22","Louisiana","6/14/20","21","1","22107","4.76"
"Terrebonne","8","801","Louisiana","6/14/20","744","57","22109","7.66"
"Union","9","411","Louisiana","6/14/20","348","63","22111","18.1"
"Vermilion","3","79","Louisiana","6/14/20","61","18","22113","29.51"
"Vernon","3","53","Louisiana","6/14/20","34","19","22115","55.88"
"Washington","10","532","Louisiana","6/14/20","465","67","22117","14.41"
"Webster","9","244","Louisiana","6/14/20","182","62","22119","34.07"
"West Baton Rouge","3","204","Louisiana","6/14/20","185","19","22121","10.27"
"West Carroll","4","112","Louisiana","6/14/20","84","28","22123","33.33"
"West Feliciana","1","231","Louisiana","6/14/20","222","9","22125","4.05"
"Winn","4","212","Louisiana","6/14/20","186","26","22127","13.98"
"Androscoggin","8","425","Maine","6/14/20","367","58","23001","15.8"
"Aroostook","0","10","Maine","6/14/20","10","0","23003","0"
"Cumberland","18","1434","Maine","6/14/20","1307","127","23005","9.72"
"Franklin","0","37","Maine","6/14/20","36","1","23007","2.78"
"Hancock","0","13","Maine","6/14/20","12","1","23009","8.33"
"Kennebec","1","136","Maine","6/14/20","130","6","23011","4.62"
"Knox","0","22","Maine","6/14/20","21","1","23013","4.76"
"Lincoln","0","21","Maine","6/14/20","20","1","23015","5"
"Oxford","0","33","Maine","6/14/20","31","2","23017","6.45"
"Penobscot","0","102","Maine","6/14/20","101","1","23019","0.99"
"Piscataquis","0","1","Maine","6/14/20","1","0","23021","0"
"Sagadahoc","0","30","Maine","6/14/20","30","0","23023","0"
"Somerset","0","25","Maine","6/14/20","22","3","23025","13.64"
"Waldo","0","55","Maine","6/14/20","52","3","23027","5.77"
"Washington","0","1","Maine","6/14/20","1","0","23029","0"
"York","3","446","Maine","6/14/20","427","19","23031","4.45"
"Allegany","0","187","Maryland","6/14/20","184","3","24001","1.63"
"Anne Arundel","53","4607","Maryland","6/14/20","4236","371","24003","8.76"
"Baltimore","57","7151","Maryland","6/14/20","6753","398","24005","5.89"
"Baltimore City","66","6689","Maryland","6/14/20","6229","460","24510","7.38"
"Calvert","2","375","Maryland","6/14/20","358","17","24009","4.75"
"Caroline","2","283","Maryland","6/14/20","272","11","24011","4.04"
"Carroll","5","989","Maryland","6/14/20","952","37","24013","3.89"
"Cecil","6","443","Maryland","6/14/20","404","39","24015","9.65"
"Charles","10","1269","Maryland","6/14/20","1202","67","24017","5.57"
"Dorchester","1","162","Maryland","6/14/20","155","7","24019","4.52"
"Frederick","23","2273","Maryland","6/14/20","2114","159","24021","7.52"
"Garrett","0","10","Maryland","6/14/20","10","0","24023","0"
"Harford","7","1009","Maryland","6/14/20","957","52","24025","5.43"
"Howard","30","2335","Maryland","6/14/20","2125","210","24027","9.88"
"Kent","1","193","Maryland","6/14/20","187","6","24029","3.21"
"Montgomery","125","13607","Maryland","6/14/20","12734","873","24031","6.86"
"Prince George's","127","17326","Maryland","6/14/20","16434","892","24033","5.43"
"Queen Anne's","1","180","Maryland","6/14/20","170","10","24035","5.88"
"Somerset","0","79","Maryland","6/14/20","76","3","24039","3.95"
"St. Mary's","4","580","Maryland","6/14/20","553","27","24037","4.88"
"Talbot","0","107","Maryland","6/14/20","108","-1","24041","-0.93"
"Washington","3","571","Maryland","6/14/20","548","23","24043","4.2"
"Wicomico","6","1020","Maryland","6/14/20","977","43","24045","4.4"
"Worcester","3","256","Maryland","6/14/20","235","21","24047","8.94"
"Barnstable","4","1487","Massachusetts","6/14/20","1456","31","25001","2.13"
"Berkshire","1","580","Massachusetts","6/14/20","574","6","25003","1.05"
"Bristol","36","7933","Massachusetts","6/14/20","7683","250","25005","3.25"
"Dukes and Nantucket","0","55","Massachusetts","6/14/20","55","0","00000","0"
"Essex","55","15604","Massachusetts","6/14/20","15217","387","25009","2.54"
"Franklin","2","353","Massachusetts","6/14/20","338","15","25011","4.44"
"Hampden","18","6481","Massachusetts","6/14/20","6353","128","25013","2.01"
"Hampshire","3","924","Massachusetts","6/14/20","905","19","25015","2.1"
"Middlesex","63","23195","Massachusetts","6/14/20","22754","441","25017","1.94"
"Norfolk","22","8866","Massachusetts","6/14/20","8713","153","25021","1.76"
"Plymouth","21","8507","Massachusetts","6/14/20","8363","144","25023","1.72"
"Suffolk","48","19335","Massachusetts","6/14/20","19001","334","25025","1.76"
"Worcester","35","11975","Massachusetts","6/14/20","11732","243","25027","2.07"
"Alcona","0","21","Michigan","6/14/20","20","1","26001","5"
"Alger","0","1","Michigan","6/14/20","0","1","26003","1"
"Allegan","2","286","Michigan","6/14/20","273","13","26005","4.76"
"Alpena","0","114","Michigan","6/14/20","112","2","26007","1.79"
"Antrim","0","14","Michigan","6/14/20","14","0","26009","0"
"Arenac","0","38","Michigan","6/14/20","38","0","26011","0"
"Baraga","0","1","Michigan","6/14/20","1","0","26013","0"
"Barry","0","91","Michigan","6/14/20","88","3","26015","3.41"
"Bay","1","377","Michigan","6/14/20","370","7","26017","1.89"
"Benzie","0","5","Michigan","6/14/20","5","0","26019","0"
"Berrien","3","825","Michigan","6/14/20","803","22","26021","2.74"
"Branch","12","235","Michigan","6/14/20","153","82","26023","53.59"
"Calhoun","3","486","Michigan","6/14/20","466","20","26025","4.29"
"Cass","1","115","Michigan","6/14/20","110","5","26027","4.55"
"Charlevoix","0","20","Michigan","6/14/20","19","1","26029","5.26"
"Cheboygan","0","26","Michigan","6/14/20","26","0","26031","0"
"Chippewa","0","3","Michigan","6/14/20","3","0","26033","0"
"Clare","0","25","Michigan","6/14/20","24","1","26035","4.17"
"Clinton","1","190","Michigan","6/14/20","184","6","26037","3.26"
"Crawford","0","63","Michigan","6/14/20","63","0","26039","0"
"Delta","0","21","Michigan","6/14/20","20","1","26041","5"
"Dickinson","0","7","Michigan","6/14/20","6","1","26043","16.67"
"Eaton","1","257","Michigan","6/14/20","251","6","26045","2.39"
"Emmet","0","26","Michigan","6/14/20","26","0","26047","0"
"Federal Correctional Institution (FCI)","1","164","Michigan","6/14/20","156","8","00000","5.13"
"Genesee","3","2574","Michigan","6/14/20","2553","21","26049","0.82"
"Gladwin","0","20","Michigan","6/14/20","19","1","26051","5.26"
"Gogebic","0","5","Michigan","6/14/20","5","0","26053","0"
"Grand Traverse","0","36","Michigan","6/14/20","34","2","26055","5.88"
"Gratiot","0","91","Michigan","6/14/20","88","3","26057","3.41"
"Hillsdale","0","179","Michigan","6/14/20","179","0","26059","0"
"Houghton","0","8","Michigan","6/14/20","7","1","26061","14.29"
"Huron","0","60","Michigan","6/14/20","59","1","26063","1.69"
"Ingham","3","825","Michigan","6/14/20","807","18","26065","2.23"
"Ionia","0","179","Michigan","6/14/20","176","3","26067","1.7"
"Iosco","0","112","Michigan","6/14/20","110","2","26069","1.82"
"Iron","0","2","Michigan","6/14/20","2","0","26071","0"
"Isabella","0","97","Michigan","6/14/20","94","3","26073","3.19"
"Jackson","0","487","Michigan","6/14/20","484","3","26075","0.62"
"Kalamazoo","3","954","Michigan","6/14/20","935","19","26077","2.03"
"Kalkaska","0","30","Michigan","6/14/20","30","0","26079","0"
"Kent","33","4461","Michigan","6/14/20","4228","233","26081","5.51"
"Keweenaw","0","1","Michigan","6/14/20","0","1","26083","1"
"Lake","0","7","Michigan","6/14/20","7","0","26085","0"
"Lapeer","1","229","Michigan","6/14/20","225","4","26087","1.78"
"Leelanau","0","12","Michigan","6/14/20","11","1","26089","9.09"
"Lenawee","1","196","Michigan","6/14/20","191","5","26091","2.62"
"Livingston","0","520","Michigan","6/14/20","517","3","26093","0.58"
"Luce","0","3","Michigan","6/14/20","3","0","26095","0"
"Mackinac","0","8","Michigan","6/14/20","8","0","26097","0"
"Macomb","8","7050","Michigan","6/14/20","6992","58","26099","0.83"
"Manistee","0","12","Michigan","6/14/20","12","0","26101","0"
"Marquette","0","59","Michigan","6/14/20","59","0","26103","0"
"Mason","0","38","Michigan","6/14/20","38","0","26105","0"
"Mecosta","0","25","Michigan","6/14/20","24","1","26107","4.17"
"Menominee","0","9","Michigan","6/14/20","9","0","26109","0"
"Michigan Department of Corrections (MDOC)","1","4130","Michigan","6/14/20","4120","10","00000","0.24"
"Midland","2","152","Michigan","6/14/20","138","14","26111","10.14"
"Missaukee","0","23","Michigan","6/14/20","22","1","26113","4.55"
"Monroe","1","569","Michigan","6/14/20","559","10","26115","1.79"
"Montcalm","0","80","Michigan","6/14/20","80","0","26117","0"
"Montmorency","0","5","Michigan","6/14/20","5","0","26119","0"
"Muskegon","3","740","Michigan","6/14/20","717","23","26121","3.21"
"Newaygo","1","127","Michigan","6/14/20","122","5","26123","4.1"
"Oakland","10","11306","Michigan","6/14/20","11235","71","26125","0.63"
"Oceana","1","107","Michigan","6/14/20","103","4","26127","3.88"
"Ogemaw","0","32","Michigan","6/14/20","31","1","26129","3.23"
"Osceola","0","21","Michigan","6/14/20","18","3","26133","16.67"
"Oscoda","0","8","Michigan","6/14/20","8","0","26135","0"
"Otsego","0","120","Michigan","6/14/20","120","0","26137","0"
"Ottawa","5","933","Michigan","6/14/20","900","33","26139","3.67"
"Out of MI","4","47","Michigan","6/14/20","22","25","80026","113.64"
"Presque Isle","0","12","Michigan","6/14/20","11","1","26141","9.09"
"Roscommon","0","25","Michigan","6/14/20","24","1","26143","4.17"
"Saginaw","3","1157","Michigan","6/14/20","1136","21","26145","1.85"
"Sanilac","0","44","Michigan","6/14/20","42","2","26151","4.76"
"Schoolcraft","0","4","Michigan","6/14/20","4","0","26153","0"
"Shiawassee","1","265","Michigan","6/14/20","261","4","26155","1.53"
"St. Clair","1","518","Michigan","6/14/20","513","5","26147","0.97"
"St. Joseph","3","177","Michigan","6/14/20","159","18","26149","11.32"
"Tuscola","1","210","Michigan","6/14/20","205","5","26157","2.44"
"Van Buren","2","206","Michigan","6/14/20","191","15","26159","7.85"
"Washtenaw","3","1569","Michigan","6/14/20","1545","24","26161","1.55"
"Wayne","33","21749","Michigan","6/14/20","21521","228","26163","1.06"
"Wexford","0","16","Michigan","6/14/20","14","2","26165","14.29"
"Aitkin","0","13","Minnesota","6/14/20","12","1","27001","8.33"
"Anoka","22","1742","Minnesota","6/14/20","1585","157","27003","9.91"
"Becker","1","49","Minnesota","6/14/20","44","5","27005","11.36"
"Beltrami","0","23","Minnesota","6/14/20","21","2","27007","9.52"
"Benton","1","193","Minnesota","6/14/20","188","5","27009","2.66"
"Big Stone","0","13","Minnesota","6/14/20","12","1","27011","8.33"
"Blue Earth","2","163","Minnesota","6/14/20","152","11","27013","7.24"
"Brown","0","19","Minnesota","6/14/20","18","1","27015","5.56"
"Carlton","0","80","Minnesota","6/14/20","77","3","27017","3.9"
"Carver","3","270","Minnesota","6/14/20","250","20","27019","8"
"Cass","0","11","Minnesota","6/14/20","11","0","27021","0"
"Chippewa","1","56","Minnesota","6/14/20","52","4","27023","7.69"
"Chisago","1","78","Minnesota","6/14/20","70","8","27025","11.43"
"Clay","6","504","Minnesota","6/14/20","462","42","27027","9.09"
"Clearwater","0","5","Minnesota","6/14/20","3","2","27029","66.67"
"Cook","0","1","Minnesota","6/14/20","0","1","27031","1"
"Cottonwood","2","106","Minnesota","6/14/20","90","16","27033","17.78"
"Crow Wing","1","90","Minnesota","6/14/20","82","8","27035","9.76"
"Dakota","30","1713","Minnesota","6/14/20","1504","209","27037","13.9"
"Dodge","1","59","Minnesota","6/14/20","55","4","27039","7.27"
"Douglas","0","48","Minnesota","6/14/20","47","1","27041","2.13"
"Faribault","1","27","Minnesota","6/14/20","23","4","27043","17.39"
"Fillmore","0","20","Minnesota","6/14/20","20","0","27045","0"
"Freeborn","6","221","Minnesota","6/14/20","177","44","27047","24.86"
"Goodhue","2","94","Minnesota","6/14/20","77","17","27049","22.08"
"Grant","0","6","Minnesota","6/14/20","5","1","27051","20"
"Hennepin","117","10191","Minnesota","6/14/20","9372","819","27053","8.74"
"Houston","0","5","Minnesota","6/14/20","3","2","27055","66.67"
"Hubbard","0","5","Minnesota","6/14/20","4","1","27057","25"
"Isanti","1","49","Minnesota","6/14/20","39","10","27059","25.64"
"Itasca","0","59","Minnesota","6/14/20","56","3","27061","5.36"
"Jackson","1","46","Minnesota","6/14/20","42","4","27063","9.52"
"Kanabec","0","13","Minnesota","6/14/20","12","1","27065","8.33"
"Kandiyohi","4","546","Minnesota","6/14/20","521","25","27067","4.8"
"Kittson","0","1","Minnesota","6/14/20","1","0","27069","0"
"Koochiching","0","9","Minnesota","6/14/20","9","0","27071","0"
"Lac qui Parle","0","3","Minnesota","6/14/20","3","0","27073","0"
"Lake","0","1","Minnesota","6/14/20","1","0","27075","0"
"Le Sueur","0","52","Minnesota","6/14/20","49","3","27079","6.12"
"Lincoln","0","6","Minnesota","6/14/20","6","0","27081","0"
"Lyon","11","208","Minnesota","6/14/20","133","75","27083","56.39"
"Mahnomen","0","6","Minnesota","6/14/20","6","0","27087","0"
"Marshall","0","12","Minnesota","6/14/20","12","0","27089","0"
"Martin","1","143","Minnesota","6/14/20","137","6","27091","4.38"
"McLeod","2","54","Minnesota","6/14/20","43","11","27085","25.58"
"Meeker","1","50","Minnesota","6/14/20","46","4","27093","8.7"
"Mille Lacs","1","28","Minnesota","6/14/20","24","4","27095","16.67"
"Morrison","0","54","Minnesota","6/14/20","51","3","27097","5.88"
"Mower","21","650","Minnesota","6/14/20","504","146","27099","28.97"
"Murray","0","43","Minnesota","6/14/20","41","2","27101","4.88"
"Nicollet","1","95","Minnesota","6/14/20","89","6","27103","6.74"
"Nobles","4","1620","Minnesota","6/14/20","1592","28","27105","1.76"
"Norman","0","17","Minnesota","6/14/20","15","2","27107","13.33"
"Olmsted","10","778","Minnesota","6/14/20","711","67","27109","9.42"
"Otter Tail","1","83","Minnesota","6/14/20","76","7","27111","9.21"
"Pennington","2","50","Minnesota","6/14/20","34","16","27113","47.06"
"Pine","0","96","Minnesota","6/14/20","93","3","27115","3.23"
"Pipestone","0","14","Minnesota","6/14/20","14","0","27117","0"
"Polk","0","67","Minnesota","6/14/20","64","3","27119","4.69"
"Pope","0","10","Minnesota","6/14/20","10","0","27121","0"
"Ramsey","61","3936","Minnesota","6/14/20","3507","429","27123","12.23"
"Red Lake","0","4","Minnesota","6/14/20","4","0","27125","0"
"Redwood","1","11","Minnesota","6/14/20","7","4","27127","57.14"
"Renville","1","12","Minnesota","6/14/20","8","4","27129","50"
"Rice","16","688","Minnesota","6/14/20","576","112","27131","19.44"
"Rock","0","25","Minnesota","6/14/20","23","2","27133","8.7"
"Roseau","0","6","Minnesota","6/14/20","4","2","27135","50"
"Scott","6","528","Minnesota","6/14/20","486","42","27139","8.64"
"Sherburne","2","266","Minnesota","6/14/20","254","12","27141","4.72"
"Sibley","1","25","Minnesota","6/14/20","19","6","27143","31.58"
"St. Louis","1","123","Minnesota","6/14/20","119","4","27137","3.36"
"Stearns","5","2107","Minnesota","6/14/20","2070","37","27145","1.79"
"Steele","0","175","Minnesota","6/14/20","172","3","27147","1.74"
"Stevens","0","1","Minnesota","6/14/20","1","0","27149","0"
"Swift","0","19","Minnesota","6/14/20","19","0","27151","0"
"Todd","3","373","Minnesota","6/14/20","350","23","27153","6.57"
"Traverse","0","5","Minnesota","6/14/20","5","0","27155","0"
"Wabasha","0","21","Minnesota","6/14/20","20","1","27157","5"
"Wadena","0","10","Minnesota","6/14/20","10","0","27159","0"
"Waseca","0","33","Minnesota","6/14/20","30","3","27161","10"
"Washington","11","796","Minnesota","6/14/20","721","75","27163","10.4"
"Watonwan","2","98","Minnesota","6/14/20","83","15","27165","18.07"
"Wilkin","1","15","Minnesota","6/14/20","11","4","27167","36.36"
"Winona","0","84","Minnesota","6/14/20","85","-1","27169","-1.18"
"Wright","3","377","Minnesota","6/14/20","358","19","27171","5.31"
"Yellow Medicine","0","9","Minnesota","6/14/20","7","2","27173","28.57"
"Adams","3","225","Mississippi","6/14/20","204","21","28001","10.29"
"Alcorn","1","30","Mississippi","6/14/20","20","10","28003","50"
"Amite","1","70","Mississippi","6/14/20","65","5","28005","7.69"
"Attala","2","331","Mississippi","6/14/20","315","16","28007","5.08"
"Benton","0","17","Mississippi","6/14/20","15","2","28009","13.33"
"Bolivar","2","190","Mississippi","6/14/20","174","16","28011","9.2"
"Calhoun","1","80","Mississippi","6/14/20","70","10","28013","14.29"
"Carroll","0","122","Mississippi","6/14/20","119","3","28015","2.52"
"Chickasaw","3","166","Mississippi","6/14/20","147","19","28017","12.93"
"Choctaw","2","65","Mississippi","6/14/20","53","12","28019","22.64"
"Claiborne","3","138","Mississippi","6/14/20","120","18","28021","15"
"Clarke","1","166","Mississippi","6/14/20","159","7","28023","4.4"
"Clay","6","174","Mississippi","6/14/20","132","42","28025","31.82"
"Coahoma","2","147","Mississippi","6/14/20","134","13","28027","9.7"
"Copiah","9","405","Mississippi","6/14/20","341","64","28029","18.77"
"Covington","2","205","Mississippi","6/14/20","188","17","28031","9.04"
"DeSoto","15","714","Mississippi","6/14/20","611","103","28033","16.86"
"Forrest","10","679","Mississippi","6/14/20","610","69","28035","11.31"
"Franklin","0","30","Mississippi","6/14/20","30","0","28037","0"
"George","1","35","Mississippi","6/14/20","30","5","28039","16.67"
"Greene","1","51","Mississippi","6/14/20","42","9","28041","21.43"
"Grenada","7","160","Mississippi","6/14/20","113","47","28043","41.59"
"Hancock","1","100","Mississippi","6/14/20","92","8","28045","8.7"
"Harrison","9","344","Mississippi","6/14/20","281","63","28047","22.42"
"Hinds","20","1274","Mississippi","6/14/20","1137","137","28049","12.05"
"Holmes","2","468","Mississippi","6/14/20","454","14","28051","3.08"
"Humphreys","1","80","Mississippi","6/14/20","70","10","28053","14.29"
"Itawamba","1","100","Mississippi","6/14/20","90","10","28057","11.11"
"Jackson","5","356","Mississippi","6/14/20","321","35","28059","10.9"
"Jasper","2","193","Mississippi","6/14/20","179","14","28061","7.82"
"Jefferson","1","54","Mississippi","6/14/20","46","8","28063","17.39"
"Jefferson Davis","0","84","Mississippi","6/14/20","84","0","28065","0"
"Jones","20","868","Mississippi","6/14/20","729","139","28067","19.07"
"Kemper","1","167","Mississippi","6/14/20","159","8","28069","5.03"
"Lafayette","3","175","Mississippi","6/14/20","156","19","28071","12.18"
"Lamar","4","288","Mississippi","6/14/20","259","29","28073","11.2"
"Lauderdale","4","805","Mississippi","6/14/20","779","26","28075","3.34"
"Lawrence","1","115","Mississippi","6/14/20","108","7","28077","6.48"
"Leake","3","483","Mississippi","6/14/20","462","21","28079","4.55"
"Lee","10","296","Mississippi","6/14/20","224","72","28081","32.14"
"Leflore","10","358","Mississippi","6/14/20","288","70","28083","24.31"
"Lincoln","5","324","Mississippi","6/14/20","289","35","28085","12.11"
"Lowndes","6","315","Mississippi","6/14/20","270","45","28087","16.67"
"Madison","13","886","Mississippi","6/14/20","796","90","28089","11.31"
"Marion","3","141","Mississippi","6/14/20","119","22","28091","18.49"
"Marshall","2","103","Mississippi","6/14/20","90","13","28093","14.44"
"Monroe","2","293","Mississippi","6/14/20","277","16","28095","5.78"
"Montgomery","1","94","Mississippi","6/14/20","85","9","28097","10.59"
"Neshoba","18","878","Mississippi","6/14/20","755","123","28099","16.29"
"Newton","3","321","Mississippi","6/14/20","298","23","28101","7.72"
"Noxubee","2","212","Mississippi","6/14/20","200","12","28103","6"
"Oktibbeha","9","357","Mississippi","6/14/20","297","60","28105","20.2"
"Panola","4","122","Mississippi","6/14/20","96","26","28107","27.08"
"Pearl River","1","222","Mississippi","6/14/20","215","7","28109","3.26"
"Perry","0","54","Mississippi","6/14/20","51","3","28111","5.88"
"Pike","3","226","Mississippi","6/14/20","207","19","28113","9.18"
"Pontotoc","3","74","Mississippi","6/14/20","55","19","28115","34.55"
"Prentiss","1","66","Mississippi","6/14/20","56","10","28117","17.86"
"Quitman","2","49","Mississippi","6/14/20","32","17","28119","53.12"
"Rankin","8","537","Mississippi","6/14/20","480","57","28121","11.88"
"Scott","2","688","Mississippi","6/14/20","671","17","28123","2.53"
"Sharkey","0","8","Mississippi","6/14/20","7","1","28125","14.29"
"Simpson","2","119","Mississippi","6/14/20","105","14","28127","13.33"
"Smith","2","178","Mississippi","6/14/20","165","13","28129","7.88"
"Stone","0","34","Mississippi","6/14/20","32","2","28131","6.25"
"Sunflower","3","118","Mississippi","6/14/20","97","21","28133","21.65"
"Tallahatchie","1","42","Mississippi","6/14/20","32","10","28135","31.25"
"Tate","5","128","Mississippi","6/14/20","96","32","28137","33.33"
"Tippah","2","93","Mississippi","6/14/20","80","13","28139","16.25"
"Tishomingo","1","47","Mississippi","6/14/20","37","10","28141","27.03"
"Tunica","1","64","Mississippi","6/14/20","58","6","28143","10.34"
"Union","2","102","Mississippi","6/14/20","91","11","28145","12.09"
"Walthall","4","103","Mississippi","6/14/20","74","29","28147","39.19"
"Warren","7","252","Mississippi","6/14/20","206","46","28149","22.33"
"Washington","7","253","Mississippi","6/14/20","202","51","28151","25.25"
"Wayne","9","375","Mississippi","6/14/20","315","60","28153","19.05"
"Webster","2","110","Mississippi","6/14/20","96","14","28155","14.58"
"Wilkinson","0","85","Mississippi","6/14/20","85","0","28157","0"
"Winston","3","149","Mississippi","6/14/20","128","21","28159","16.41"
"Yalobusha","3","138","Mississippi","6/14/20","114","24","28161","21.05"
"Yazoo","7","348","Mississippi","6/14/20","301","47","28163","15.61"
"Adair","1","80","Missouri","6/14/20","72","8","29001","11.11"
"Andrew","0","35","Missouri","6/14/20","33","2","29003","6.06"
"Atchison","0","3","Missouri","6/14/20","3","0","29005","0"
"Audrain","2","122","Missouri","6/14/20","111","11","29007","9.91"
"Barry","0","10","Missouri","6/14/20","9","1","29009","11.11"
"Barton","0","1","Missouri","6/14/20","0","1","29011","1"
"Bates","0","12","Missouri","6/14/20","12","0","29013","0"
"Benton","0","14","Missouri","6/14/20","13","1","29015","7.69"
"Bollinger","0","9","Missouri","6/14/20","7","2","29017","28.57"
"Boone","3","208","Missouri","6/14/20","189","19","29019","10.05"
"Buchanan","5","784","Missouri","6/14/20","748","36","29021","4.81"
"Butler","-1","41","Missouri","6/14/20","47","-6","29023","-12.77"
"Caldwell","0","7","Missouri","6/14/20","8","-1","29025","-12.5"
"Callaway","0","36","Missouri","6/14/20","33","3","29027","9.09"
"Camden","0","38","Missouri","6/14/20","38","0","29029","0"
"Cape Girardeau","3","104","Missouri","6/14/20","85","19","29031","22.35"
"Carroll","0","10","Missouri","6/14/20","9","1","29033","11.11"
"Carter","0","5","Missouri","6/14/20","5","0","29035","0"
"Cass","1","111","Missouri","6/14/20","102","9","29037","8.82"
"Cedar","0","9","Missouri","6/14/20","9","0","29039","0"
"Chariton","0","6","Missouri","6/14/20","6","0","29041","0"
"Christian","0","29","Missouri","6/14/20","29","0","29043","0"
"Clark","0","1","Missouri","6/14/20","1","0","29045","0"
"Clay","8","288","Missouri","6/14/20","233","55","29047","23.61"
"Clinton","0","20","Missouri","6/14/20","20","0","29049","0"
"Cole","-1","57","Missouri","6/14/20","61","-4","29051","-6.56"
"Cooper","0","9","Missouri","6/14/20","9","0","29053","0"
"Crawford","0","8","Missouri","6/14/20","9","-1","29055","-11.11"
"Dallas","0","6","Missouri","6/14/20","5","1","29059","20"
"Daviess","0","7","Missouri","6/14/20","5","2","29061","40"
"DeKalb","0","8","Missouri","6/14/20","7","1","29063","14.29"
"Dent","0","1","Missouri","6/14/20","0","1","29065","1"
"Douglas","0","3","Missouri","6/14/20","0","3","29067","1"
"Dunklin","1","55","Missouri","6/14/20","49","6","29069","12.24"
"Franklin","2","166","Missouri","6/14/20","150","16","29071","10.67"
"Gasconade","0","2","Missouri","6/14/20","2","0","29073","0"
"Gentry","0","54","Missouri","6/14/20","52","2","29075","3.85"
"Greene","2","188","Missouri","6/14/20","174","14","29077","8.05"
"Grundy","2","12","Missouri","6/14/20","0","12","29079","1"
"Harrison","0","9","Missouri","6/14/20","9","0","29081","0"
"Henry","1","16","Missouri","6/14/20","12","4","29083","33.33"
"Holt","0","1","Missouri","6/14/20","2","-1","29087","-50"
"Howard","0","3","Missouri","6/14/20","3","0","29089","0"
"Howell","1","20","Missouri","6/14/20","12","8","29091","66.67"
"Iron","0","2","Missouri","6/14/20","3","-1","29093","-33.33"
"Jackson","17","819","Missouri","6/14/20","702","117","29095","16.67"
"Jasper","9","122","Missouri","6/14/20","56","66","29097","117.86"
"Jefferson","-3","376","Missouri","6/14/20","398","-22","29099","-5.53"
"Johnson","0","80","Missouri","6/14/20","77","3","29101","3.9"
"Kansas City","23","1690","Missouri","6/14/20","1527","163","00000","10.67"
"Knox","0","2","Missouri","6/14/20","0","2","29103","1"
"Laclede","0","9","Missouri","6/14/20","7","2","29105","28.57"
"Lafayette","1","85","Missouri","6/14/20","81","4","29107","4.94"
"Lawrence","0","7","Missouri","6/14/20","8","-1","29109","-12.5"
"Lewis","0","7","Missouri","6/14/20","7","0","29111","0"
"Lincoln","-5","87","Missouri","6/14/20","121","-34","29113","-28.1"
"Linn","0","11","Missouri","6/14/20","10","1","29115","10"
"Livingston","0","7","Missouri","6/14/20","5","2","29117","40"
"Macon","0","7","Missouri","6/14/20","6","1","29121","16.67"
"Madison","0","3","Missouri","6/14/20","3","0","29123","0"
"Maries","0","2","Missouri","6/14/20","2","0","29125","0"
"Marion","0","8","Missouri","6/14/20","5","3","29127","60"
"McDonald","6","70","Missouri","6/14/20","26","44","29119","169.23"
"Mercer","1","5","Missouri","6/14/20","0","5","29129","1"
"Miller","0","4","Missouri","6/14/20","4","0","29131","0"
"Mississippi","1","71","Missouri","6/14/20","61","10","29133","16.39"
"Moniteau","0","49","Missouri","6/14/20","49","0","29135","0"
"Monroe","0","3","Missouri","6/14/20","0","3","29137","1"
"Montgomery","0","12","Missouri","6/14/20","11","1","29139","9.09"
"Morgan","0","9","Missouri","6/14/20","9","0","29141","0"
"New Madrid","2","35","Missouri","6/14/20","21","14","29143","66.67"
"Newton","5","62","Missouri","6/14/20","26","36","29145","138.46"
"Nodaway","0","15","Missouri","6/14/20","14","1","29147","7.14"
"Oregon","0","4","Missouri","6/14/20","2","2","29149","100"
"Osage","0","5","Missouri","6/14/20","5","0","29151","0"
"Pemiscot","2","102","Missouri","6/14/20","91","11","29155","12.09"
"Perry","2","84","Missouri","6/14/20","70","14","29157","20"
"Pettis","1","85","Missouri","6/14/20","81","4","29159","4.94"
"Phelps","0","6","Missouri","6/14/20","5","1","29161","20"
"Pike","0","31","Missouri","6/14/20","28","3","29163","10.71"
"Platte","3","97","Missouri","6/14/20","77","20","29165","25.97"
"Polk","1","8","Missouri","6/14/20","4","4","29167","100"
"Pulaski","0","106","Missouri","6/14/20","107","-1","29169","-0.93"
"Putnam","0","1","Missouri","6/14/20","0","1","29171","1"
"Ralls","0","5","Missouri","6/14/20","5","0","29173","0"
"Randolph","0","10","Missouri","6/14/20","10","0","29175","0"
"Ray","0","25","Missouri","6/14/20","23","2","29177","8.7"
"Reynolds","0","2","Missouri","6/14/20","2","0","29179","0"
"Ripley","0","11","Missouri","6/14/20","11","0","29181","0"
"Saline","-2","271","Missouri","6/14/20","283","-12","29195","-4.24"
"Schuyler","0","1","Missouri","6/14/20","0","1","29197","1"
"Scotland","0","8","Missouri","6/14/20","9","-1","29199","-11.11"
"Scott","3","139","Missouri","6/14/20","121","18","29201","14.88"
"Shannon","1","6","Missouri","6/14/20","0","6","29203","1"
"Shelby","0","1","Missouri","6/14/20","1","0","29205","0"
"St. Charles","7","890","Missouri","6/14/20","838","52","29183","6.21"
"St. Clair","0","2","Missouri","6/14/20","3","-1","29185","-33.33"
"St. Francois","0","40","Missouri","6/14/20","39","1","29187","2.56"
"St. Louis","30","5536","Missouri","6/14/20","5323","213","29189","4"
"St. Louis City","18","2195","Missouri","6/14/20","2071","124","29510","5.99"
"Ste. Genevieve","0","14","Missouri","6/14/20","12","2","29186","16.67"
"Stoddard","2","118","Missouri","6/14/20","106","12","29207","11.32"
"Stone","0","7","Missouri","6/14/20","10","-3","29209","-30"
"Sullivan","2","77","Missouri","6/14/20","66","11","29211","16.67"
"Taney","0","15","Missouri","6/14/20","14","1","29213","7.14"
"Texas","0","1","Missouri","6/14/20","1","0","29215","0"
"Vernon","0","12","Missouri","6/14/20","11","1","29217","9.09"
"Warren","0","30","Missouri","6/14/20","29","1","29219","3.45"
"Washington","0","13","Missouri","6/14/20","13","0","29221","0"
"Webster","0","18","Missouri","6/14/20","18","0","29225","0"
"Worth","0","4","Missouri","6/14/20","4","0","29227","0"
"Wright","0","14","Missouri","6/14/20","14","0","29229","0"
"Beaverhead","0","1","Montana","6/14/20","1","0","30001","0"
"Big Horn","1","46","Montana","6/14/20","39","7","30003","17.95"
"Broadwater","0","4","Montana","6/14/20","4","0","30007","0"
"Carbon","0","6","Montana","6/14/20","6","0","30009","0"
"Cascade","0","18","Montana","6/14/20","17","1","30013","5.88"
"Custer","1","8","Montana","6/14/20","0","8","30017","1"
"Deer Lodge","0","3","Montana","6/14/20","3","0","30023","0"
"Flathead","0","38","Montana","6/14/20","37","1","30029","2.7"
"Gallatin","4","188","Montana","6/14/20","162","26","30031","16.05"
"Glacier","0","6","Montana","6/14/20","6","0","30035","0"
"Golden Valley","0","3","Montana","6/14/20","3","0","30037","0"
"Hill","0","1","Montana","6/14/20","1","0","30041","0"
"Jefferson","0","3","Montana","6/14/20","3","0","30043","0"
"Lake","1","9","Montana","6/14/20","5","4","30047","80"
"Lewis and Clark","0","20","Montana","6/14/20","18","2","30049","11.11"
"Liberty","0","1","Montana","6/14/20","1","0","30051","0"
"Lincoln","0","7","Montana","6/14/20","7","0","30053","0"
"Madison","0","8","Montana","6/14/20","8","0","30057","0"
"Meagher","0","1","Montana","6/14/20","1","0","30059","0"
"Missoula","0","40","Montana","6/14/20","40","0","30063","0"
"Musselshell","0","1","Montana","6/14/20","1","0","30065","0"
"Park","0","8","Montana","6/14/20","8","0","30067","0"
"Pondera","0","2","Montana","6/14/20","2","0","30073","0"
"Ravalli","0","17","Montana","6/14/20","14","3","30081","21.43"
"Richland","0","3","Montana","6/14/20","3","0","30083","0"
"Roosevelt","0","7","Montana","6/14/20","7","0","30085","0"
"Rosebud","0","1","Montana","6/14/20","1","0","30087","0"
"Silver Bow","0","11","Montana","6/14/20","11","0","30093","0"
"Stillwater","0","2","Montana","6/14/20","1","1","30095","100"
"Toole","0","29","Montana","6/14/20","29","0","30101","0"
"Wheatland","0","1","Montana","6/14/20","1","0","30107","0"
"Yellowstone","0","108","Montana","6/14/20","105","3","30111","2.86"
"Adams","0","278","Nebraska","6/14/20","275","3","31001","1.09"
"Antelope","0","8","Nebraska","6/14/20","8","0","31003","0"
"Banner","0","1","Nebraska","6/14/20","0","1","31007","1"
"Boone","0","7","Nebraska","6/14/20","7","0","31011","0"
"Box Butte","0","3","Nebraska","6/14/20","3","0","31013","0"
"Boyd","0","1","Nebraska","6/14/20","1","0","31015","0"
"Buffalo","0","177","Nebraska","6/14/20","174","3","31019","1.72"
"Burt","0","10","Nebraska","6/14/20","10","0","31021","0"
"Butler","0","51","Nebraska","6/14/20","51","0","31023","0"
"Cass","1","60","Nebraska","6/14/20","55","5","31025","9.09"
"Cedar","0","8","Nebraska","6/14/20","8","0","31027","0"
"Chase","0","1","Nebraska","6/14/20","1","0","31029","0"
"Cherry","0","1","Nebraska","6/14/20","1","0","31031","0"
"Cheyenne","0","10","Nebraska","6/14/20","10","0","31033","0"
"Clay","0","24","Nebraska","6/14/20","24","0","31035","0"
"Colfax","1","647","Nebraska","6/14/20","637","10","31037","1.57"
"Cuming","0","34","Nebraska","6/14/20","34","0","31039","0"
"Custer","0","34","Nebraska","6/14/20","34","0","31041","0"
"Dakota","3","1722","Nebraska","6/14/20","1704","18","31043","1.06"
"Dawes","0","1","Nebraska","6/14/20","1","0","31045","0"
"Dawson","0","844","Nebraska","6/14/20","843","1","31047","0.12"
"Dixon","1","40","Nebraska","6/14/20","32","8","31051","25"
"Dodge","8","621","Nebraska","6/14/20","567","54","31053","9.52"
"Douglas","91","5668","Nebraska","6/14/20","5032","636","31055","12.64"
"Fillmore","0","10","Nebraska","6/14/20","7","3","31059","42.86"
"Franklin","0","6","Nebraska","6/14/20","6","0","31061","0"
"Frontier","0","1","Nebraska","6/14/20","1","0","31063","0"
"Furnas","0","9","Nebraska","6/14/20","9","0","31065","0"
"Gage","0","45","Nebraska","6/14/20","45","0","31067","0"
"Garden","0","4","Nebraska","6/14/20","4","0","31069","0"
"Garfield","0","1","Nebraska","6/14/20","1","0","31071","0"
"Gosper","0","13","Nebraska","6/14/20","13","0","31073","0"
"Greeley","0","3","Nebraska","6/14/20","3","0","31077","0"
"Hall","3","1561","Nebraska","6/14/20","1543","18","31079","1.17"
"Hamilton","0","56","Nebraska","6/14/20","56","0","31081","0"
"Hitchcock","0","1","Nebraska","6/14/20","1","0","31087","0"
"Holt","0","1","Nebraska","6/14/20","1","0","31089","0"
"Howard","0","45","Nebraska","6/14/20","43","2","31093","4.65"
"Jefferson","0","9","Nebraska","6/14/20","8","1","31095","12.5"
"Johnson","0","6","Nebraska","6/14/20","6","0","31097","0"
"Kearney","0","12","Nebraska","6/14/20","12","0","31099","0"
"Keith","0","2","Nebraska","6/14/20","2","0","31101","0"
"Kimball","0","8","Nebraska","6/14/20","8","0","31105","0"
"Knox","0","12","Nebraska","6/14/20","11","1","31107","9.09"
"Lancaster","16","1463","Nebraska","6/14/20","1349","114","31109","8.45"
"Lincoln","1","53","Nebraska","6/14/20","49","4","31111","8.16"
"Madison","1","332","Nebraska","6/14/20","324","8","31119","2.47"
"Merrick","0","37","Nebraska","6/14/20","35","2","31121","5.71"
"Morrill","0","12","Nebraska","6/14/20","11","1","31123","9.09"
"Nance","0","4","Nebraska","6/14/20","4","0","31125","0"
"Nemaha","0","4","Nebraska","6/14/20","4","0","31127","0"
"Nuckolls","0","1","Nebraska","6/14/20","1","0","31129","0"
"Otoe","0","12","Nebraska","6/14/20","11","1","31131","9.09"
"Phelps","0","20","Nebraska","6/14/20","20","0","31137","0"
"Pierce","0","6","Nebraska","6/14/20","6","0","31139","0"
"Platte","3","642","Nebraska","6/14/20","624","18","31141","2.88"
"Polk","0","12","Nebraska","6/14/20","11","1","31143","9.09"
"Red Willow","0","5","Nebraska","6/14/20","5","0","31145","0"
"Richardson","0","1","Nebraska","6/14/20","1","0","31147","0"
"Saline","0","519","Nebraska","6/14/20","517","2","31151","0.39"
"Sarpy","18","898","Nebraska","6/14/20","773","125","31153","16.17"
"Saunders","1","57","Nebraska","6/14/20","51","6","31155","11.76"
"Scotts Bluff","4","172","Nebraska","6/14/20","143","29","31157","20.28"
"Seward","0","32","Nebraska","6/14/20","29","3","31159","10.34"
"Sherman","0","4","Nebraska","6/14/20","5","-1","31163","-20"
"Sioux","0","2","Nebraska","6/14/20","0","2","31165","1"
"Stanton","0","21","Nebraska","6/14/20","21","0","31167","0"
"Thayer","0","1","Nebraska","6/14/20","1","0","31169","0"
"Thomas","0","1","Nebraska","6/14/20","1","0","31171","0"
"Thurston","2","66","Nebraska","6/14/20","51","15","31173","29.41"
"Valley","0","7","Nebraska","6/14/20","5","2","31175","40"
"Washington","1","41","Nebraska","6/14/20","36","5","31177","13.89"
"Wayne","0","26","Nebraska","6/14/20","25","1","31179","4"
"Webster","0","6","Nebraska","6/14/20","5","1","31181","20"
"York","0","37","Nebraska","6/14/20","37","0","31185","0"
"Carson City","2","120","Nevada","6/14/20","109","11","32510","10.09"
"Churchill","0","10","Nevada","6/14/20","8","2","32001","25"
"Clark","179","8735","Nevada","6/14/20","7483","1252","32003","16.73"
"Douglas","1","42","Nevada","6/14/20","38","4","32005","10.53"
"Elko","1","37","Nevada","6/14/20","27","10","32007","37.04"
"Humboldt","0","78","Nevada","6/14/20","78","0","32013","0"
"Lander","0","22","Nevada","6/14/20","21","1","32015","4.76"
"Lincoln","0","2","Nevada","6/14/20","2","0","32017","0"
"Lyon","1","92","Nevada","6/14/20","84","8","32019","9.52"
"Mineral","0","4","Nevada","6/14/20","4","0","32021","0"
"Nye","1","73","Nevada","6/14/20","66","7","32023","10.61"
"Pershing","0","5","Nevada","6/14/20","2","3","32027","150"
"Storey","0","1","Nevada","6/14/20","1","0","32029","0"
"Washoe","33","1977","Nevada","6/14/20","1743","234","32031","13.43"
"White Pine","0","3","Nevada","6/14/20","3","0","32033","0"
"Belknap","1","74","New Hampshire","6/14/20","68","6","33001","8.82"
"Carroll","0","49","New Hampshire","6/14/20","48","1","33003","2.08"
"Cheshire","0","60","New Hampshire","6/14/20","57","3","33005","5.26"
"Coos","0","6","New Hampshire","6/14/20","5","1","33007","20"
"Grafton","0","76","New Hampshire","6/14/20","76","0","33009","0"
"Hillsborough","30","2942","New Hampshire","6/14/20","2731","211","33011","7.73"
"Merrimack","3","391","New Hampshire","6/14/20","372","19","33013","5.11"
"Rockingham","5","1412","New Hampshire","6/14/20","1380","32","33015","2.32"
"Strafford","0","278","New Hampshire","6/14/20","277","1","33017","0.36"
"Sullivan","1","25","New Hampshire","6/14/20","20","5","33019","25"
"Atlantic","18","2490","New Jersey","6/14/20","2364","126","34001","5.33"
"Bergen","44","18818","New Jersey","6/14/20","18512","306","34003","1.65"
"Burlington","13","4876","New Jersey","6/14/20","4785","91","34005","1.9"
"Camden","31","7018","New Jersey","6/14/20","6799","219","34007","3.22"
"Cape May","4","671","New Jersey","6/14/20","646","25","34009","3.87"
"Cumberland","15","2666","New Jersey","6/14/20","2564","102","34011","3.98"
"Essex","41","18364","New Jersey","6/14/20","18077","287","34013","1.59"
"Gloucester","12","2414","New Jersey","6/14/20","2328","86","34015","3.69"
"Hudson","37","19177","New Jersey","6/14/20","18916","261","34017","1.38"
"Hunterdon","2","1039","New Jersey","6/14/20","1023","16","34019","1.56"
"Mercer","26","7351","New Jersey","6/14/20","7166","185","34021","2.58"
"Middlesex","33","16430","New Jersey","6/14/20","16198","232","34023","1.43"
"Monmouth","37","8740","New Jersey","6/14/20","8478","262","34025","3.09"
"Morris","-2","6581","New Jersey","6/14/20","6592","-11","34027","-0.17"
"Ocean","32","9244","New Jersey","6/14/20","9022","222","34029","2.46"
"Passaic","25","16627","New Jersey","6/14/20","16449","178","34031","1.08"
"Salem","4","706","New Jersey","6/14/20","675","31","34033","4.59"
"Somerset","14","4759","New Jersey","6/14/20","4662","97","34035","2.08"
"Sussex","4","1190","New Jersey","6/14/20","1160","30","34037","2.59"
"Union","19","16322","New Jersey","6/14/20","16186","136","34039","0.84"
"Warren","2","1202","New Jersey","6/14/20","1189","13","34041","1.09"
"Bernalillo","14","1693","New Mexico","6/14/20","1592","101","35001","6.34"
"Catron","0","2","New Mexico","6/14/20","2","0","35003","0"
"Chaves","1","59","New Mexico","6/14/20","49","10","35005","20.41"
"Cibola","3","184","New Mexico","6/14/20","166","18","35006","10.84"
"Colfax","0","7","New Mexico","6/14/20","5","2","35007","40"
"Curry","3","81","New Mexico","6/14/20","62","19","35009","30.65"
"Dona Ana","13","658","New Mexico","6/14/20","570","88","35013","15.44"
"Eddy","2","47","New Mexico","6/14/20","35","12","35015","34.29"
"Grant","0","16","New Mexico","6/14/20","15","1","35017","6.67"
"Guadalupe","0","20","New Mexico","6/14/20","20","0","35019","0"
"Harding","0","1","New Mexico","6/14/20","1","0","35021","0"
"Hidalgo","0","3","New Mexico","6/14/20","1","2","35023","200"
"Lea","2","42","New Mexico","6/14/20","29","13","35025","44.83"
"Lincoln","0","6","New Mexico","6/14/20","5","1","35027","20"
"Los Alamos","0","7","New Mexico","6/14/20","6","1","35028","16.67"
"Luna","2","27","New Mexico","6/14/20","12","15","35029","125"
"McKinley","31","2912","New Mexico","6/14/20","2694","218","35031","8.09"
"Otero","0","29","New Mexico","6/14/20","26","3","35035","11.54"
"Quay","0","4","New Mexico","6/14/20","5","-1","35037","-20"
"Rio Arriba","1","60","New Mexico","6/14/20","54","6","35039","11.11"
"Roosevelt","2","53","New Mexico","6/14/20","42","11","35041","26.19"
"San Juan","19","2098","New Mexico","6/14/20","1966","132","35045","6.71"
"San Miguel","0","16","New Mexico","6/14/20","15","1","35047","6.67"
"Sandoval","5","630","New Mexico","6/14/20","597","33","35043","5.53"
"Santa Fe","2","170","New Mexico","6/14/20","155","15","35049","9.68"
"Sierra","0","4","New Mexico","6/14/20","1","3","35051","300"
"Socorro","0","55","New Mexico","6/14/20","55","0","35053","0"
"Taos","0","32","New Mexico","6/14/20","31","1","35055","3.23"
"Torrance","0","34","New Mexico","6/14/20","35","-1","35057","-2.86"
"Union","0","5","New Mexico","6/14/20","5","0","35059","0"
"Valencia","1","89","New Mexico","6/14/20","81","8","35061","9.88"
"Albany","8","2020","New York","6/14/20","1961","59","36001","3.01"
"Allegany","0","54","New York","6/14/20","51","3","36003","5.88"
"Broome","4","651","New York","6/14/20","620","31","36007","5"
"Cattaraugus","1","104","New York","6/14/20","94","10","36009","10.64"
"Cayuga","1","106","New York","6/14/20","101","5","36011","4.95"
"Chautauqua","1","107","New York","6/14/20","101","6","36013","5.94"
"Chemung","0","138","New York","6/14/20","137","1","36015","0.73"
"Chenango","1","138","New York","6/14/20","134","4","36017","2.99"
"Clinton","0","98","New York","6/14/20","97","1","36019","1.03"
"Columbia","3","436","New York","6/14/20","414","22","36021","5.31"
"Cortland","0","42","New York","6/14/20","41","1","36023","2.44"
"Delaware","0","88","New York","6/14/20","85","3","36025","3.53"
"Dutchess","8","4056","New York","6/14/20","4000","56","36027","1.4"
"Erie","43","6785","New York","6/14/20","6486","299","36029","4.61"
"Essex","0","40","New York","6/14/20","38","2","36031","5.26"
"Franklin","0","25","New York","6/14/20","23","2","36033","8.7"
"Fulton","1","234","New York","6/14/20","224","10","36035","4.46"
"Genesee","1","212","New York","6/14/20","208","4","36037","1.92"
"Greene","1","251","New York","6/14/20","246","5","36039","2.03"
"Hamilton","0","6","New York","6/14/20","5","1","36041","20"
"Herkimer","1","128","New York","6/14/20","123","5","36043","4.07"
"Jefferson","1","81","New York","6/14/20","77","4","36045","5.19"
"Lewis","0","20","New York","6/14/20","20","0","36049","0"
"Livingston","0","123","New York","6/14/20","121","2","36051","1.65"
"Madison","1","334","New York","6/14/20","327","7","36053","2.14"
"Monroe","26","3370","New York","6/14/20","3190","180","36055","5.64"
"Montgomery","1","104","New York","6/14/20","100","4","36057","4"
"Nassau","43","41204","New York","6/14/20","40904","300","36059","0.73"
"New York","416","209878","New York","6/14/20","206969","2909","36061","1.41"
"Niagara","8","1166","New York","6/14/20","1112","54","36063","4.86"
"Oneida","19","1273","New York","6/14/20","1143","130","36065","11.37"
"Onondaga","18","2519","New York","6/14/20","2392","127","36067","5.31"
"Ontario","2","233","New York","6/14/20","221","12","36069","5.43"
"Orange","8","10571","New York","6/14/20","10514","57","36071","0.54"
"Orleans","2","267","New York","6/14/20","255","12","36073","4.71"
"Oswego","1","122","New York","6/14/20","115","7","36075","6.09"
"Otsego","1","80","New York","6/14/20","74","6","36077","8.11"
"Putnam","2","1288","New York","6/14/20","1277","11","36079","0.86"
"Rensselaer","2","513","New York","6/14/20","502","11","36083","2.19"
"Rockland","14","13423","New York","6/14/20","13325","98","36087","0.74"
"Saratoga","2","515","New York","6/14/20","502","13","36091","2.59"
"Schenectady","2","725","New York","6/14/20","711","14","36093","1.97"
"Schoharie","0","54","New York","6/14/20","54","0","36095","0"
"Schuyler","0","12","New York","6/14/20","12","0","36097","0"
"Seneca","0","63","New York","6/14/20","61","2","36099","3.28"
"St. Lawrence","1","215","New York","6/14/20","209","6","36089","2.87"
"Steuben","1","255","New York","6/14/20","251","4","36101","1.59"
"Suffolk","47","40659","New York","6/14/20","40329","330","36103","0.82"
"Sullivan","2","1430","New York","6/14/20","1415","15","36105","1.06"
"Tioga","1","139","New York","6/14/20","134","5","36107","3.73"
"Tompkins","0","173","New York","6/14/20","171","2","36109","1.17"
"Ulster","3","1741","New York","6/14/20","1718","23","36111","1.34"
"Warren","0","257","New York","6/14/20","257","0","36113","0"
"Washington","0","243","New York","6/14/20","240","3","36115","1.25"
"Wayne","1","133","New York","6/14/20","124","9","36117","7.26"
"Westchester","48","34290","New York","6/14/20","33954","336","36119","0.99"
"Wyoming","0","92","New York","6/14/20","89","3","36121","3.37"
"Yates","0","40","New York","6/14/20","39","1","36123","2.56"
"Alamance","40","742","North Carolina","6/14/20","465","277","37001","59.57"
"Alexander","1","49","North Carolina","6/14/20","43","6","37003","13.95"
"Alleghany","0","30","North Carolina","6/14/20","28","2","37005","7.14"
"Anson","2","86","North Carolina","6/14/20","72","14","37007","19.44"
"Ashe","0","43","North Carolina","6/14/20","40","3","37009","7.5"
"Avery","0","6","North Carolina","6/14/20","3","3","37011","100"
"Beaufort","1","51","North Carolina","6/14/20","43","8","37013","18.6"
"Bertie","0","135","North Carolina","6/14/20","134","1","37015","0.75"
"Bladen","5","194","North Carolina","6/14/20","162","32","37017","19.75"
"Brunswick","13","230","North Carolina","6/14/20","142","88","37019","61.97"
"Buncombe","8","449","North Carolina","6/14/20","396","53","37021","13.38"
"Burke","33","775","North Carolina","6/14/20","547","228","37023","41.68"
"Cabarrus","18","711","North Carolina","6/14/20","588","123","37025","20.92"
"Caldwell","7","248","North Carolina","6/14/20","201","47","37027","23.38"
"Camden","0","6","North Carolina","6/14/20","3","3","37029","100"
"Carteret","1","46","North Carolina","6/14/20","39","7","37031","17.95"
"Caswell","1","102","North Carolina","6/14/20","96","6","37033","6.25"
"Catawba","18","417","North Carolina","6/14/20","293","124","37035","42.32"
"Chatham","12","808","North Carolina","6/14/20","723","85","37037","11.76"
"Cherokee","0","30","North Carolina","6/14/20","30","0","37039","0"
"Chowan","0","19","North Carolina","6/14/20","17","2","37041","11.76"
"Clay","0","9","North Carolina","6/14/20","8","1","37043","12.5"
"Cleveland","5","159","North Carolina","6/14/20","121","38","37045","31.4"
"Columbus","7","419","North Carolina","6/14/20","368","51","37047","13.86"
"Craven","5","264","North Carolina","6/14/20","232","32","37049","13.79"
"Cumberland","16","888","North Carolina","6/14/20","775","113","37051","14.58"
"Currituck","0","16","North Carolina","6/14/20","15","1","37053","6.67"
"Dare","0","25","North Carolina","6/14/20","22","3","37055","13.64"
"Davidson","19","643","North Carolina","6/14/20","511","132","37057","25.83"
"Davie","3","139","North Carolina","6/14/20","117","22","37059","18.8"
"Duplin","25","1182","North Carolina","6/14/20","1006","176","37061","17.5"
"Durham","78","2662","North Carolina","6/14/20","2114","548","37063","25.92"
"Edgecombe","4","253","North Carolina","6/14/20","228","25","37065","10.96"
"Forsyth","61","2204","North Carolina","6/14/20","1774","430","37067","24.24"
"Franklin","6","230","North Carolina","6/14/20","185","45","37069","24.32"
"Gaston","22","515","North Carolina","6/14/20","364","151","37071","41.48"
"Gates","0","24","North Carolina","6/14/20","24","0","37073","0"
"Graham","0","6","North Carolina","6/14/20","4","2","37075","50"
"Granville","24","668","North Carolina","6/14/20","501","167","37077","33.33"
"Greene","3","118","North Carolina","6/14/20","95","23","37079","24.21"
"Guilford","60","2032","North Carolina","6/14/20","1614","418","37081","25.9"
"Halifax","5","239","North Carolina","6/14/20","201","38","37083","18.91"
"Harnett","11","408","North Carolina","6/14/20","333","75","37085","22.52"
"Haywood","1","65","North Carolina","6/14/20","59","6","37087","10.17"
"Henderson","10","442","North Carolina","6/14/20","373","69","37089","18.5"
"Hertford","2","150","North Carolina","6/14/20","135","15","37091","11.11"
"Hoke","3","299","North Carolina","6/14/20","278","21","37093","7.55"
"Hyde","0","3","North Carolina","6/14/20","2","1","37095","50"
"Iredell","16","441","North Carolina","6/14/20","332","109","37097","32.83"
"Jackson","2","59","North Carolina","6/14/20","47","12","37099","25.53"
"Johnston","33","849","North Carolina","6/14/20","620","229","37101","36.94"
"Jones","0","28","North Carolina","6/14/20","28","0","37103","0"
"Lee","9","590","North Carolina","6/14/20","530","60","37105","11.32"
"Lenoir","8","291","North Carolina","6/14/20","235","56","37107","23.83"
"Lincoln","5","138","North Carolina","6/14/20","101","37","37109","36.63"
"Macon","14","217","North Carolina","6/14/20","121","96","37113","79.34"
"Madison","0","5","North Carolina","6/14/20","4","1","37115","25"
"Martin","3","96","North Carolina","6/14/20","77","19","37117","24.68"
"McDowell","7","151","North Carolina","6/14/20","100","51","37111","51"
"Mecklenburg","232","7131","North Carolina","6/14/20","5509","1622","37119","29.44"
"Mitchell","0","17","North Carolina","6/14/20","17","0","37121","0"
"Montgomery","6","205","North Carolina","6/14/20","162","43","37123","26.54"
"Moore","8","317","North Carolina","6/14/20","259","58","37125","22.39"
"Nash","7","282","North Carolina","6/14/20","236","46","37127","19.49"
"New Hanover","14","356","North Carolina","6/14/20","259","97","37129","37.45"
"Northampton","1","170","North Carolina","6/14/20","165","5","37131","3.03"
"Onslow","4","159","North Carolina","6/14/20","134","25","37133","18.66"
"Orange","11","474","North Carolina","6/14/20","398","76","37135","19.1"
"Pamlico","0","15","North Carolina","6/14/20","12","3","37137","25"
"Pasquotank","2","131","North Carolina","6/14/20","119","12","37139","10.08"
"Pender","5","140","North Carolina","6/14/20","108","32","37141","29.63"
"Perquimans","0","29","North Carolina","6/14/20","26","3","37143","11.54"
"Person","3","79","North Carolina","6/14/20","58","21","37145","36.21"
"Pitt","12","481","North Carolina","6/14/20","394","87","37147","22.08"
"Polk","1","55","North Carolina","6/14/20","47","8","37149","17.02"
"Randolph","18","921","North Carolina","6/14/20","792","129","37151","16.29"
"Richmond","4","209","North Carolina","6/14/20","184","25","37153","13.59"
"Robeson","19","1040","North Carolina","6/14/20","905","135","37155","14.92"
"Rockingham","3","135","North Carolina","6/14/20","115","20","37157","17.39"
"Rowan","18","888","North Carolina","6/14/20","761","127","37159","16.69"
"Rutherford","4","226","North Carolina","6/14/20","198","28","37161","14.14"
"Sampson","23","760","North Carolina","6/14/20","597","163","37163","27.3"
"Scotland","1","107","North Carolina","6/14/20","97","10","37165","10.31"
"Stanly","6","163","North Carolina","6/14/20","118","45","37167","38.14"
"Stokes","1","94","North Carolina","6/14/20","85","9","37169","10.59"
"Surry","8","333","North Carolina","6/14/20","274","59","37171","21.53"
"Swain","2","39","North Carolina","6/14/20","25","14","37173","56"
"Transylvania","0","17","North Carolina","6/14/20","16","1","37175","6.25"
"Tyrrell","0","5","North Carolina","6/14/20","4","1","37177","25"
"Union","20","717","North Carolina","6/14/20","575","142","37179","24.7"
"Vance","7","417","North Carolina","6/14/20","366","51","37181","13.93"
"Wake","111","3011","North Carolina","6/14/20","2235","776","37183","34.72"
"Warren","6","133","North Carolina","6/14/20","89","44","37185","49.44"
"Washington","0","35","North Carolina","6/14/20","32","3","37187","9.38"
"Watauga","0","43","North Carolina","6/14/20","40","3","37189","7.5"
"Wayne","29","1512","North Carolina","6/14/20","1306","206","37191","15.77"
"Wilkes","5","542","North Carolina","6/14/20","509","33","37193","6.48"
"Wilson","9","507","North Carolina","6/14/20","443","64","37195","14.45"
"Yadkin","3","239","North Carolina","6/14/20","216","23","37197","10.65"
"Yancey","1","26","North Carolina","6/14/20","21","5","37199","23.81"
"Barnes","0","9","North Dakota","6/14/20","9","0","38003","0"
"Benson","0","3","North Dakota","6/14/20","2","1","38005","50"
"Bottineau","0","4","North Dakota","6/14/20","3","1","38009","33.33"
"Bowman","0","1","North Dakota","6/14/20","1","0","38011","0"
"Burke","0","5","North Dakota","6/14/20","5","0","38013","0"
"Burleigh","3","165","North Dakota","6/14/20","142","23","38015","16.2"
"Cass","19","2044","North Dakota","6/14/20","1911","133","38017","6.96"
"Dickey","0","3","North Dakota","6/14/20","1","2","38021","200"
"Divide","0","1","North Dakota","6/14/20","1","0","38023","0"
"Dunn","0","11","North Dakota","6/14/20","11","0","38025","0"
"Eddy","0","5","North Dakota","6/14/20","5","0","38027","0"
"Emmons","0","4","North Dakota","6/14/20","4","0","38029","0"
"Foster","0","1","North Dakota","6/14/20","1","0","38031","0"
"Grand Forks","1","343","North Dakota","6/14/20","337","6","38035","1.78"
"Grant","0","2","North Dakota","6/14/20","2","0","38037","0"
"Griggs","0","1","North Dakota","6/14/20","1","0","38039","0"
"Kidder","0","2","North Dakota","6/14/20","0","2","38043","1"
"LaMoure","1","10","North Dakota","6/14/20","1","9","38045","900"
"McHenry","0","2","North Dakota","6/14/20","2","0","38049","0"
"McIntosh","0","1","North Dakota","6/14/20","1","0","38051","0"
"McKenzie","0","21","North Dakota","6/14/20","18","3","38053","16.67"
"McLean","0","10","North Dakota","6/14/20","7","3","38055","42.86"
"Mercer","0","6","North Dakota","6/14/20","6","0","38057","0"
"Morton","1","65","North Dakota","6/14/20","60","5","38059","8.33"
"Mountrail","0","43","North Dakota","6/14/20","43","0","38061","0"
"Nelson","0","1","North Dakota","6/14/20","1","0","38063","0"
"Oliver","0","1","North Dakota","6/14/20","1","0","38065","0"
"Pembina","0","7","North Dakota","6/14/20","6","1","38067","16.67"
"Pierce","0","3","North Dakota","6/14/20","3","0","38069","0"
"Ramsey","0","8","North Dakota","6/14/20","8","0","38071","0"
"Ransom","0","12","North Dakota","6/14/20","11","1","38073","9.09"
"Renville","0","3","North Dakota","6/14/20","3","0","38075","0"
"Richland","1","37","North Dakota","6/14/20","28","9","38077","32.14"
"Rolette","0","7","North Dakota","6/14/20","6","1","38079","16.67"
"Sargent","0","4","North Dakota","6/14/20","4","0","38081","0"
"Sheridan","0","1","North Dakota","6/14/20","1","0","38083","0"
"Sioux","0","3","North Dakota","6/14/20","2","1","38085","50"
"Slope","0","3","North Dakota","6/14/20","3","0","38087","0"
"Stark","0","63","North Dakota","6/14/20","62","1","38089","1.61"
"Steele","0","1","North Dakota","6/14/20","1","0","38091","0"
"Stutsman","1","52","North Dakota","6/14/20","42","10","38093","23.81"
"Traill","0","15","North Dakota","6/14/20","14","1","38097","7.14"
"Walsh","0","16","North Dakota","6/14/20","16","0","38099","0"
"Ward","0","47","North Dakota","6/14/20","44","3","38101","6.82"
"Wells","0","8","North Dakota","6/14/20","6","2","38103","33.33"
"Williams","0","26","North Dakota","6/14/20","25","1","38105","4"
"","0","30","Northern Mariana Islands","6/14/20","27","3",,"11.11"
"Adams","1","15","Ohio","6/14/20","11","4","39001","36.36"
"Allen","3","240","Ohio","6/14/20","222","18","39003","8.11"
"Ashland","1","28","Ohio","6/14/20","24","4","39005","16.67"
"Ashtabula","2","385","Ohio","6/14/20","372","13","39007","3.49"
"Athens","1","23","Ohio","6/14/20","18","5","39009","27.78"
"Auglaize","1","85","Ohio","6/14/20","78","7","39011","8.97"
"Belmont","2","467","Ohio","6/14/20","451","16","39013","3.55"
"Brown","1","39","Ohio","6/14/20","31","8","39015","25.81"
"Butler","13","1090","Ohio","6/14/20","999","91","39017","9.11"
"Carroll","0","37","Ohio","6/14/20","36","1","39019","2.78"
"Champaign","0","34","Ohio","6/14/20","33","1","39021","3.03"
"Clark","8","409","Ohio","6/14/20","355","54","39023","15.21"
"Clermont","2","238","Ohio","6/14/20","227","11","39025","4.85"
"Clinton","1","53","Ohio","6/14/20","47","6","39027","12.77"
"Columbiana","3","917","Ohio","6/14/20","896","21","39029","2.34"
"Coshocton","0","51","Ohio","6/14/20","48","3","39031","6.25"
"Crawford","0","122","Ohio","6/14/20","120","2","39033","1.67"
"Cuyahoga","45","5175","Ohio","6/14/20","4858","317","39035","6.53"
"Darke","4","222","Ohio","6/14/20","193","29","39037","15.03"
"Defiance","1","40","Ohio","6/14/20","36","4","39039","11.11"
"Delaware","4","398","Ohio","6/14/20","368","30","39041","8.15"
"Erie","3","210","Ohio","6/14/20","189","21","39043","11.11"
"Fairfield","5","364","Ohio","6/14/20","326","38","39045","11.66"
"Fayette","0","45","Ohio","6/14/20","42","3","39047","7.14"
"Franklin","81","7076","Ohio","6/14/20","6512","564","39049","8.66"
"Fulton","1","53","Ohio","6/14/20","46","7","39051","15.22"
"Gallia","0","9","Ohio","6/14/20","9","0","39053","0"
"Geauga","4","334","Ohio","6/14/20","309","25","39055","8.09"
"Greene","3","135","Ohio","6/14/20","111","24","39057","21.62"
"Guernsey","0","44","Ohio","6/14/20","42","2","39059","4.76"
"Hamilton","46","3185","Ohio","6/14/20","2860","325","39061","11.36"
"Hancock","1","61","Ohio","6/14/20","56","5","39063","8.93"
"Hardin","3","93","Ohio","6/14/20","73","20","39065","27.4"
"Harrison","0","10","Ohio","6/14/20","10","0","39067","0"
"Henry","0","20","Ohio","6/14/20","18","2","39069","11.11"
"Highland","1","34","Ohio","6/14/20","29","5","39071","17.24"
"Hocking","0","73","Ohio","6/14/20","71","2","39073","2.82"
"Holmes","3","87","Ohio","6/14/20","68","19","39075","27.94"
"Huron","2","77","Ohio","6/14/20","63","14","39077","22.22"
"Jackson","0","16","Ohio","6/14/20","15","1","39079","6.67"
"Jefferson","0","70","Ohio","6/14/20","68","2","39081","2.94"
"Knox","0","31","Ohio","6/14/20","28","3","39083","10.71"
"Lake","2","347","Ohio","6/14/20","331","16","39085","4.83"
"Lawrence","0","32","Ohio","6/14/20","30","2","39087","6.67"
"Licking","5","312","Ohio","6/14/20","277","35","39089","12.64"
"Logan","1","48","Ohio","6/14/20","44","4","39091","9.09"
"Lorain","7","794","Ohio","6/14/20","747","47","39093","6.29"
"Lucas","11","2428","Ohio","6/14/20","2348","80","39095","3.41"
"Madison","0","168","Ohio","6/14/20","166","2","39097","1.2"
"Mahoning","12","1595","Ohio","6/14/20","1511","84","39099","5.56"
"Marion","2","2706","Ohio","6/14/20","2691","15","39101","0.56"
"Medina","1","397","Ohio","6/14/20","387","10","39103","2.58"
"Meigs","0","6","Ohio","6/14/20","6","0","39105","0"
"Mercer","2","245","Ohio","6/14/20","233","12","39107","5.15"
"Miami","2","386","Ohio","6/14/20","374","12","39109","3.21"
"Monroe","0","82","Ohio","6/14/20","80","2","39111","2.5"
"Montgomery","25","969","Ohio","6/14/20","791","178","39113","22.5"
"Morgan","0","6","Ohio","6/14/20","6","0","39115","0"
"Morrow","0","110","Ohio","6/14/20","108","2","39117","1.85"
"Muskingum","0","57","Ohio","6/14/20","56","1","39119","1.79"
"Noble","0","6","Ohio","6/14/20","6","0","39121","0"
"Ottawa","1","117","Ohio","6/14/20","109","8","39123","7.34"
"Paulding","0","14","Ohio","6/14/20","14","0","39125","0"
"Perry","0","23","Ohio","6/14/20","20","3","39127","15"
"Pickaway","3","2125","Ohio","6/14/20","2106","19","39129","0.9"
"Pike","0","9","Ohio","6/14/20","9","0","39131","0"
"Portage","2","353","Ohio","6/14/20","339","14","39133","4.13"
"Preble","1","43","Ohio","6/14/20","39","4","39135","10.26"
"Putnam","1","101","Ohio","6/14/20","97","4","39137","4.12"
"Richland","3","249","Ohio","6/14/20","231","18","39139","7.79"
"Ross","1","79","Ohio","6/14/20","74","5","39141","6.76"
"Sandusky","1","103","Ohio","6/14/20","95","8","39143","8.42"
"Scioto","0","21","Ohio","6/14/20","18","3","39145","16.67"
"Seneca","0","29","Ohio","6/14/20","27","2","39147","7.41"
"Shelby","0","49","Ohio","6/14/20","49","0","39149","0"
"Stark","7","863","Ohio","6/14/20","817","46","39151","5.63"
"Summit","17","1666","Ohio","6/14/20","1548","118","39153","7.62"
"Trumbull","6","656","Ohio","6/14/20","612","44","39155","7.19"
"Tuscarawas","3","399","Ohio","6/14/20","378","21","39157","5.56"
"Union","1","62","Ohio","6/14/20","58","4","39159","6.9"
"Van Wert","1","13","Ohio","6/14/20","8","5","39161","62.5"
"Vinton","0","22","Ohio","6/14/20","20","2","39163","10"
"Warren","13","512","Ohio","6/14/20","419","93","39165","22.2"
"Washington","0","118","Ohio","6/14/20","118","0","39167","0"
"Wayne","1","306","Ohio","6/14/20","298","8","39169","2.68"
"Williams","0","58","Ohio","6/14/20","58","0","39171","0"
"Wood","2","321","Ohio","6/14/20","307","14","39173","4.56"
"Wyandot","0","48","Ohio","6/14/20","48","0","39175","0"
"Adair","0","96","Oklahoma","6/14/20","94","2","40001","2.13"
"Alfalfa","0","1","Oklahoma","6/14/20","1","0","40003","0"
"Atoka","1","8","Oklahoma","6/14/20","4","4","40005","100"
"Beaver","0","30","Oklahoma","6/14/20","27","3","40007","11.11"
"Beckham","0","8","Oklahoma","6/14/20","7","1","40009","14.29"
"Blaine","0","10","Oklahoma","6/14/20","9","1","40011","11.11"
"Bryan","2","48","Oklahoma","6/14/20","36","12","40013","33.33"
"Caddo","1","175","Oklahoma","6/14/20","170","5","40015","2.94"
"Canadian","1","150","Oklahoma","6/14/20","142","8","40017","5.63"
"Carter","1","57","Oklahoma","6/14/20","52","5","40019","9.62"
"Cherokee","2","48","Oklahoma","6/14/20","33","15","40021","45.45"
"Choctaw","1","102","Oklahoma","6/14/20","98","4","40023","4.08"
"Cimarron","0","1","Oklahoma","6/14/20","1","0","40025","0"
"Cleveland","4","546","Oklahoma","6/14/20","520","26","40027","5"
"Coal","0","6","Oklahoma","6/14/20","5","1","40029","20"
"Comanche","4","337","Oklahoma","6/14/20","310","27","40031","8.71"
"Cotton","0","5","Oklahoma","6/14/20","5","0","40033","0"
"Craig","0","16","Oklahoma","6/14/20","16","0","40035","0"
"Creek","1","106","Oklahoma","6/14/20","100","6","40037","6"
"Custer","1","41","Oklahoma","6/14/20","34","7","40039","20.59"
"Delaware","1","108","Oklahoma","6/14/20","102","6","40041","5.88"
"Dewey","0","4","Oklahoma","6/14/20","2","2","40043","100"
"Garfield","2","47","Oklahoma","6/14/20","30","17","40047","56.67"
"Garvin","1","28","Oklahoma","6/14/20","20","8","40049","40"
"Grady","0","117","Oklahoma","6/14/20","115","2","40051","1.74"
"Grant","0","2","Oklahoma","6/14/20","2","0","40053","0"
"Greer","0","66","Oklahoma","6/14/20","66","0","40055","0"
"Harper","0","1","Oklahoma","6/14/20","1","0","40059","0"
"Haskell","0","6","Oklahoma","6/14/20","6","0","40061","0"
"Hughes","0","3","Oklahoma","6/14/20","3","0","40063","0"
"Jackson","0","30","Oklahoma","6/14/20","28","2","40065","7.14"
"Jefferson","0","4","Oklahoma","6/14/20","4","0","40067","0"
"Johnston","0","5","Oklahoma","6/14/20","3","2","40069","66.67"
"Kay","1","65","Oklahoma","6/14/20","59","6","40071","10.17"
"Kingfisher","0","12","Oklahoma","6/14/20","12","0","40073","0"
"Kiowa","0","6","Oklahoma","6/14/20","6","0","40075","0"
"Latimer","0","6","Oklahoma","6/14/20","5","1","40077","20"
"Le Flore","1","20","Oklahoma","6/14/20","15","5","40079","33.33"
"Lincoln","0","24","Oklahoma","6/14/20","22","2","40081","9.09"
"Logan","0","23","Oklahoma","6/14/20","21","2","40083","9.52"
"Love","1","23","Oklahoma","6/14/20","17","6","40085","35.29"
"Major","0","6","Oklahoma","6/14/20","6","0","40093","0"
"Marshall","1","15","Oklahoma","6/14/20","11","4","40095","36.36"
"Mayes","3","56","Oklahoma","6/14/20","34","22","40097","64.71"
"McClain","1","116","Oklahoma","6/14/20","109","7","40087","6.42"
"McCurtain","9","148","Oklahoma","6/14/20","84","64","40089","76.19"
"McIntosh","0","16","Oklahoma","6/14/20","14","2","40091","14.29"
"Murray","1","11","Oklahoma","6/14/20","6","5","40099","83.33"
"Muskogee","2","77","Oklahoma","6/14/20","62","15","40101","24.19"
"Noble","1","14","Oklahoma","6/14/20","7","7","40103","100"
"Nowata","0","25","Oklahoma","6/14/20","24","1","40105","4.17"
"Okfuskee","0","6","Oklahoma","6/14/20","5","1","40107","20"
"Oklahoma","33","1597","Oklahoma","6/14/20","1369","228","40109","16.65"
"Okmulgee","1","30","Oklahoma","6/14/20","26","4","40111","15.38"
"Osage","2","112","Oklahoma","6/14/20","101","11","40113","10.89"
"Ottawa","0","37","Oklahoma","6/14/20","35","2","40115","5.71"
"Pawnee","1","41","Oklahoma","6/14/20","34","7","40117","20.59"
"Payne","7","100","Oklahoma","6/14/20","48","52","40119","108.33"
"Pittsburg","0","43","Oklahoma","6/14/20","42","1","40121","2.38"
"Pontotoc","0","21","Oklahoma","6/14/20","18","3","40123","16.67"
"Pottawatomie","1","71","Oklahoma","6/14/20","64","7","40125","10.94"
"Pushmataha","0","7","Oklahoma","6/14/20","5","2","40127","40"
"Rogers","2","97","Oklahoma","6/14/20","85","12","40131","14.12"
"Seminole","0","31","Oklahoma","6/14/20","30","1","40133","3.33"
"Sequoyah","1","21","Oklahoma","6/14/20","17","4","40135","23.53"
"Stephens","0","45","Oklahoma","6/14/20","44","1","40137","2.27"
"Texas","4","975","Oklahoma","6/14/20","947","28","40139","2.96"
"Tillman","0","23","Oklahoma","6/14/20","23","0","40141","0"
"Tulsa","54","1564","Oklahoma","6/14/20","1188","376","40143","31.65"
"Wagoner","2","169","Oklahoma","6/14/20","156","13","40145","8.33"
"Washington","1","348","Oklahoma","6/14/20","340","8","40147","2.35"
"Washita","0","2","Oklahoma","6/14/20","2","0","40149","0"
"Woods","0","5","Oklahoma","6/14/20","4","1","40151","25"
"Woodward","1","11","Oklahoma","6/14/20","7","4","40153","57.14"
"Baker","0","1","Oregon","6/14/20","1","0","41001","0"
"Benton","0","63","Oregon","6/14/20","62","1","41003","1.61"
"Clackamas","19","482","Oregon","6/14/20","346","136","41005","39.31"
"Clatsop","0","46","Oregon","6/14/20","45","1","41007","2.22"
"Columbia","1","22","Oregon","6/14/20","16","6","41009","37.5"
"Coos","0","32","Oregon","6/14/20","32","0","41011","0"
"Crook","0","8","Oregon","6/14/20","6","2","41013","33.33"
"Curry","0","7","Oregon","6/14/20","7","0","41015","0"
"Deschutes","1","137","Oregon","6/14/20","133","4","41017","3.01"
"Douglas","0","29","Oregon","6/14/20","29","0","41019","0"
"Grant","0","1","Oregon","6/14/20","1","0","41023","0"
"Harney","0","1","Oregon","6/14/20","1","0","41025","0"
"Hood River","5","81","Oregon","6/14/20","44","37","41027","84.09"
"Jackson","1","81","Oregon","6/14/20","71","10","41029","14.08"
"Jefferson","1","67","Oregon","6/14/20","57","10","41031","17.54"
"Josephine","0","23","Oregon","6/14/20","23","0","41033","0"
"Klamath","1","51","Oregon","6/14/20","45","6","41035","13.33"
"Lake","0","4","Oregon","6/14/20","2","2","41037","100"
"Lane","1","89","Oregon","6/14/20","80","9","41039","11.25"
"Lincoln","25","206","Oregon","6/14/20","33","173","41041","524.24"
"Linn","0","126","Oregon","6/14/20","124","2","41043","1.61"
"Malheur","0","36","Oregon","6/14/20","34","2","41045","5.88"
"Marion","19","1175","Oregon","6/14/20","1039","136","41047","13.09"
"Morrow","0","15","Oregon","6/14/20","13","2","41049","15.38"
"Multnomah","36","1519","Oregon","6/14/20","1264","255","41051","20.17"
"Polk","3","124","Oregon","6/14/20","103","21","41053","20.39"
"Sherman","0","1","Oregon","6/14/20","1","0","41055","0"
"Tillamook","0","6","Oregon","6/14/20","6","0","41057","0"
"Umatilla","6","171","Oregon","6/14/20","131","40","41059","30.53"
"Union","2","22","Oregon","6/14/20","6","16","41061","266.67"
"Wallowa","0","4","Oregon","6/14/20","3","1","41063","33.33"
"Wasco","1","39","Oregon","6/14/20","33","6","41065","18.18"
"Washington","12","876","Oregon","6/14/20","790","86","41067","10.89"
"Yamhill","1","91","Oregon","6/14/20","81","10","41071","12.35"
"Adams","2","290","Pennsylvania","6/14/20","273","17","42001","6.23"
"Allegheny","11","2079","Pennsylvania","6/14/20","2003","76","42003","3.79"
"Armstrong","0","66","Pennsylvania","6/14/20","65","1","42005","1.54"
"Beaver","1","611","Pennsylvania","6/14/20","603","8","42007","1.33"
"Bedford","1","48","Pennsylvania","6/14/20","44","4","42009","9.09"
"Berks","17","4319","Pennsylvania","6/14/20","4201","118","42011","2.81"
"Blair","0","55","Pennsylvania","6/14/20","53","2","42013","3.77"
"Bradford","0","47","Pennsylvania","6/14/20","46","1","42015","2.17"
"Bucks","24","5428","Pennsylvania","6/14/20","5261","167","42017","3.17"
"Butler","1","257","Pennsylvania","6/14/20","247","10","42019","4.05"
"Cambria","0","61","Pennsylvania","6/14/20","59","2","42021","3.39"
"Cameron","0","2","Pennsylvania","6/14/20","2","0","42023","0"
"Carbon","1","259","Pennsylvania","6/14/20","249","10","42025","4.02"
"Centre","2","169","Pennsylvania","6/14/20","156","13","42027","8.33"
"Chester","35","3295","Pennsylvania","6/14/20","3053","242","42029","7.93"
"Clarion","1","31","Pennsylvania","6/14/20","27","4","42031","14.81"
"Clearfield","2","55","Pennsylvania","6/14/20","44","11","42033","25"
"Clinton","0","63","Pennsylvania","6/14/20","60","3","42035","5"
"Columbia","2","378","Pennsylvania","6/14/20","364","14","42037","3.85"
"Crawford","1","36","Pennsylvania","6/14/20","30","6","42039","20"
"Cumberland","8","728","Pennsylvania","6/14/20","669","59","42041","8.82"
"Dauphin","22","1634","Pennsylvania","6/14/20","1481","153","42043","10.33"
"Delaware","29","6888","Pennsylvania","6/14/20","6688","200","42045","2.99"
"Elk","0","6","Pennsylvania","6/14/20","6","0","42047","0"
"Erie","13","459","Pennsylvania","6/14/20","367","92","42049","25.07"
"Fayette","0","95","Pennsylvania","6/14/20","95","0","42051","0"
"Forest","0","7","Pennsylvania","6/14/20","7","0","42053","0"
"Franklin","7","842","Pennsylvania","6/14/20","795","47","42055","5.91"
"Fulton","0","16","Pennsylvania","6/14/20","16","0","42057","0"
"Greene","0","30","Pennsylvania","6/14/20","27","3","42059","11.11"
"Huntingdon","0","239","Pennsylvania","6/14/20","236","3","42061","1.27"
"Indiana","0","93","Pennsylvania","6/14/20","92","1","42063","1.09"
"Jefferson","0","18","Pennsylvania","6/14/20","16","2","42065","12.5"
"Juniata","2","108","Pennsylvania","6/14/20","97","11","42067","11.34"
"Lackawanna","3","1601","Pennsylvania","6/14/20","1583","18","42069","1.14"
"Lancaster","42","3752","Pennsylvania","6/14/20","3461","291","42071","8.41"
"Lawrence","0","87","Pennsylvania","6/14/20","85","2","42073","2.35"
"Lebanon","17","1182","Pennsylvania","6/14/20","1062","120","42075","11.3"
"Lehigh","14","3953","Pennsylvania","6/14/20","3858","95","42077","2.46"
"Luzerne","5","2830","Pennsylvania","6/14/20","2793","37","42079","1.32"
"Lycoming","1","171","Pennsylvania","6/14/20","167","4","42081","2.4"
"McKean","0","13","Pennsylvania","6/14/20","13","0","42083","0"
"Mercer","0","114","Pennsylvania","6/14/20","111","3","42085","2.7"
"Mifflin","0","59","Pennsylvania","6/14/20","59","0","42087","0"
"Monroe","1","1347","Pennsylvania","6/14/20","1338","9","42089","0.67"
"Montgomery","45","7898","Pennsylvania","6/14/20","7582","316","42091","4.17"
"Montour","2","64","Pennsylvania","6/14/20","53","11","42093","20.75"
"Northampton","13","3240","Pennsylvania","6/14/20","3151","89","42095","2.82"
"Northumberland","2","224","Pennsylvania","6/14/20","209","15","42097","7.18"
"Perry","1","72","Pennsylvania","6/14/20","68","4","42099","5.88"
"Philadelphia","116","24338","Pennsylvania","6/14/20","23529","809","42101","3.44"
"Pike","0","482","Pennsylvania","6/14/20","482","0","42103","0"
"Potter","0","13","Pennsylvania","6/14/20","11","2","42105","18.18"
"Schuylkill","4","685","Pennsylvania","6/14/20","656","29","42107","4.42"
"Snyder","1","59","Pennsylvania","6/14/20","55","4","42109","7.27"
"Somerset","0","40","Pennsylvania","6/14/20","39","1","42111","2.56"
"Sullivan","0","3","Pennsylvania","6/14/20","3","0","42113","0"
"Susquehanna","3","170","Pennsylvania","6/14/20","148","22","42115","14.86"
"Tioga","0","20","Pennsylvania","6/14/20","19","1","42117","5.26"
"Union","1","83","Pennsylvania","6/14/20","73","10","42119","13.7"
"Venango","0","17","Pennsylvania","6/14/20","15","2","42121","13.33"
"Warren","0","5","Pennsylvania","6/14/20","5","0","42123","0"
"Washington","1","155","Pennsylvania","6/14/20","147","8","42125","5.44"
"Wayne","0","126","Pennsylvania","6/14/20","126","0","42127","0"
"Westmoreland","4","490","Pennsylvania","6/14/20","459","31","42129","6.75"
"Wyoming","0","36","Pennsylvania","6/14/20","34","2","42131","5.88"
"York","11","1162","Pennsylvania","6/14/20","1082","80","42133","7.39"
"","118","5811","Puerto Rico","6/14/20","4985","826",,"16.57"
"Bristol","1","231","Rhode Island","6/14/20","224","7","44001","3.12"
"Kent","8","1105","Rhode Island","6/14/20","1052","53","44003","5.04"
"Newport","4","269","Rhode Island","6/14/20","244","25","44005","10.25"
"Providence","130","11959","Rhode Island","6/14/20","11052","907","44007","8.21"
"Washington","2","513","Rhode Island","6/14/20","499","14","44009","2.81"
"Abbeville","2","67","South Carolina","6/14/20","51","16","45001","31.37"
"Aiken","3","232","South Carolina","6/14/20","208","24","45003","11.54"
"Allendale","0","40","South Carolina","6/14/20","39","1","45005","2.56"
"Anderson","9","341","South Carolina","6/14/20","279","62","45007","22.22"
"Bamberg","1","45","South Carolina","6/14/20","36","9","45009","25"
"Barnwell","0","54","South Carolina","6/14/20","54","0","45011","0"
"Beaufort","23","590","South Carolina","6/14/20","430","160","45013","37.21"
"Berkeley","16","386","South Carolina","6/14/20","273","113","45015","41.39"
"Calhoun","2","33","South Carolina","6/14/20","21","12","45017","57.14"
"Charleston","45","1092","South Carolina","6/14/20","776","316","45019","40.72"
"Cherokee","3","92","South Carolina","6/14/20","69","23","45021","33.33"
"Chester","2","120","South Carolina","6/14/20","103","17","45023","16.5"
"Chesterfield","6","291","South Carolina","6/14/20","247","44","45025","17.81"
"Clarendon","4","335","South Carolina","6/14/20","306","29","45027","9.48"
"Colleton","8","198","South Carolina","6/14/20","142","56","45029","39.44"
"Darlington","3","350","South Carolina","6/14/20","328","22","45031","6.71"
"Dillon","2","201","South Carolina","6/14/20","188","13","45033","6.91"
"Dorchester","8","265","South Carolina","6/14/20","206","59","45035","28.64"
"Edgefield","1","60","South Carolina","6/14/20","56","4","45037","7.14"
"Fairfield","3","227","South Carolina","6/14/20","206","21","45039","10.19"
"Florence","14","814","South Carolina","6/14/20","717","97","45041","13.53"
"Georgetown","11","164","South Carolina","6/14/20","85","79","45043","92.94"
"Greenville","123","2920","South Carolina","6/14/20","2060","860","45045","41.75"
"Greenwood","19","304","South Carolina","6/14/20","172","132","45047","76.74"
"Hampton","1","50","South Carolina","6/14/20","41","9","45049","21.95"
"Horry","74","1133","South Carolina","6/14/20","618","515","45051","83.33"
"Jasper","1","54","South Carolina","6/14/20","47","7","45053","14.89"
"Kershaw","9","444","South Carolina","6/14/20","379","65","45055","17.15"
"Lancaster","6","246","South Carolina","6/14/20","201","45","45057","22.39"
"Laurens","7","140","South Carolina","6/14/20","88","52","45059","59.09"
"Lee","1","236","South Carolina","6/14/20","229","7","45061","3.06"
"Lexington","46","1155","South Carolina","6/14/20","836","319","45063","38.16"
"Marion","3","103","South Carolina","6/14/20","84","19","45067","22.62"
"Marlboro","4","236","South Carolina","6/14/20","206","30","45069","14.56"
"McCormick","0","11","South Carolina","6/14/20","10","1","45065","10"
"Newberry","3","99","South Carolina","6/14/20","79","20","45071","25.32"
"Oconee","3","81","South Carolina","6/14/20","58","23","45073","39.66"
"Orangeburg","15","359","South Carolina","6/14/20","255","104","45075","40.78"
"Pickens","14","296","South Carolina","6/14/20","197","99","45077","50.25"
"Richland","67","2215","South Carolina","6/14/20","1748","467","45079","26.72"
"Saluda","2","164","South Carolina","6/14/20","152","12","45081","7.89"
"Spartanburg","25","959","South Carolina","6/14/20","782","177","45083","22.63"
"Sumter","23","626","South Carolina","6/14/20","462","164","45085","35.5"
"Union","1","46","South Carolina","6/14/20","41","5","45087","12.2"
"Williamsburg","4","286","South Carolina","6/14/20","256","30","45089","11.72"
"York","24","635","South Carolina","6/14/20","465","170","45091","36.56"
"Aurora","1","33","South Dakota","6/14/20","29","4","46003","13.79"
"Beadle","9","446","South Dakota","6/14/20","382","64","46005","16.75"
"Bon Homme","0","9","South Dakota","6/14/20","8","1","46009","12.5"
"Brookings","2","34","South Dakota","6/14/20","23","11","46011","47.83"
"Brown","2","311","South Dakota","6/14/20","298","13","46013","4.36"
"Brule","1","10","South Dakota","6/14/20","2","8","46015","400"
"Buffalo","4","52","South Dakota","6/14/20","25","27","46017","108"
"Charles Mix","2","32","South Dakota","6/14/20","20","12","46023","60"
"Clark","1","9","South Dakota","6/14/20","4","5","46025","125"
"Clay","5","65","South Dakota","6/14/20","32","33","46027","103.12"
"Codington","1","46","South Dakota","6/14/20","41","5","46029","12.2"
"Corson","1","11","South Dakota","6/14/20","4","7","46031","175"
"Custer","0","2","South Dakota","6/14/20","1","1","46033","100"
"Davison","1","32","South Dakota","6/14/20","27","5","46035","18.52"
"Day","0","13","South Dakota","6/14/20","13","0","46037","0"
"Deuel","0","1","South Dakota","6/14/20","1","0","46039","0"
"Dewey","0","2","South Dakota","6/14/20","1","1","46041","100"
"Douglas","0","4","South Dakota","6/14/20","4","0","46043","0"
"Edmunds","0","4","South Dakota","6/14/20","3","1","46045","33.33"
"Fall River","0","6","South Dakota","6/14/20","6","0","46047","0"
"Faulk","3","20","South Dakota","6/14/20","2","18","46049","900"
"Grant","0","13","South Dakota","6/14/20","13","0","46051","0"
"Gregory","0","1","South Dakota","6/14/20","1","0","46053","0"
"Hamlin","1","11","South Dakota","6/14/20","6","5","46057","83.33"
"Hand","0","6","South Dakota","6/14/20","5","1","46059","20"
"Hanson","0","3","South Dakota","6/14/20","2","1","46061","50"
"Hughes","0","22","South Dakota","6/14/20","20","2","46065","10"
"Hutchinson","0","8","South Dakota","6/14/20","6","2","46067","33.33"
"Hyde","0","3","South Dakota","6/14/20","1","2","46069","200"
"Jackson","0","5","South Dakota","6/14/20","4","1","46071","25"
"Jerauld","0","40","South Dakota","6/14/20","40","0","46073","0"
"Kingsbury","0","5","South Dakota","6/14/20","5","0","46077","0"
"Lake","0","14","South Dakota","6/14/20","13","1","46079","7.69"
"Lawrence","0","12","South Dakota","6/14/20","12","0","46081","0"
"Lincoln","2","267","South Dakota","6/14/20","254","13","46083","5.12"
"Lyman","1","33","South Dakota","6/14/20","24","9","46085","37.5"
"Marshall","0","4","South Dakota","6/14/20","4","0","46091","0"
"McCook","0","8","South Dakota","6/14/20","6","2","46087","33.33"
"McPherson","0","3","South Dakota","6/14/20","2","1","46089","50"
"Meade","2","36","South Dakota","6/14/20","24","12","46093","50"
"Mellette","0","1","South Dakota","6/14/20","0","1","46095","1"
"Miner","0","3","South Dakota","6/14/20","3","0","46097","0"
"Minnehaha","10","3479","South Dakota","6/14/20","3407","72","46099","2.11"
"Moody","0","20","South Dakota","6/14/20","19","1","46101","5.26"
"Oglala Lakota","1","46","South Dakota","6/14/20","39","7","46102","17.95"
"Pennington","12","386","South Dakota","6/14/20","305","81","46103","26.56"
"Roberts","0","40","South Dakota","6/14/20","38","2","46109","5.26"
"Sanborn","0","13","South Dakota","6/14/20","13","0","46111","0"
"Spink","0","5","South Dakota","6/14/20","5","0","46115","0"
"Stanley","0","11","South Dakota","6/14/20","10","1","46117","10"
"Sully","0","1","South Dakota","6/14/20","1","0","46119","0"
"Todd","1","47","South Dakota","6/14/20","37","10","46121","27.03"
"Tripp","0","7","South Dakota","6/14/20","6","1","46123","16.67"
"Turner","0","25","South Dakota","6/14/20","25","0","46125","0"
"Union","2","113","South Dakota","6/14/20","100","13","46127","13"
"Walworth","0","5","South Dakota","6/14/20","5","0","46129","0"
"Yankton","0","58","South Dakota","6/14/20","55","3","46135","5.45"
"Ziebach","0","2","South Dakota","6/14/20","2","0","46137","0"
"Anderson","2","60","Tennessee","6/14/20","47","13","47001","27.66"
"Bedford","8","379","Tennessee","6/14/20","325","54","47003","16.62"
"Benton","0","8","Tennessee","6/14/20","8","0","47005","0"
"Bledsoe","0","614","Tennessee","6/14/20","614","0","47007","0"
"Blount","1","104","Tennessee","6/14/20","94","10","47009","10.64"
"Bradley","12","281","Tennessee","6/14/20","199","82","47011","41.21"
"Campbell","1","24","Tennessee","6/14/20","18","6","47013","33.33"
"Cannon","0","34","Tennessee","6/14/20","32","2","47015","6.25"
"Carroll","1","36","Tennessee","6/14/20","28","8","47017","28.57"
"Carter","0","20","Tennessee","6/14/20","19","1","47019","5.26"
"Cheatham","1","153","Tennessee","6/14/20","143","10","47021","6.99"
"Chester","0","12","Tennessee","6/14/20","12","0","47023","0"
"Claiborne","0","15","Tennessee","6/14/20","14","1","47025","7.14"
"Clay","0","11","Tennessee","6/14/20","8","3","47027","37.5"
"Cocke","1","26","Tennessee","6/14/20","21","5","47029","23.81"
"Coffee","2","94","Tennessee","6/14/20","81","13","47031","16.05"
"Crockett","0","18","Tennessee","6/14/20","16","2","47033","12.5"
"Cumberland","1","131","Tennessee","6/14/20","125","6","47035","4.8"
"Davidson","126","6682","Tennessee","6/14/20","5801","881","47037","15.19"
"Decatur","1","14","Tennessee","6/14/20","8","6","47039","75"
"DeKalb","0","41","Tennessee","6/14/20","39","2","47041","5.13"
"Dickson","1","135","Tennessee","6/14/20","125","10","47043","8"
"Dyer","4","91","Tennessee","6/14/20","61","30","47045","49.18"
"Fayette","3","172","Tennessee","6/14/20","152","20","47047","13.16"
"Fentress","0","14","Tennessee","6/14/20","12","2","47049","16.67"
"Franklin","1","62","Tennessee","6/14/20","54","8","47051","14.81"
"Gibson","1","68","Tennessee","6/14/20","63","5","47053","7.94"
"Giles","1","22","Tennessee","6/14/20","18","4","47055","22.22"
"Grainger","0","19","Tennessee","6/14/20","16","3","47057","18.75"
"Greene","0","53","Tennessee","6/14/20","52","1","47059","1.92"
"Grundy","0","33","Tennessee","6/14/20","32","1","47061","3.12"
"Hamblen","4","75","Tennessee","6/14/20","45","30","47063","66.67"
"Hamilton","86","1628","Tennessee","6/14/20","1028","600","47065","58.37"
"Hancock","0","1","Tennessee","6/14/20","2","-1","47067","-50"
"Hardeman","1","217","Tennessee","6/14/20","211","6","47069","2.84"
"Hardin","0","33","Tennessee","6/14/20","31","2","47071","6.45"
"Hawkins","0","34","Tennessee","6/14/20","34","0","47073","0"
"Haywood","0","37","Tennessee","6/14/20","36","1","47075","2.78"
"Henderson","0","18","Tennessee","6/14/20","15","3","47077","20"
"Henry","0","35","Tennessee","6/14/20","32","3","47079","9.38"
"Hickman","0","61","Tennessee","6/14/20","62","-1","47081","-1.61"
"Houston","0","10","Tennessee","6/14/20","8","2","47083","25"
"Humphreys","0","18","Tennessee","6/14/20","16","2","47085","12.5"
"Jackson","0","20","Tennessee","6/14/20","19","1","47087","5.26"
"Jefferson","2","45","Tennessee","6/14/20","29","16","47089","55.17"
"Johnson","0","24","Tennessee","6/14/20","21","3","47091","14.29"
"Knox","12","553","Tennessee","6/14/20","469","84","47093","17.91"
"Lake","-21","691","Tennessee","6/14/20","835","-144","47095","-17.25"
"Lauderdale","0","63","Tennessee","6/14/20","60","3","47097","5"
"Lawrence","4","64","Tennessee","6/14/20","38","26","47099","68.42"
"Lewis","0","6","Tennessee","6/14/20","4","2","47101","50"
"Lincoln","2","47","Tennessee","6/14/20","32","15","47103","46.88"
"Loudon","4","198","Tennessee","6/14/20","168","30","47105","17.86"
"Macon","4","204","Tennessee","6/14/20","178","26","47111","14.61"
"Madison","1","184","Tennessee","6/14/20","178","6","47113","3.37"
"Marion","1","49","Tennessee","6/14/20","45","4","47115","8.89"
"Marshall","1","41","Tennessee","6/14/20","36","5","47117","13.89"
"Maury","5","152","Tennessee","6/14/20","115","37","47119","32.17"
"McMinn","2","165","Tennessee","6/14/20","150","15","47107","10"
"McNairy","1","27","Tennessee","6/14/20","23","4","47109","17.39"
"Meigs","0","29","Tennessee","6/14/20","27","2","47121","7.41"
"Monroe","2","86","Tennessee","6/14/20","75","11","47123","14.67"
"Montgomery","5","332","Tennessee","6/14/20","294","38","47125","12.93"
"Moore","0","5","Tennessee","6/14/20","5","0","47127","0"
"Morgan","0","19","Tennessee","6/14/20","19","0","47129","0"
"Obion","1","61","Tennessee","6/14/20","56","5","47131","8.93"
"Out of TN","5","463","Tennessee","6/14/20","426","37","80047","8.69"
"Overton","0","37","Tennessee","6/14/20","35","2","47133","5.71"
"Perry","0","27","Tennessee","6/14/20","24","3","47135","12.5"
"Pickett","0","4","Tennessee","6/14/20","4","0","47137","0"
"Polk","1","29","Tennessee","6/14/20","21","8","47139","38.1"
"Putnam","7","601","Tennessee","6/14/20","552","49","47141","8.88"
"Rhea","2","232","Tennessee","6/14/20","218","14","47143","6.42"
"Roane","2","33","Tennessee","6/14/20","21","12","47145","57.14"
"Robertson","11","633","Tennessee","6/14/20","553","80","47147","14.47"
"Rutherford","34","1719","Tennessee","6/14/20","1479","240","47149","16.23"
"Scott","0","14","Tennessee","6/14/20","14","0","47151","0"
"Sequatchie","0","22","Tennessee","6/14/20","20","2","47153","10"
"Sevier","18","233","Tennessee","6/14/20","110","123","47155","111.82"
"Shelby","130","6773","Tennessee","6/14/20","5860","913","47157","15.58"
"Smith","1","40","Tennessee","6/14/20","36","4","47159","11.11"
"Stewart","0","16","Tennessee","6/14/20","15","1","47161","6.67"
"Sullivan","1","70","Tennessee","6/14/20","62","8","47163","12.9"
"Sumner","16","1088","Tennessee","6/14/20","975","113","47165","11.59"
"Tipton","4","510","Tennessee","6/14/20","479","31","47167","6.47"
"Trousdale","9","1458","Tennessee","6/14/20","1394","64","47169","4.59"
"Unicoi","0","53","Tennessee","6/14/20","52","1","47171","1.92"
"Union","1","8","Tennessee","6/14/20","4","4","47173","100"
"Van Buren","0","4","Tennessee","6/14/20","4","0","47175","0"
"Warren","1","33","Tennessee","6/14/20","28","5","47177","17.86"
"Washington","1","90","Tennessee","6/14/20","86","4","47179","4.65"
"Wayne","0","64","Tennessee","6/14/20","64","0","47181","0"
"Weakley","1","30","Tennessee","6/14/20","26","4","47183","15.38"
"White","1","48","Tennessee","6/14/20","41","7","47185","17.07"
"Williamson","9","686","Tennessee","6/14/20","621","65","47187","10.47"
"Wilson","6","515","Tennessee","6/14/20","475","40","47189","8.42"
"Anderson","2","102","Texas","6/14/20","87","15","48001","17.24"
"Andrews","0","28","Texas","6/14/20","27","1","48003","3.7"
"Angelina","10","309","Texas","6/14/20","237","72","48005","30.38"
"Aransas","0","6","Texas","6/14/20","5","1","48007","20"
"Archer","0","3","Texas","6/14/20","2","1","48009","50"
"Armstrong","0","2","Texas","6/14/20","3","-1","48011","-33.33"
"Atascosa","0","42","Texas","6/14/20","42","0","48013","0"
"Austin","1","34","Texas","6/14/20","29","5","48015","17.24"
"Bailey","1","34","Texas","6/14/20","26","8","48017","30.77"
"Bandera","0","7","Texas","6/14/20","6","1","48019","16.67"
"Bastrop","6","295","Texas","6/14/20","255","40","48021","15.69"
"Baylor","0","1","Texas","6/14/20","1","0","48023","0"
"Bee","1","31","Texas","6/14/20","22","9","48025","40.91"
"Bell","26","629","Texas","6/14/20","446","183","48027","41.03"
"Bexar","157","4242","Texas","6/14/20","3143","1099","48029","34.97"
"Blanco","0","11","Texas","6/14/20","11","0","48031","0"
"Bosque","0","7","Texas","6/14/20","7","0","48035","0"
"Bowie","5","373","Texas","6/14/20","336","37","48037","11.01"
"Brazoria","-20","850","Texas","6/14/20","990","-140","48039","-14.14"
"Brazos","25","781","Texas","6/14/20","605","176","48041","29.09"
"Brewster","1","7","Texas","6/14/20","1","6","48043","600"
"Briscoe","0","1","Texas","6/14/20","1","0","48045","0"
"Brooks","0","2","Texas","6/14/20","1","1","48047","100"
"Brown","0","60","Texas","6/14/20","59","1","48049","1.69"
"Burleson","1","41","Texas","6/14/20","32","9","48051","28.12"
"Burnet","1","62","Texas","6/14/20","54","8","48053","14.81"
"Caldwell","10","147","Texas","6/14/20","77","70","48055","90.91"
"Calhoun","1","46","Texas","6/14/20","39","7","48057","17.95"
"Callahan","0","13","Texas","6/14/20","10","3","48059","30"
"Cameron","35","1138","Texas","6/14/20","892","246","48061","27.58"
"Camp","2","106","Texas","6/14/20","92","14","48063","15.22"
"Carson","0","6","Texas","6/14/20","6","0","48065","0"
"Cass","0","34","Texas","6/14/20","31","3","48067","9.68"
"Castro","1","42","Texas","6/14/20","35","7","48069","20"
"Chambers","4","106","Texas","6/14/20","76","30","48071","39.47"
"Cherokee","0","54","Texas","6/14/20","52","2","48073","3.85"
"Childress","1","6","Texas","6/14/20","2","4","48075","200"
"Clay","0","5","Texas","6/14/20","5","0","48077","0"
"Cochran","0","1","Texas","6/14/20","1","0","48079","0"
"Coke","0","4","Texas","6/14/20","1","3","48081","300"
"Coleman","0","3","Texas","6/14/20","3","0","48083","0"
"Collin","29","1647","Texas","6/14/20","1447","200","48085","13.82"
"Collingsworth","0","5","Texas","6/14/20","5","0","48087","0"
"Colorado","1","33","Texas","6/14/20","24","9","48089","37.5"
"Comal","6","159","Texas","6/14/20","117","42","48091","35.9"
"Comanche","0","12","Texas","6/14/20","12","0","48093","0"
"Concho","0","1","Texas","6/14/20","1","0","48095","0"
"Cooke","0","23","Texas","6/14/20","20","3","48097","15"
"Coryell","2","300","Texas","6/14/20","289","11","48099","3.81"
"Cottle","0","4","Texas","6/14/20","4","0","48101","0"
"Crane","1","32","Texas","6/14/20","27","5","48103","18.52"
"Crockett","1","5","Texas","6/14/20","1","4","48105","400"
"Crosby","0","4","Texas","6/14/20","3","1","48107","33.33"
"Dallam","1","35","Texas","6/14/20","27","8","48111","29.63"
"Dallas","306","14232","Texas","6/14/20","12093","2139","48113","17.69"
"Dawson","0","45","Texas","6/14/20","45","0","48115","0"
"Deaf Smith","5","212","Texas","6/14/20","176","36","48117","20.45"
"Delta","0","2","Texas","6/14/20","2","0","48119","0"
"Denton","33","1719","Texas","6/14/20","1486","233","48121","15.68"
"DeWitt","1","28","Texas","6/14/20","18","10","48123","55.56"
"Dickens","0","2","Texas","6/14/20","1","1","48125","100"
"Dimmit","0","1","Texas","6/14/20","1","0","48127","0"
"Donley","0","28","Texas","6/14/20","27","1","48129","3.7"
"Duval","0","5","Texas","6/14/20","5","0","48131","0"
"Eastland","0","7","Texas","6/14/20","7","0","48133","0"
"Ector","7","238","Texas","6/14/20","187","51","48135","27.27"
"El Paso","65","3834","Texas","6/14/20","3376","458","48141","13.57"
"Ellis","9","448","Texas","6/14/20","388","60","48139","15.46"
"Erath","1","36","Texas","6/14/20","26","10","48143","38.46"
"Falls","1","17","Texas","6/14/20","11","6","48145","54.55"
"Fannin","2","54","Texas","6/14/20","43","11","48147","25.58"
"Fayette","1","44","Texas","6/14/20","38","6","48149","15.79"
"Fisher","0","2","Texas","6/14/20","2","0","48151","0"
"Floyd","0","16","Texas","6/14/20","16","0","48153","0"
"Fort Bend","38","2385","Texas","6/14/20","2117","268","48157","12.66"
"Franklin","1","27","Texas","6/14/20","19","8","48159","42.11"
"Freestone","1","15","Texas","6/14/20","11","4","48161","36.36"
"Frio","5","79","Texas","6/14/20","46","33","48163","71.74"
"Gaines","1","14","Texas","6/14/20","8","6","48165","75"
"Galveston","38","1237","Texas","6/14/20","972","265","48167","27.26"
"Garza","0","6","Texas","6/14/20","6","0","48169","0"
"Gillespie","0","6","Texas","6/14/20","5","1","48171","20"
"Glasscock","0","2","Texas","6/14/20","1","1","48173","100"
"Goliad","0","7","Texas","6/14/20","7","0","48175","0"
"Gonzales","2","166","Texas","6/14/20","151","15","48177","9.93"
"Gray","1","111","Texas","6/14/20","104","7","48179","6.73"
"Grayson","8","433","Texas","6/14/20","375","58","48181","15.47"
"Gregg","3","278","Texas","6/14/20","257","21","48183","8.17"
"Grimes","5","274","Texas","6/14/20","241","33","48185","13.69"
"Guadalupe","3","171","Texas","6/14/20","147","24","48187","16.33"
"Hale","4","85","Texas","6/14/20","60","25","48189","41.67"
"Hall","0","2","Texas","6/14/20","2","0","48191","0"
"Hamilton","0","11","Texas","6/14/20","9","2","48193","22.22"
"Hansford","0","21","Texas","6/14/20","20","1","48195","5"
"Hardeman","0","4","Texas","6/14/20","3","1","48197","33.33"
"Hardin","1","146","Texas","6/14/20","142","4","48199","2.82"
"Harris","313","16778","Texas","6/14/20","14586","2192","48201","15.03"
"Harrison","2","269","Texas","6/14/20","256","13","48203","5.08"
"Hartley","0","13","Texas","6/14/20","12","1","48205","8.33"
"Haskell","0","4","Texas","6/14/20","3","1","48207","33.33"
"Hays","41","673","Texas","6/14/20","385","288","48209","74.81"
"Hemphill","0","1","Texas","6/14/20","1","0","48211","0"
"Henderson","2","80","Texas","6/14/20","68","12","48213","17.65"
"Hidalgo","38","967","Texas","6/14/20","701","266","48215","37.95"
"Hill","1","36","Texas","6/14/20","29","7","48217","24.14"
"Hockley","0","28","Texas","6/14/20","27","1","48219","3.7"
"Hood","1","35","Texas","6/14/20","31","4","48221","12.9"
"Hopkins","2","41","Texas","6/14/20","30","11","48223","36.67"
"Houston","1","156","Texas","6/14/20","151","5","48225","3.31"
"Howard","1","18","Texas","6/14/20","9","9","48227","100"
"Hudspeth","1","13","Texas","6/14/20","4","9","48229","225"
"Hunt","9","185","Texas","6/14/20","121","64","48231","52.89"
"Hutchinson","0","45","Texas","6/14/20","44","1","48233","2.27"
"Irion","0","1","Texas","6/14/20","1","0","48235","0"
"Jack","0","4","Texas","6/14/20","4","0","48237","0"
"Jackson","0","21","Texas","6/14/20","19","2","48239","10.53"
"Jasper","0","32","Texas","6/14/20","30","2","48241","6.67"
"Jefferson","87","1235","Texas","6/14/20","627","608","48245","96.97"
"Jim Hogg","0","4","Texas","6/14/20","4","0","48247","0"
"Jim Wells","1","18","Texas","6/14/20","13","5","48249","38.46"
"Johnson","4","232","Texas","6/14/20","202","30","48251","14.85"
"Jones","-1","631","Texas","6/14/20","637","-6","48253","-0.94"
"Karnes","0","4","Texas","6/14/20","4","0","48255","0"
"Kaufman","9","330","Texas","6/14/20","269","61","48257","22.68"
"Kendall","0","36","Texas","6/14/20","33","3","48259","9.09"
"Kerr","0","20","Texas","6/14/20","20","0","48265","0"
"Kimble","0","1","Texas","6/14/20","1","0","48267","0"
"Kinney","0","1","Texas","6/14/20","1","0","48271","0"
"Kleberg","0","20","Texas","6/14/20","18","2","48273","11.11"
"Knox","0","1","Texas","6/14/20","1","0","48275","0"
"La Salle","0","4","Texas","6/14/20","4","0","48283","0"
"Lamar","2","165","Texas","6/14/20","154","11","48277","7.14"
"Lamb","0","18","Texas","6/14/20","17","1","48279","5.88"
"Lampasas","0","9","Texas","6/14/20","9","0","48281","0"
"Lavaca","0","22","Texas","6/14/20","19","3","48285","15.79"
"Lee","1","35","Texas","6/14/20","26","9","48287","34.62"
"Leon","0","11","Texas","6/14/20","11","0","48289","0"
"Liberty","3","122","Texas","6/14/20","103","19","48291","18.45"
"Limestone","1","39","Texas","6/14/20","32","7","48293","21.88"
"Lipscomb","0","7","Texas","6/14/20","5","2","48295","40"
"Live Oak","0","9","Texas","6/14/20","9","0","48297","0"
"Llano","0","4","Texas","6/14/20","3","1","48299","33.33"
"Lubbock","15","847","Texas","6/14/20","741","106","48303","14.3"
"Lynn","2","19","Texas","6/14/20","8","11","48305","137.5"
"Madison","1","20","Texas","6/14/20","10","10","48313","100"
"Marion","0","19","Texas","6/14/20","17","2","48315","11.76"
"Martin","0","3","Texas","6/14/20","3","0","48317","0"
"Mason","0","33","Texas","6/14/20","32","1","48319","3.12"
"Matagorda","1","80","Texas","6/14/20","71","9","48321","12.68"
"Maverick","4","160","Texas","6/14/20","133","27","48323","20.3"
"McCulloch","0","3","Texas","6/14/20","3","0","48307","0"
"McLennan","4","158","Texas","6/14/20","129","29","48309","22.48"
"Medina","1","221","Texas","6/14/20","216","5","48325","2.31"
"Midland","7","201","Texas","6/14/20","155","46","48329","29.68"
"Milam","1","44","Texas","6/14/20","35","9","48331","25.71"
"Mills","0","1","Texas","6/14/20","1","0","48333","0"
"Mitchell","0","2","Texas","6/14/20","1","1","48335","100"
"Montague","0","9","Texas","6/14/20","9","0","48337","0"
"Montgomery","28","1258","Texas","6/14/20","1064","194","48339","18.23"
"Moore","3","873","Texas","6/14/20","852","21","48341","2.46"
"Morris","1","31","Texas","6/14/20","27","4","48343","14.81"
"Motley","0","1","Texas","6/14/20","1","0","48345","0"
"Nacogdoches","3","324","Texas","6/14/20","304","20","48347","6.58"
"Navarro","3","87","Texas","6/14/20","66","21","48349","31.82"
"Newton","0","6","Texas","6/14/20","6","0","48351","0"
"Nolan","-1","4","Texas","6/14/20","9","-5","48353","-55.56"
"Nueces","7","336","Texas","6/14/20","289","47","48355","16.26"
"Ochiltree","0","53","Texas","6/14/20","51","2","48357","3.92"
"Oldham","0","4","Texas","6/14/20","4","0","48359","0"
"Orange","1","106","Texas","6/14/20","100","6","48361","6"
"Palo Pinto","0","14","Texas","6/14/20","13","1","48363","7.69"
"Panola","1","219","Texas","6/14/20","214","5","48365","2.34"
"Parker","3","112","Texas","6/14/20","92","20","48367","21.74"
"Parmer","4","120","Texas","6/14/20","89","31","48369","34.83"
"Pecos","0","107","Texas","6/14/20","105","2","48371","1.9"
"Polk","1","65","Texas","6/14/20","61","4","48373","6.56"
"Potter","4","2785","Texas","6/14/20","2756","29","48375","1.05"
"Presidio","0","2","Texas","6/14/20","2","0","48377","0"
"Rains","0","5","Texas","6/14/20","4","1","48379","25"
"Randall","3","751","Texas","6/14/20","728","23","48381","3.16"
"Reagan","0","2","Texas","6/14/20","2","0","48383","0"
"Real","0","1","Texas","6/14/20","1","0","48385","0"
"Red River","2","93","Texas","6/14/20","79","14","48387","17.72"
"Reeves","1","12","Texas","6/14/20","8","4","48389","50"
"Refugio","0","5","Texas","6/14/20","3","2","48391","66.67"
"Roberts","0","2","Texas","6/14/20","2","0","48393","0"
"Robertson","0","17","Texas","6/14/20","16","1","48395","6.25"
"Rockwall","5","233","Texas","6/14/20","200","33","48397","16.5"
"Runnels","0","2","Texas","6/14/20","3","-1","48399","-33.33"
"Rusk","1","70","Texas","6/14/20","64","6","48401","9.38"
"Sabine","0","15","Texas","6/14/20","15","0","48403","0"
"San Augustine","1","55","Texas","6/14/20","45","10","48405","22.22"
"San Jacinto","0","20","Texas","6/14/20","17","3","48407","17.65"
"San Patricio","0","41","Texas","6/14/20","39","2","48409","5.13"
"San Saba","0","2","Texas","6/14/20","1","1","48411","100"
"Schleicher","0","1","Texas","6/14/20","0","1","48413","1"
"Scurry","0","28","Texas","6/14/20","26","2","48415","7.69"
"Shackelford","0","1","Texas","6/14/20","1","0","48417","0"
"Shelby","2","229","Texas","6/14/20","213","16","48419","7.51"
"Sherman","0","28","Texas","6/14/20","28","0","48421","0"
"Smith","7","271","Texas","6/14/20","223","48","48423","21.52"
"Somervell","0","2","Texas","6/14/20","0","2","48425","1"
"Starr","8","115","Texas","6/14/20","59","56","48427","94.92"
"Stephens","0","5","Texas","6/14/20","4","1","48429","25"
"Swisher","0","21","Texas","6/14/20","18","3","48437","16.67"
"Tarrant","169","7253","Texas","6/14/20","6073","1180","48439","19.43"
"Taylor","1","255","Texas","6/14/20","246","9","48441","3.66"
"Terry","0","13","Texas","6/14/20","13","0","48445","0"
"Throckmorton","0","1","Texas","6/14/20","1","0","48447","0"
"Titus","10","655","Texas","6/14/20","583","72","48449","12.35"
"Tom Green","5","146","Texas","6/14/20","111","35","48451","31.53"
"Travis","114","4461","Texas","6/14/20","3662","799","48453","21.82"
"Trinity","0","22","Texas","6/14/20","20","2","48455","10"
"Tyler","0","16","Texas","6/14/20","16","0","48457","0"
"Upshur","1","37","Texas","6/14/20","31","6","48459","19.35"
"Uvalde","1","25","Texas","6/14/20","18","7","48463","38.89"
"Val Verde","1","33","Texas","6/14/20","25","8","48465","32"
"Van Zandt","1","46","Texas","6/14/20","39","7","48467","17.95"
"Victoria","4","199","Texas","6/14/20","170","29","48469","17.06"
"Walker","3","1871","Texas","6/14/20","1851","20","48471","1.08"
"Waller","2","88","Texas","6/14/20","72","16","48473","22.22"
"Ward","0","4","Texas","6/14/20","1","3","48475","300"
"Washington","2","218","Texas","6/14/20","207","11","48477","5.31"
"Webb","12","675","Texas","6/14/20","594","81","48479","13.64"
"Wharton","3","94","Texas","6/14/20","76","18","48481","23.68"
"Wheeler","0","15","Texas","6/14/20","15","0","48483","0"
"Wichita","2","99","Texas","6/14/20","87","12","48485","13.79"
"Wilbarger","0","7","Texas","6/14/20","7","0","48487","0"
"Willacy","3","56","Texas","6/14/20","37","19","48489","51.35"
"Williamson","30","904","Texas","6/14/20","691","213","48491","30.82"
"Wilson","1","52","Texas","6/14/20","45","7","48493","15.56"
"Winkler","0","4","Texas","6/14/20","3","1","48495","33.33"
"Wise","1","56","Texas","6/14/20","52","4","48497","7.69"
"Wood","1","53","Texas","6/14/20","49","4","48499","8.16"
"Yoakum","1","9","Texas","6/14/20","3","6","48501","200"
"Young","1","15","Texas","6/14/20","6","9","48503","150"
"Zapata","0","15","Texas","6/14/20","12","3","48505","25"
"Zavala","0","13","Texas","6/14/20","12","1","48507","8.33"
"Bear River","35","975","Utah","6/14/20","732","243","00000","33.2"
"Central Utah","4","75","Utah","6/14/20","46","29","00000","63.04"
"Davis","16","660","Utah","6/14/20","549","111","49011","20.22"
"Salt Lake","161","7309","Utah","6/14/20","6182","1127","49035","18.23"
"San Juan","3","357","Utah","6/14/20","333","24","49037","7.21"
"Southeast Utah","0","29","Utah","6/14/20","26","3","00000","11.54"
"Southwest Utah","27","806","Utah","6/14/20","616","190","00000","30.84"
"Summit","2","449","Utah","6/14/20","434","15","49043","3.46"
"Tooele","2","165","Utah","6/14/20","148","17","49045","11.49"
"TriCounty","1","30","Utah","6/14/20","22","8","00000","36.36"
"Utah","49","2607","Utah","6/14/20","2261","346","49049","15.3"
"Wasatch","3","349","Utah","6/14/20","330","19","49051","5.76"
"Weber-Morgan","16","502","Utah","6/14/20","387","115","00000","29.72"
"Addison","0","66","Vermont","6/14/20","65","1","50001","1.54"
"Bennington","0","67","Vermont","6/14/20","66","1","50003","1.52"
"Caledonia","0","16","Vermont","6/14/20","16","0","50005","0"
"Chittenden","7","568","Vermont","6/14/20","520","48","50007","9.23"
"Essex","0","3","Vermont","6/14/20","3","0","50009","0"
"Franklin","0","102","Vermont","6/14/20","100","2","50011","2"
"Grand Isle","0","8","Vermont","6/14/20","7","1","50013","14.29"
"Lamoille","0","29","Vermont","6/14/20","29","0","50015","0"
"Orange","0","9","Vermont","6/14/20","9","0","50017","0"
"Orleans","0","13","Vermont","6/14/20","10","3","50019","30"
"Rutland","0","59","Vermont","6/14/20","57","2","50021","3.51"
"Washington","0","41","Vermont","6/14/20","39","2","50023","5.13"
"Windham","0","85","Vermont","6/14/20","82","3","50025","3.66"
"Windsor","0","55","Vermont","6/14/20","55","0","50027","0"
"","0","72","Virgin Islands","6/14/20","71","1",,"1.41"
"Accomack","1","993","Virginia","6/14/20","983","10","51001","1.02"
"Albemarle","5","286","Virginia","6/14/20","251","35","51003","13.94"
"Alexandria","8","2151","Virginia","6/14/20","2095","56","51510","2.67"
"Alleghany","0","28","Virginia","6/14/20","26","2","51005","7.69"
"Amelia","1","38","Virginia","6/14/20","31","7","51007","22.58"
"Amherst","0","27","Virginia","6/14/20","27","0","51009","0"
"Appomattox","0","34","Virginia","6/14/20","33","1","51011","3.03"
"Arlington","16","2338","Virginia","6/14/20","2225","113","51013","5.08"
"Augusta","2","146","Virginia","6/14/20","132","14","51015","10.61"
"Bedford","2","91","Virginia","6/14/20","79","12","51019","15.19"
"Botetourt","1","47","Virginia","6/14/20","40","7","51023","17.5"
"Bristol","0","4","Virginia","6/14/20","4","0","51520","0"
"Brunswick","1","46","Virginia","6/14/20","39","7","51025","17.95"
"Buchanan","0","18","Virginia","6/14/20","18","0","51027","0"
"Buckingham","5","519","Virginia","6/14/20","481","38","51029","7.9"
"Buena Vista","0","12","Virginia","6/14/20","13","-1","51530","-7.69"
"Campbell","1","25","Virginia","6/14/20","20","5","51031","25"
"Caroline","3","109","Virginia","6/14/20","90","19","51033","21.11"
"Carroll","6","171","Virginia","6/14/20","130","41","51035","31.54"
"Charles City","0","30","Virginia","6/14/20","28","2","51036","7.14"
"Charlotte","0","30","Virginia","6/14/20","28","2","51037","7.14"
"Charlottesville","2","152","Virginia","6/14/20","137","15","51540","10.95"
"Chesapeake","10","659","Virginia","6/14/20","592","67","51550","11.32"
"Chesterfield","50","2181","Virginia","6/14/20","1831","350","51041","19.12"
"Clarke","1","38","Virginia","6/14/20","33","5","51043","15.15"
"Colonial Heights","2","115","Virginia","6/14/20","98","17","51570","17.35"
"Covington","0","4","Virginia","6/14/20","4","0","51580","0"
"Craig","0","6","Virginia","6/14/20","6","0","51045","0"
"Culpeper","2","780","Virginia","6/14/20","764","16","51047","2.09"
"Cumberland","1","47","Virginia","6/14/20","41","6","51049","14.63"
"Danville","1","65","Virginia","6/14/20","60","5","51590","8.33"
"Dinwiddie","1","108","Virginia","6/14/20","98","10","51053","10.2"
"Emporia","1","97","Virginia","6/14/20","89","8","51595","8.99"
"Essex","0","53","Virginia","6/14/20","53","0","51057","0"
"Fairfax","80","13017","Virginia","6/14/20","12455","562","51059","4.51"
"Fairfax City","0","67","Virginia","6/14/20","69","-2","51600","-2.9"
"Falls Church","0","56","Virginia","6/14/20","56","0","51610","0"
"Fauquier","4","385","Virginia","6/14/20","355","30","51061","8.45"
"Floyd","0","9","Virginia","6/14/20","6","3","51063","50"
"Fluvanna","1","102","Virginia","6/14/20","94","8","51065","8.51"
"Franklin","0","43","Virginia","6/14/20","40","3","51067","7.5"
"Franklin City","0","44","Virginia","6/14/20","42","2","51620","4.76"
"Frederick","3","433","Virginia","6/14/20","410","23","51069","5.61"
"Fredericksburg","0","208","Virginia","6/14/20","208","0","51630","0"
"Galax","8","204","Virginia","6/14/20","147","57","51640","38.78"
"Giles","0","6","Virginia","6/14/20","5","1","51071","20"
"Gloucester","1","37","Virginia","6/14/20","32","5","51073","15.62"
"Goochland","1","114","Virginia","6/14/20","107","7","51075","6.54"
"Grayson","2","66","Virginia","6/14/20","53","13","51077","24.53"
"Greene","0","45","Virginia","6/14/20","43","2","51079","4.65"
"Greensville","13","343","Virginia","6/14/20","254","89","51081","35.04"
"Halifax","1","37","Virginia","6/14/20","32","5","51083","15.62"
"Hampton","2","238","Virginia","6/14/20","226","12","51650","5.31"
"Hanover","3","371","Virginia","6/14/20","348","23","51085","6.61"
"Harrisonburg","3","855","Virginia","6/14/20","832","23","51660","2.76"
"Henrico","24","2264","Virginia","6/14/20","2096","168","51087","8.02"
"Henry","5","199","Virginia","6/14/20","166","33","51089","19.88"
"Highland","0","3","Virginia","6/14/20","3","0","51091","0"
"Hopewell","3","138","Virginia","6/14/20","116","22","51670","18.97"
"Isle of Wight","2","156","Virginia","6/14/20","142","14","51093","9.86"
"James City","2","233","Virginia","6/14/20","216","17","51095","7.87"
"King and Queen","0","24","Virginia","6/14/20","24","0","51097","0"
"King George","1","88","Virginia","6/14/20","78","10","51099","12.82"
"King William","0","33","Virginia","6/14/20","32","1","51101","3.12"
"Lancaster","0","11","Virginia","6/14/20","10","1","51103","10"
"Lee","0","9","Virginia","6/14/20","10","-1","51105","-10"
"Lexington","0","8","Virginia","6/14/20","8","0","51678","0"
"Loudoun","41","3384","Virginia","6/14/20","3094","290","51107","9.37"
"Louisa","1","98","Virginia","6/14/20","92","6","51109","6.52"
"Lunenburg","1","21","Virginia","6/14/20","17","4","51111","23.53"
"Lynchburg","1","92","Virginia","6/14/20","88","4","51680","4.55"
"Madison","0","42","Virginia","6/14/20","41","1","51113","2.44"
"Manassas","12","1309","Virginia","6/14/20","1228","81","51683","6.6"
"Manassas Park","3","378","Virginia","6/14/20","355","23","51685","6.48"
"Martinsville","1","54","Virginia","6/14/20","48","6","51690","12.5"
"Mathews","0","5","Virginia","6/14/20","5","0","51115","0"
"Mecklenburg","0","226","Virginia","6/14/20","224","2","51117","0.89"
"Middlesex","0","14","Virginia","6/14/20","14","0","51119","0"
"Montgomery","1","96","Virginia","6/14/20","91","5","51121","5.49"
"Nelson","0","18","Virginia","6/14/20","17","1","51125","5.88"
"New Kent","0","46","Virginia","6/14/20","44","2","51127","4.55"
"Newport News","7","371","Virginia","6/14/20","320","51","51700","15.94"
"Norfolk","11","660","Virginia","6/14/20","583","77","51710","13.21"
"Northampton","1","262","Virginia","6/14/20","255","7","51131","2.75"
"Northumberland","0","26","Virginia","6/14/20","25","1","51133","4"
"Norton","0","2","Virginia","6/14/20","2","0","51720","0"
"Nottoway","3","67","Virginia","6/14/20","48","19","51135","39.58"
"Orange","2","130","Virginia","6/14/20","117","13","51137","11.11"
"Page","1","251","Virginia","6/14/20","244","7","51139","2.87"
"Patrick","0","31","Virginia","6/14/20","28","3","51141","10.71"
"Petersburg","3","185","Virginia","6/14/20","165","20","51730","12.12"
"Pittsylvania","3","69","Virginia","6/14/20","50","19","51143","38"
"Poquoson","0","11","Virginia","6/14/20","9","2","51735","22.22"
"Portsmouth","5","375","Virginia","6/14/20","343","32","51740","9.33"
"Powhatan","1","51","Virginia","6/14/20","45","6","51145","13.33"
"Prince Edward","2","162","Virginia","6/14/20","148","14","51147","9.46"
"Prince George","2","163","Virginia","6/14/20","148","15","51149","10.14"
"Prince William","53","6580","Virginia","6/14/20","6207","373","51153","6.01"
"Pulaski","0","30","Virginia","6/14/20","27","3","51155","11.11"
"Radford","0","8","Virginia","6/14/20","7","1","51750","14.29"
"Rappahannock","0","17","Virginia","6/14/20","17","0","51157","0"
"Richmond","0","291","Virginia","6/14/20","293","-2","51159","-0.68"
"Richmond City","28","1814","Virginia","6/14/20","1621","193","51760","11.91"
"Roanoke","2","134","Virginia","6/14/20","122","12","51161","9.84"
"Roanoke City","7","250","Virginia","6/14/20","199","51","51770","25.63"
"Rockbridge","0","19","Virginia","6/14/20","19","0","51163","0"
"Rockingham","7","627","Virginia","6/14/20","580","47","51165","8.1"
"Russell","0","8","Virginia","6/14/20","8","0","51167","0"
"Salem","1","44","Virginia","6/14/20","38","6","51775","15.79"
"Scott","0","7","Virginia","6/14/20","7","0","51169","0"
"Shenandoah","4","510","Virginia","6/14/20","480","30","51171","6.25"
"Smyth","0","18","Virginia","6/14/20","15","3","51173","20"
"Southampton","0","155","Virginia","6/14/20","153","2","51175","1.31"
"Spotsylvania","17","813","Virginia","6/14/20","695","118","51177","16.98"
"Stafford","12","887","Virginia","6/14/20","803","84","51179","10.46"
"Staunton","1","60","Virginia","6/14/20","53","7","51790","13.21"
"Suffolk","3","344","Virginia","6/14/20","323","21","51800","6.5"
"Surry","0","13","Virginia","6/14/20","10","3","51181","30"
"Sussex","1","181","Virginia","6/14/20","175","6","51183","3.43"
"Tazewell","0","9","Virginia","6/14/20","10","-1","51185","-10"
"Virginia Beach","13","890","Virginia","6/14/20","801","89","51810","11.11"
"Warren","1","230","Virginia","6/14/20","222","8","51187","3.6"
"Washington","0","58","Virginia","6/14/20","57","1","51191","1.75"
"Waynesboro","1","53","Virginia","6/14/20","49","4","51820","8.16"
"Westmoreland","1","87","Virginia","6/14/20","81","6","51193","7.41"
"Williamsburg","1","50","Virginia","6/14/20","46","4","51830","8.7"
"Winchester","5","264","Virginia","6/14/20","232","32","51840","13.79"
"Wise","0","27","Virginia","6/14/20","27","0","51195","0"
"Wythe","1","42","Virginia","6/14/20","36","6","51197","16.67"
"York","1","93","Virginia","6/14/20","86","7","51199","8.14"
"Adams","2","91","Washington","6/14/20","79","12","53001","15.19"
"Asotin","0","20","Washington","6/14/20","19","1","53003","5.26"
"Benton","29","1132","Washington","6/14/20","930","202","53005","21.72"
"Chelan","2","273","Washington","6/14/20","262","11","53007","4.2"
"Clallam","0","29","Washington","6/14/20","27","2","53009","7.41"
"Clark","8","617","Washington","6/14/20","562","55","53011","9.79"
"Columbia","0","1","Washington","6/14/20","1","0","53013","0"
"Cowlitz","4","107","Washington","6/14/20","81","26","53015","32.1"
"Douglas","1","185","Washington","6/14/20","178","7","53017","3.93"
"Ferry","0","1","Washington","6/14/20","1","0","53019","0"
"Franklin","25","896","Washington","6/14/20","722","174","53021","24.1"
"Grant","6","259","Washington","6/14/20","216","43","53025","19.91"
"Grays Harbor","0","20","Washington","6/14/20","19","1","53027","5.26"
"Island","0","182","Washington","6/14/20","181","1","53029","0.55"
"Jefferson","0","31","Washington","6/14/20","31","0","53031","0"
"King","38","8722","Washington","6/14/20","8457","265","53033","3.13"
"Kitsap","2","176","Washington","6/14/20","165","11","53035","6.67"
"Kittitas","0","92","Washington","6/14/20","89","3","53037","3.37"
"Klickitat","2","45","Washington","6/14/20","33","12","53039","36.36"
"Lewis","0","38","Washington","6/14/20","37","1","53041","2.7"
"Lincoln","0","2","Washington","6/14/20","2","0","53043","0"
"Mason","0","40","Washington","6/14/20","38","2","53045","5.26"
"Okanogan","0","57","Washington","6/14/20","56","1","53047","1.79"
"Pacific","0","12","Washington","6/14/20","9","3","53049","33.33"
"Pend Oreille","0","3","Washington","6/14/20","3","0","53051","0"
"Pierce","14","2134","Washington","6/14/20","2034","100","53053","4.92"
"San Juan","0","15","Washington","6/14/20","15","0","53055","0"
"Skagit","2","461","Washington","6/14/20","449","12","53057","2.67"
"Skamania","0","3","Washington","6/14/20","3","0","53059","0"
"Snohomish","15","3136","Washington","6/14/20","3033","103","53061","3.4"
"Spokane","13","820","Washington","6/14/20","727","93","53063","12.79"
"Stevens","0","15","Washington","6/14/20","13","2","53065","15.38"
"Thurston","3","190","Washington","6/14/20","166","24","53067","14.46"
"Wahkiakum","0","4","Washington","6/14/20","4","0","53069","0"
"Walla Walla","0","118","Washington","6/14/20","116","2","53071","1.72"
"Whatcom","5","448","Washington","6/14/20","410","38","53073","9.27"
"Whitman","1","27","Washington","6/14/20","20","7","53075","35"
"Yakima","125","5384","Washington","6/14/20","4509","875","53077","19.41"
"Barbour","0","10","West Virginia","6/14/20","8","2","54001","25"
"Berkeley","6","386","West Virginia","6/14/20","344","42","54003","12.21"
"Boone","0","17","West Virginia","6/14/20","15","2","54005","13.33"
"Braxton","0","3","West Virginia","6/14/20","2","1","54007","50"
"Brooke","0","5","West Virginia","6/14/20","5","0","54009","0"
"Cabell","0","71","West Virginia","6/14/20","70","1","54011","1.43"
"Calhoun","0","2","West Virginia","6/14/20","2","0","54013","0"
"Clay","0","10","West Virginia","6/14/20","7","3","54015","42.86"
"Fayette","0","54","West Virginia","6/14/20","54","0","54019","0"
"Gilmer","0","10","West Virginia","6/14/20","10","0","54021","0"
"Grant","1","16","West Virginia","6/14/20","12","4","54023","33.33"
"Greenbrier","2","21","West Virginia","6/14/20","9","12","54025","133.33"
"Hampshire","1","39","West Virginia","6/14/20","33","6","54027","18.18"
"Hancock","0","20","West Virginia","6/14/20","20","0","54029","0"
"Hardy","0","40","West Virginia","6/14/20","40","0","54031","0"
"Harrison","1","46","West Virginia","6/14/20","40","6","54033","15"
"Jackson","0","141","West Virginia","6/14/20","138","3","54035","2.17"
"Jefferson","0","207","West Virginia","6/14/20","204","3","54037","1.47"
"Kanawha","1","246","West Virginia","6/14/20","237","9","54039","3.8"
"Lewis","0","8","West Virginia","6/14/20","8","0","54041","0"
"Lincoln","0","5","West Virginia","6/14/20","5","0","54043","0"
"Logan","0","21","West Virginia","6/14/20","20","1","54045","5"
"Marion","0","54","West Virginia","6/14/20","53","1","54049","1.89"
"Marshall","1","38","West Virginia","6/14/20","31","7","54051","22.58"
"Mason","0","15","West Virginia","6/14/20","15","0","54053","0"
"McDowell","0","6","West Virginia","6/14/20","6","0","54047","0"
"Mercer","0","14","West Virginia","6/14/20","13","1","54055","7.69"
"Mineral","0","51","West Virginia","6/14/20","50","1","54057","2"
"Mingo","1","12","West Virginia","6/14/20","8","4","54059","50"
"Monongalia","1","145","West Virginia","6/14/20","141","4","54061","2.84"
"Monroe","0","9","West Virginia","6/14/20","8","1","54063","12.5"
"Morgan","0","19","West Virginia","6/14/20","19","0","54065","0"
"Nicholas","0","7","West Virginia","6/14/20","8","-1","54067","-12.5"
"Ohio","1","55","West Virginia","6/14/20","48","7","54069","14.58"
"Pendleton","0","13","West Virginia","6/14/20","13","0","54071","0"
"Pleasants","0","4","West Virginia","6/14/20","4","0","54073","0"
"Pocahontas","0","21","West Virginia","6/14/20","21","0","54075","0"
"Preston","0","24","West Virginia","6/14/20","24","0","54077","0"
"Putnam","0","42","West Virginia","6/14/20","39","3","54079","7.69"
"Raleigh","1","26","West Virginia","6/14/20","18","8","54081","44.44"
"Randolph","1","141","West Virginia","6/14/20","132","9","54083","6.82"
"Ritchie","0","2","West Virginia","6/14/20","1","1","54085","100"
"Roane","0","10","West Virginia","6/14/20","10","0","54087","0"
"Summers","0","1","West Virginia","6/14/20","1","0","54089","0"
"Taylor","0","10","West Virginia","6/14/20","9","1","54091","11.11"
"Tucker","0","5","West Virginia","6/14/20","6","-1","54093","-16.67"
"Tyler","0","3","West Virginia","6/14/20","3","0","54095","0"
"Upshur","0","7","West Virginia","6/14/20","7","0","54097","0"
"Wayne","0","105","West Virginia","6/14/20","103","2","54099","1.94"
"Wetzel","0","9","West Virginia","6/14/20","9","0","54103","0"
"Wirt","0","4","West Virginia","6/14/20","4","0","54105","0"
"Wood","0","55","West Virginia","6/14/20","54","1","54107","1.85"
"Wyoming","0","5","West Virginia","6/14/20","3","2","54109","66.67"
"Adams","0","8","Wisconsin","6/14/20","5","3","55001","60"
"Ashland","0","3","Wisconsin","6/14/20","3","0","55003","0"
"Barron","1","25","Wisconsin","6/14/20","20","5","55005","25"
"Bayfield","0","3","Wisconsin","6/14/20","3","0","55007","0"
"Brown","13","2469","Wisconsin","6/14/20","2377","92","55009","3.87"
"Buffalo","0","7","Wisconsin","6/14/20","6","1","55011","16.67"
"Burnett","0","2","Wisconsin","6/14/20","1","1","55013","100"
"Calumet","1","86","Wisconsin","6/14/20","80","6","55015","7.5"
"Chippewa","0","62","Wisconsin","6/14/20","59","3","55017","5.08"
"Clark","1","50","Wisconsin","6/14/20","42","8","55019","19.05"
"Columbia","1","56","Wisconsin","6/14/20","46","10","55021","21.74"
"Crawford","0","27","Wisconsin","6/14/20","26","1","55023","3.85"
"Dane","16","956","Wisconsin","6/14/20","843","113","55025","13.4"
"Dodge","3","423","Wisconsin","6/14/20","400","23","55027","5.75"
"Door","0","39","Wisconsin","6/14/20","39","0","55029","0"
"Douglas","0","20","Wisconsin","6/14/20","20","0","55031","0"
"Dunn","0","29","Wisconsin","6/14/20","27","2","55033","7.41"
"Eau Claire","2","137","Wisconsin","6/14/20","123","14","55035","11.38"
"Florence","0","2","Wisconsin","6/14/20","2","0","55037","0"
"Fond du Lac","4","262","Wisconsin","6/14/20","233","29","55039","12.45"
"Forest","0","34","Wisconsin","6/14/20","33","1","55041","3.03"
"Grant","1","107","Wisconsin","6/14/20","98","9","55043","9.18"
"Green","1","75","Wisconsin","6/14/20","71","4","55045","5.63"
"Green Lake","0","24","Wisconsin","6/14/20","22","2","55047","9.09"
"Iowa","0","17","Wisconsin","6/14/20","17","0","55049","0"
"Iron","0","2","Wisconsin","6/14/20","2","0","55051","0"
"Jackson","0","21","Wisconsin","6/14/20","19","2","55053","10.53"
"Jefferson","4","158","Wisconsin","6/14/20","128","30","55055","23.44"
"Juneau","0","25","Wisconsin","6/14/20","23","2","55057","8.7"
"Kenosha","12","1356","Wisconsin","6/14/20","1274","82","55059","6.44"
"Kewaunee","0","37","Wisconsin","6/14/20","36","1","55061","2.78"
"La Crosse","7","116","Wisconsin","6/14/20","69","47","55063","68.12"
"Lafayette","1","41","Wisconsin","6/14/20","33","8","55065","24.24"
"Langlade","0","5","Wisconsin","6/14/20","4","1","55067","25"
"Lincoln","0","8","Wisconsin","6/14/20","7","1","55069","14.29"
"Manitowoc","1","45","Wisconsin","6/14/20","39","6","55071","15.38"
"Marathon","3","82","Wisconsin","6/14/20","64","18","55073","28.12"
"Marinette","0","39","Wisconsin","6/14/20","36","3","55075","8.33"
"Marquette","1","9","Wisconsin","6/14/20","5","4","55077","80"
"Menominee","0","4","Wisconsin","6/14/20","3","1","55078","33.33"
"Milwaukee","100","9511","Wisconsin","6/14/20","8813","698","55079","7.92"
"Monroe","2","32","Wisconsin","6/14/20","19","13","55081","68.42"
"Oconto","0","44","Wisconsin","6/14/20","42","2","55083","4.76"
"Oneida","1","16","Wisconsin","6/14/20","12","4","55085","33.33"
"Outagamie","10","337","Wisconsin","6/14/20","270","67","55087","24.81"
"Ozaukee","1","193","Wisconsin","6/14/20","183","10","55089","5.46"
"Pepin","0","1","Wisconsin","6/14/20","1","0","55091","0"
"Pierce","1","54","Wisconsin","6/14/20","50","4","55093","8"
"Polk","1","37","Wisconsin","6/14/20","33","4","55095","12.12"
"Portage","6","75","Wisconsin","6/14/20","35","40","55097","114.29"
"Price","0","2","Wisconsin","6/14/20","2","0","55099","0"
"Racine","11","1989","Wisconsin","6/14/20","1910","79","55101","4.14"
"Richland","0","14","Wisconsin","6/14/20","14","0","55103","0"
"Rock","10","754","Wisconsin","6/14/20","685","69","55105","10.07"
"Rusk","1","10","Wisconsin","6/14/20","5","5","55107","100"
"Sauk","0","85","Wisconsin","6/14/20","83","2","55111","2.41"
"Sawyer","0","9","Wisconsin","6/14/20","8","1","55113","12.5"
"Shawano","1","63","Wisconsin","6/14/20","56","7","55115","12.5"
"Sheboygan","6","157","Wisconsin","6/14/20","114","43","55117","37.72"
"St. Croix","1","111","Wisconsin","6/14/20","105","6","55109","5.71"
"Taylor","0","3","Wisconsin","6/14/20","2","1","55119","50"
"Trempealeau","2","57","Wisconsin","6/14/20","40","17","55121","42.5"
"Vernon","0","24","Wisconsin","6/14/20","21","3","55123","14.29"
"Vilas","0","8","Wisconsin","6/14/20","8","0","55125","0"
"Walworth","5","471","Wisconsin","6/14/20","435","36","55127","8.28"
"Washburn","0","3","Wisconsin","6/14/20","3","0","55129","0"
"Washington","2","290","Wisconsin","6/14/20","277","13","55131","4.69"
"Waukesha","14","904","Wisconsin","6/14/20","808","96","55133","11.88"
"Waupaca","3","78","Wisconsin","6/14/20","57","21","55135","36.84"
"Waushara","1","16","Wisconsin","6/14/20","10","6","55137","60"
"Winnebago","19","518","Wisconsin","6/14/20","385","133","55139","34.55"
"Wood","1","21","Wisconsin","6/14/20","11","10","55141","90.91"
"Albany","0","26","Wyoming","6/14/20","26","0","56001","0"
"Big Horn","0","11","Wyoming","6/14/20","8","3","56003","37.5"
"Campbell","2","44","Wyoming","6/14/20","32","12","56005","37.5"
"Carbon","1","24","Wyoming","6/14/20","16","8","56007","50"
"Converse","0","24","Wyoming","6/14/20","24","0","56009","0"
"Crook","0","6","Wyoming","6/14/20","5","1","56011","20"
"Fremont","1","305","Wyoming","6/14/20","295","10","56013","3.39"
"Goshen","0","5","Wyoming","6/14/20","5","0","56015","0"
"Hot Springs","0","12","Wyoming","6/14/20","12","0","56017","0"
"Johnson","0","18","Wyoming","6/14/20","18","0","56019","0"
"Laramie","1","195","Wyoming","6/14/20","188","7","56021","3.72"
"Lincoln","0","15","Wyoming","6/14/20","15","0","56023","0"
"Natrona","1","87","Wyoming","6/14/20","82","5","56025","6.1"
"Niobrara","0","2","Wyoming","6/14/20","2","0","56027","0"
"Park","0","5","Wyoming","6/14/20","2","3","56029","150"
"Platte","0","1","Wyoming","6/14/20","1","0","56031","0"
"Sheridan","0","19","Wyoming","6/14/20","18","1","56033","5.56"
"Sublette","0","3","Wyoming","6/14/20","3","0","56035","0"
"Sweetwater","1","40","Wyoming","6/14/20","32","8","56037","25"
"Teton","1","105","Wyoming","6/14/20","100","5","56039","5"
"Uinta","7","73","Wyoming","6/14/20","23","50","56041","217.39"
"Washakie","0","39","Wyoming","6/14/20","39","0","56043","0"
"Weston","0","1","Wyoming","6/14/20","1","0","56045","0"
