"Locality","DailyAvgNewCasesPast7Days","TotalCases","State","Date","TotalCases7DaysAgo","NewCasesPast7Days","FIPS-Code","PercentIncreaseTotalCasesPast7Days"
"Autauga","8","295","Alabama","6/10/20","239","56","01001","23.43"
"Baldwin","6","331","Alabama","6/10/20","292","39","01003","13.36"
"Barbour","4","208","Alabama","6/10/20","177","31","01005","17.51"
"Bibb","2","89","Alabama","6/10/20","76","13","01007","17.11"
"Blount","2","79","Alabama","6/10/20","63","16","01009","25.4"
"Bullock","5","248","Alabama","6/10/20","215","33","01011","15.35"
"Butler","7","471","Alabama","6/10/20","419","52","01013","12.41"
"Calhoun","2","182","Alabama","6/10/20","165","17","01015","10.3"
"Chambers","6","401","Alabama","6/10/20","359","42","01017","11.7"
"Cherokee","1","42","Alabama","6/10/20","38","4","01019","10.53"
"Chilton","2","118","Alabama","6/10/20","105","13","01021","12.38"
"Choctaw","1","158","Alabama","6/10/20","153","5","01023","3.27"
"Clarke","2","163","Alabama","6/10/20","149","14","01025","9.4"
"Clay","0","30","Alabama","6/10/20","28","2","01027","7.14"
"Cleburne","1","19","Alabama","6/10/20","15","4","01029","26.67"
"Coffee","2","250","Alabama","6/10/20","239","11","01031","4.6"
"Colbert","5","219","Alabama","6/10/20","187","32","01033","17.11"
"Conecuh","3","64","Alabama","6/10/20","41","23","01035","56.1"
"Coosa","0","41","Alabama","6/10/20","40","1","01037","2.5"
"Covington","2","92","Alabama","6/10/20","81","11","01039","13.58"
"Crenshaw","3","96","Alabama","6/10/20","78","18","01041","23.08"
"Cullman","9","212","Alabama","6/10/20","150","62","01043","41.33"
"Dale","3","141","Alabama","6/10/20","123","18","01045","14.63"
"Dallas","13","375","Alabama","6/10/20","287","88","01047","30.66"
"DeKalb","3","278","Alabama","6/10/20","257","21","01049","8.17"
"Elmore","11","447","Alabama","6/10/20","372","75","01051","20.16"
"Escambia","2","91","Alabama","6/10/20","75","16","01053","21.33"
"Etowah","3","280","Alabama","6/10/20","262","18","01055","6.87"
"Fayette","1","23","Alabama","6/10/20","16","7","01057","43.75"
"Franklin","8","634","Alabama","6/10/20","578","56","01059","9.69"
"Geneva","0","46","Alabama","6/10/20","44","2","01061","4.55"
"Greene","2","107","Alabama","6/10/20","95","12","01063","12.63"
"Hale","4","210","Alabama","6/10/20","179","31","01065","17.32"
"Henry","2","93","Alabama","6/10/20","81","12","01067","14.81"
"Houston","5","259","Alabama","6/10/20","226","33","01069","14.6"
"Jackson","3","101","Alabama","6/10/20","83","18","01071","21.69"
"Jefferson","43","2187","Alabama","6/10/20","1884","303","01073","16.08"
"Lamar","1","30","Alabama","6/10/20","26","4","01075","15.38"
"Lauderdale","4","196","Alabama","6/10/20","169","27","01077","15.98"
"Lawrence","1","58","Alabama","6/10/20","51","7","01079","13.73"
"Lee","7","605","Alabama","6/10/20","558","47","01081","8.42"
"Limestone","6","151","Alabama","6/10/20","108","43","01083","39.81"
"Lowndes","7","307","Alabama","6/10/20","259","48","01085","18.53"
"Macon","3","105","Alabama","6/10/20","87","18","01087","20.69"
"Madison","10","413","Alabama","6/10/20","346","67","01089","19.36"
"Marengo","3","192","Alabama","6/10/20","174","18","01091","10.34"
"Marion","0","126","Alabama","6/10/20","124","2","01093","1.61"
"Marshall","8","764","Alabama","6/10/20","705","59","01095","8.37"
"Mobile","37","2545","Alabama","6/10/20","2284","261","01097","11.43"
"Monroe","5","79","Alabama","6/10/20","45","34","01099","75.56"
"Montgomery","67","2290","Alabama","6/10/20","1823","467","01101","25.62"
"Morgan","23","456","Alabama","6/10/20","298","158","01103","53.02"
"Perry","2","54","Alabama","6/10/20","42","12","01105","28.57"
"Pickens","1","128","Alabama","6/10/20","121","7","01107","5.79"
"Pike","8","266","Alabama","6/10/20","208","58","01109","27.88"
"Randolph","1","136","Alabama","6/10/20","128","8","01111","6.25"
"Russell","8","236","Alabama","6/10/20","177","59","01113","33.33"
"Shelby","6","567","Alabama","6/10/20","522","45","01117","8.62"
"St. Clair","3","149","Alabama","6/10/20","131","18","01115","13.74"
"Sumter","3","248","Alabama","6/10/20","228","20","01119","8.77"
"Talladega","3","140","Alabama","6/10/20","117","23","01121","19.66"
"Tallapoosa","3","451","Alabama","6/10/20","432","19","01123","4.4"
"Tuscaloosa","27","1009","Alabama","6/10/20","822","187","01125","22.75"
"Walker","14","481","Alabama","6/10/20","381","100","01127","26.25"
"Washington","2","83","Alabama","6/10/20","72","11","01129","15.28"
"Wilcox","4","183","Alabama","6/10/20","154","29","01131","18.83"
"Winston","1","98","Alabama","6/10/20","91","7","01133","7.69"
"Anchorage","6","297","Alaska","6/10/20","254","43","02020","16.93"
"Bethel","0","3","Alaska","6/10/20","3","0","02050","0"
"Fairbanks North Star","0","85","Alaska","6/10/20","85","0","02090","0"
"Haines","0","1","Alaska","6/10/20","0","1","02100","1"
"Juneau","0","35","Alaska","6/10/20","33","2","02110","6.06"
"Kenai Peninsula","5","94","Alaska","6/10/20","60","34","02122","56.67"
"Ketchikan Gateway","0","16","Alaska","6/10/20","16","0","02130","0"
"Kodiak Island","0","1","Alaska","6/10/20","1","0","02150","0"
"Matanuska-Susitna","1","38","Alaska","6/10/20","34","4","02170","11.76"
"Nome","0","4","Alaska","6/10/20","3","1","02180","33.33"
"North Slope","0","1","Alaska","6/10/20","1","0","02185","0"
"Northwest Arctic","0","3","Alaska","6/10/20","2","1","02188","50"
"Petersburg","0","4","Alaska","6/10/20","4","0","02195","0"
"Prince of Wales-Hyder","0","2","Alaska","6/10/20","2","0","02198","0"
"Sitka","0","3","Alaska","6/10/20","2","1","02220","50"
"Southeast Fairbanks","0","3","Alaska","6/10/20","3","0","02240","0"
"Wrangell","0","1","Alaska","6/10/20","0","1","02275","1"
"Yukon-Koyukuk","0","1","Alaska","6/10/20","1","0","02290","0"
"Apache","32","1811","Arizona","6/10/20","1586","225","04001","14.19"
"Cochise","10","167","Arizona","6/10/20","94","73","04003","77.66"
"Coconino","18","1310","Arizona","6/10/20","1186","124","04005","10.46"
"Gila","2","48","Arizona","6/10/20","37","11","04007","29.73"
"Graham","1","45","Arizona","6/10/20","41","4","04009","9.76"
"Greenlee","0","10","Arizona","6/10/20","8","2","04011","25"
"La Paz","16","205","Arizona","6/10/20","91","114","04012","125.27"
"Maricopa","602","15282","Arizona","6/10/20","11068","4214","04013","38.07"
"Mohave","19","552","Arizona","6/10/20","422","130","04015","30.81"
"Navajo","56","2388","Arizona","6/10/20","1994","394","04017","19.76"
"Pima","103","3350","Arizona","6/10/20","2627","723","04019","27.52"
"Pinal","38","1209","Arizona","6/10/20","940","269","04021","28.62"
"Santa Cruz","36","688","Arizona","6/10/20","438","250","04023","57.08"
"Yavapai","6","348","Arizona","6/10/20","304","44","04025","14.47"
"Yuma","131","2439","Arizona","6/10/20","1520","919","04027","60.46"
"Arkansas","0","7","Arkansas","6/10/20","7","0","05001","0"
"Ashley","2","34","Arkansas","6/10/20","20","14","05003","70"
"Baxter","0","14","Arkansas","6/10/20","12","2","05005","16.67"
"Benton","62","1137","Arkansas","6/10/20","700","437","05007","62.43"
"Boone","0","7","Arkansas","6/10/20","7","0","05009","0"
"Bradley","2","34","Arkansas","6/10/20","23","11","05011","47.83"
"Carroll","2","42","Arkansas","6/10/20","29","13","05015","44.83"
"Chicot","2","30","Arkansas","6/10/20","16","14","05017","87.5"
"Clark","0","41","Arkansas","6/10/20","41","0","05019","0"
"Clay","0","8","Arkansas","6/10/20","5","3","05021","60"
"Cleburne","0","74","Arkansas","6/10/20","76","-2","05023","-2.63"
"Cleveland","0","19","Arkansas","6/10/20","19","0","05025","0"
"Columbia","1","26","Arkansas","6/10/20","22","4","05027","18.18"
"Conway","0","16","Arkansas","6/10/20","14","2","05029","14.29"
"Craighead","11","331","Arkansas","6/10/20","257","74","05031","28.79"
"Crawford","1","43","Arkansas","6/10/20","34","9","05033","26.47"
"Crittenden","11","489","Arkansas","6/10/20","413","76","05035","18.4"
"Cross","2","67","Arkansas","6/10/20","56","11","05037","19.64"
"Dallas","0","3","Arkansas","6/10/20","3","0","05039","0"
"Desha","0","20","Arkansas","6/10/20","19","1","05041","5.26"
"Drew","0","23","Arkansas","6/10/20","20","3","05043","15"
"Faulkner","3","124","Arkansas","6/10/20","106","18","05045","16.98"
"Franklin","0","5","Arkansas","6/10/20","4","1","05047","25"
"Fulton","0","8","Arkansas","6/10/20","7","1","05049","14.29"
"Garland","2","153","Arkansas","6/10/20","138","15","05051","10.87"
"Grant","1","22","Arkansas","6/10/20","18","4","05053","22.22"
"Greene","0","67","Arkansas","6/10/20","66","1","05055","1.52"
"Hempstead","2","34","Arkansas","6/10/20","20","14","05057","70"
"Hot Spring","0","34","Arkansas","6/10/20","33","1","05059","3.03"
"Howard","1","35","Arkansas","6/10/20","26","9","05061","34.62"
"Independence","0","36","Arkansas","6/10/20","33","3","05063","9.09"
"Izard","0","17","Arkansas","6/10/20","17","0","05065","0"
"Jackson","1","14","Arkansas","6/10/20","4","10","05067","250"
"Jefferson","6","573","Arkansas","6/10/20","532","41","05069","7.71"
"Johnson","3","71","Arkansas","6/10/20","48","23","05071","47.92"
"Lafayette","0","10","Arkansas","6/10/20","9","1","05073","11.11"
"Lawrence","1","89","Arkansas","6/10/20","85","4","05075","4.71"
"Lee","14","120","Arkansas","6/10/20","24","96","05077","400"
"Lincoln","0","985","Arkansas","6/10/20","984","1","05079","0.1"
"Little River","3","31","Arkansas","6/10/20","9","22","05081","244.44"
"Logan","1","14","Arkansas","6/10/20","10","4","05083","40"
"Lonoke","1","64","Arkansas","6/10/20","55","9","05085","16.36"
"Madison","4","58","Arkansas","6/10/20","30","28","05087","93.33"
"Marion","0","2","Arkansas","6/10/20","2","0","05089","0"
"Miller","2","60","Arkansas","6/10/20","49","11","05091","22.45"
"Mississippi","1","86","Arkansas","6/10/20","78","8","05093","10.26"
"Monroe","0","5","Arkansas","6/10/20","6","-1","05095","-16.67"
"Montgomery","0","3","Arkansas","6/10/20","2","1","05097","50"
"Nevada","9","70","Arkansas","6/10/20","7","63","05099","900"
"Newton","0","3","Arkansas","6/10/20","3","0","05101","0"
"Ouachita","0","12","Arkansas","6/10/20","10","2","05103","20"
"Perry","0","15","Arkansas","6/10/20","14","1","05105","7.14"
"Phillips","1","30","Arkansas","6/10/20","24","6","05107","25"
"Pike","0","6","Arkansas","6/10/20","5","1","05109","20"
"Poinsett","1","44","Arkansas","6/10/20","38","6","05111","15.79"
"Polk","3","47","Arkansas","6/10/20","28","19","05113","67.86"
"Pope","7","222","Arkansas","6/10/20","171","51","05115","29.82"
"Prairie","0","5","Arkansas","6/10/20","3","2","05117","66.67"
"Pulaski","26","1188","Arkansas","6/10/20","1003","185","05119","18.44"
"Randolph","0","27","Arkansas","6/10/20","26","1","05121","3.85"
"Saline","5","159","Arkansas","6/10/20","121","38","05125","31.4"
"Scott","0","2","Arkansas","6/10/20","1","1","05127","100"
"Searcy","0","7","Arkansas","6/10/20","7","0","05129","0"
"Sebastian","7","102","Arkansas","6/10/20","53","49","05131","92.45"
"Sevier","14","382","Arkansas","6/10/20","283","99","05133","34.98"
"Sharp","0","50","Arkansas","6/10/20","47","3","05135","6.38"
"St. Francis","11","764","Arkansas","6/10/20","687","77","05123","11.21"
"Stone","0","11","Arkansas","6/10/20","9","2","05137","22.22"
"Union","2","190","Arkansas","6/10/20","177","13","05139","7.34"
"Van Buren","0","30","Arkansas","6/10/20","29","1","05141","3.45"
"Washington","83","1235","Arkansas","6/10/20","652","583","05143","89.42"
"White","1","52","Arkansas","6/10/20","48","4","05145","8.33"
"Woodruff","0","1","Arkansas","6/10/20","1","0","05147","0"
"Yell","10","251","Arkansas","6/10/20","183","68","05149","37.16"
"Alameda","69","4033","California","6/10/20","3548","485","06001","13.67"
"Alpine","0","2","California","6/10/20","2","0","06003","0"
"Amador","0","10","California","6/10/20","10","0","06005","0"
"Butte","3","73","California","6/10/20","55","18","06007","32.73"
"Calaveras","1","21","California","6/10/20","15","6","06009","40"
"Colusa","0","7","California","6/10/20","7","0","06011","0"
"Contra Costa","41","1798","California","6/10/20","1513","285","06013","18.84"
"Del Norte","0","47","California","6/10/20","47","0","06015","0"
"El Dorado","2","111","California","6/10/20","96","15","06017","15.62"
"Fresno","58","2318","California","6/10/20","1914","404","06019","21.11"
"Glenn","1","23","California","6/10/20","17","6","06021","35.29"
"Humboldt","0","105","California","6/10/20","103","2","06023","1.94"
"Imperial","194","3386","California","6/10/20","2025","1361","06025","67.21"
"Inyo","0","22","California","6/10/20","20","2","06027","10"
"Kern","75","2942","California","6/10/20","2418","524","06029","21.67"
"Kings","67","1637","California","6/10/20","1168","469","06031","40.15"
"Lake","0","30","California","6/10/20","30","0","06033","0"
"Lassen","1","9","California","6/10/20","5","4","06035","80"
"Los Angeles","1264","67111","California","6/10/20","58261","8850","06037","15.19"
"Madera","9","178","California","6/10/20","117","61","06039","52.14"
"Marin","18","635","California","6/10/20","506","129","06041","25.49"
"Mariposa","0","16","California","6/10/20","16","0","06043","0"
"Mendocino","1","36","California","6/10/20","30","6","06045","20"
"Merced","11","387","California","6/10/20","310","77","06047","24.84"
"Mono","0","38","California","6/10/20","37","1","06051","2.7"
"Monterey","29","791","California","6/10/20","586","205","06053","34.98"
"Napa","5","161","California","6/10/20","124","37","06055","29.84"
"Nevada","0","50","California","6/10/20","48","2","06057","4.17"
"Orange","151","7737","California","6/10/20","6678","1059","06059","15.86"
"Placer","11","314","California","6/10/20","240","74","06061","30.83"
"Plumas","0","4","California","6/10/20","4","0","06063","0"
"Riverside","251","9911","California","6/10/20","8155","1756","06065","21.53"
"Sacramento","26","1642","California","6/10/20","1463","179","06067","12.24"
"San Benito","3","109","California","6/10/20","90","19","06069","21.11"
"San Bernardino","135","6593","California","6/10/20","5650","943","06071","16.69"
"San Diego","166","8837","California","6/10/20","7674","1163","06073","15.16"
"San Francisco","28","2809","California","6/10/20","2613","196","06075","7.5"
"San Joaquin","33","1309","California","6/10/20","1080","229","06077","21.2"
"San Luis Obispo","4","306","California","6/10/20","279","27","06079","9.68"
"San Mateo","38","2475","California","6/10/20","2212","263","06081","11.89"
"Santa Barbara","24","1864","California","6/10/20","1697","167","06083","9.84"
"Santa Clara","29","3032","California","6/10/20","2832","200","06085","7.06"
"Santa Cruz","3","239","California","6/10/20","219","20","06087","9.13"
"Shasta","1","47","California","6/10/20","40","7","06089","17.5"
"Sierra","0","1","California","6/10/20","1","0","06091","0"
"Siskiyou","1","14","California","6/10/20","9","5","06093","55.56"
"Solano","10","617","California","6/10/20","547","70","06095","12.8"
"Sonoma","13","671","California","6/10/20","579","92","06097","15.89"
"Stanislaus","37","1023","California","6/10/20","767","256","06099","33.38"
"Sutter","3","67","California","6/10/20","46","21","06101","45.65"
"Tehama","1","12","California","6/10/20","6","6","06103","100"
"Trinity","0","2","California","6/10/20","1","1","06105","100"
"Tulare","58","2432","California","6/10/20","2026","406","06107","20.04"
"Tuolumne","0","7","California","6/10/20","4","3","06109","75"
"Ventura","34","1404","California","6/10/20","1164","240","06111","20.62"
"Yolo","2","227","California","6/10/20","213","14","06113","6.57"
"Yuba","0","33","California","6/10/20","31","2","06115","6.45"
"Adams","38","3643","Colorado","6/10/20","3379","264","08001","7.81"
"Alamosa","3","107","Colorado","6/10/20","84","23","08003","27.38"
"Arapahoe","30","4709","Colorado","6/10/20","4496","213","08005","4.74"
"Archuleta","0","8","Colorado","6/10/20","8","0","08007","0"
"Baca","0","12","Colorado","6/10/20","12","0","08009","0"
"Bent","0","3","Colorado","6/10/20","2","1","08011","50"
"Boulder","5","1031","Colorado","6/10/20","995","36","08013","3.62"
"Broomfield","2","258","Colorado","6/10/20","245","13","08014","5.31"
"Chaffee","0","78","Colorado","6/10/20","76","2","08015","2.63"
"Cheyenne","0","5","Colorado","6/10/20","5","0","08017","0"
"Clear Creek","0","17","Colorado","6/10/20","17","0","08019","0"
"Conejos","0","5","Colorado","6/10/20","2","3","08021","150"
"Costilla","1","10","Colorado","6/10/20","6","4","08023","66.67"
"Crowley","0","66","Colorado","6/10/20","64","2","08025","3.12"
"Custer","0","2","Colorado","6/10/20","2","0","08027","0"
"Delta","1","76","Colorado","6/10/20","72","4","08029","5.56"
"Denver","41","6204","Colorado","6/10/20","5917","287","08031","4.85"
"Douglas","5","771","Colorado","6/10/20","733","38","08035","5.18"
"Eagle","2","615","Colorado","6/10/20","599","16","08037","2.67"
"El Paso","16","1888","Colorado","6/10/20","1778","110","08041","6.19"
"Elbert","0","54","Colorado","6/10/20","53","1","08039","1.89"
"Fremont","0","26","Colorado","6/10/20","26","0","08043","0"
"Garfield","3","171","Colorado","6/10/20","150","21","08045","14"
"Gilpin","0","5","Colorado","6/10/20","4","1","08047","25"
"Grand","0","15","Colorado","6/10/20","15","0","08049","0"
"Gunnison","0","181","Colorado","6/10/20","178","3","08051","1.69"
"Hinsdale","0","3","Colorado","6/10/20","3","0","08053","0"
"Huerfano","0","3","Colorado","6/10/20","3","0","08055","0"
"Jefferson","19","2424","Colorado","6/10/20","2294","130","08059","5.67"
"Kit Carson","1","30","Colorado","6/10/20","26","4","08063","15.38"
"La Plata","0","84","Colorado","6/10/20","82","2","08067","2.44"
"Lake","1","38","Colorado","6/10/20","32","6","08065","18.75"
"Larimer","4","636","Colorado","6/10/20","606","30","08069","4.95"
"Las Animas","0","6","Colorado","6/10/20","5","1","08071","20"
"Lincoln","0","3","Colorado","6/10/20","3","0","08073","0"
"Logan","1","631","Colorado","6/10/20","621","10","08075","1.61"
"Mesa","1","65","Colorado","6/10/20","56","9","08077","16.07"
"Mineral","0","2","Colorado","6/10/20","2","0","08079","0"
"Moffat","0","8","Colorado","6/10/20","8","0","08081","0"
"Montezuma","2","58","Colorado","6/10/20","46","12","08083","26.09"
"Montrose","1","190","Colorado","6/10/20","181","9","08085","4.97"
"Morgan","1","644","Colorado","6/10/20","635","9","08087","1.42"
"Otero","0","22","Colorado","6/10/20","20","2","08089","10"
"Ouray","0","8","Colorado","6/10/20","8","0","08091","0"
"Park","0","24","Colorado","6/10/20","23","1","08093","4.35"
"Phillips","0","15","Colorado","6/10/20","14","1","08095","7.14"
"Pitkin","1","63","Colorado","6/10/20","59","4","08097","6.78"
"Prowers","0","16","Colorado","6/10/20","15","1","08099","6.67"
"Pueblo","3","324","Colorado","6/10/20","300","24","08101","8"
"Rio Blanco","0","1","Colorado","6/10/20","1","0","08103","0"
"Rio Grande","2","48","Colorado","6/10/20","36","12","08105","33.33"
"Routt","0","63","Colorado","6/10/20","62","1","08107","1.61"
"Saguache","1","95","Colorado","6/10/20","90","5","08109","5.56"
"San Juan","0","1","Colorado","6/10/20","1","0","08111","0"
"San Miguel","0","23","Colorado","6/10/20","24","-1","08113","-4.17"
"Summit","2","252","Colorado","6/10/20","237","15","08117","6.33"
"Teller","1","37","Colorado","6/10/20","33","4","08119","12.12"
"Washington","0","43","Colorado","6/10/20","41","2","08121","4.88"
"Weld","14","2616","Colorado","6/10/20","2521","95","08123","3.77"
"Yuma","1","48","Colorado","6/10/20","40","8","08125","20"
"Fairfield","49","16134","Connecticut","6/10/20","15789","345","09001","2.19"
"Hartford","47","10924","Connecticut","6/10/20","10593","331","09003","3.12"
"Litchfield","4","1430","Connecticut","6/10/20","1404","26","09005","1.85"
"Middlesex","5","1199","Connecticut","6/10/20","1161","38","09007","3.27"
"New Haven","52","11911","Connecticut","6/10/20","11548","363","09009","3.14"
"New London","4","1130","Connecticut","6/10/20","1100","30","09011","2.73"
"Tolland","3","878","Connecticut","6/10/20","856","22","09013","2.57"
"Windham","6","437","Connecticut","6/10/20","392","45","09015","11.48"
"Kent","11","1530","Delaware","6/10/20","1451","79","10001","5.44"
"New Castle","34","4139","Delaware","6/10/20","3903","236","10003","6.05"
"Sussex","10","4373","Delaware","6/10/20","4305","68","10005","1.58"
"","0","49","Diamond Princess","6/10/20","49","0",,"0"
"District of Columbia","74","9537","District of Columbia","6/10/20","9016","521","11001","5.78"
"Alachua","4","412","Florida","6/10/20","383","29","12001","7.57"
"Baker","0","29","Florida","6/10/20","29","0","12003","0"
"Bay","4","135","Florida","6/10/20","105","30","12005","28.57"
"Bradford","0","52","Florida","6/10/20","51","1","12007","1.96"
"Brevard","8","484","Florida","6/10/20","428","56","12009","13.08"
"Broward","122","8193","Florida","6/10/20","7339","854","12011","11.64"
"Calhoun","0","64","Florida","6/10/20","62","2","12013","3.23"
"Charlotte","5","505","Florida","6/10/20","470","35","12015","7.45"
"Citrus","1","130","Florida","6/10/20","122","8","12017","6.56"
"Clay","4","420","Florida","6/10/20","390","30","12019","7.69"
"Collier","79","2230","Florida","6/10/20","1679","551","12021","32.82"
"Columbia","3","175","Florida","6/10/20","153","22","12023","14.38"
"DeSoto","13","299","Florida","6/10/20","205","94","12027","45.85"
"Dixie","1","60","Florida","6/10/20","55","5","12029","9.09"
"Duval","26","1848","Florida","6/10/20","1669","179","12031","10.72"
"Escambia","9","915","Florida","6/10/20","853","62","12033","7.27"
"Flagler","1","200","Florida","6/10/20","191","9","12035","4.71"
"Franklin","0","2","Florida","6/10/20","2","0","12037","0"
"Gadsden","2","298","Florida","6/10/20","285","13","12039","4.56"
"Gilchrist","1","19","Florida","6/10/20","15","4","12041","26.67"
"Glades","6","104","Florida","6/10/20","64","40","12043","62.5"
"Gulf","1","8","Florida","6/10/20","2","6","12045","300"
"Hamilton","2","267","Florida","6/10/20","250","17","12047","6.8"
"Hardee","7","160","Florida","6/10/20","111","49","12049","44.14"
"Hendry","15","580","Florida","6/10/20","476","104","12051","21.85"
"Hernando","1","129","Florida","6/10/20","120","9","12053","7.5"
"Highlands","3","153","Florida","6/10/20","134","19","12055","14.18"
"Hillsborough","92","3027","Florida","6/10/20","2384","643","12057","26.97"
"Holmes","1","31","Florida","6/10/20","24","7","12059","29.17"
"Indian River","5","172","Florida","6/10/20","139","33","12061","23.74"
"Jackson","6","311","Florida","6/10/20","269","42","12063","15.61"
"Jefferson","0","31","Florida","6/10/20","29","2","12065","6.9"
"Lafayette","1","12","Florida","6/10/20","8","4","12067","50"
"Lake","5","342","Florida","6/10/20","309","33","12069","10.68"
"Lee","48","2422","Florida","6/10/20","2087","335","12071","16.05"
"Leon","3","451","Florida","6/10/20","428","23","12073","5.37"
"Levy","8","90","Florida","6/10/20","35","55","12075","157.14"
"Liberty","0","218","Florida","6/10/20","218","0","12077","0"
"Madison","0","71","Florida","6/10/20","69","2","12079","2.9"
"Manatee","19","1245","Florida","6/10/20","1110","135","12081","12.16"
"Marion","4","286","Florida","6/10/20","257","29","12083","11.28"
"Martin","33","958","Florida","6/10/20","729","229","12085","31.41"
"Miami-Dade","260","20277","Florida","6/10/20","18456","1821","12086","9.87"
"Monroe","1","116","Florida","6/10/20","109","7","12087","6.42"
"Nassau","0","84","Florida","6/10/20","81","3","12089","3.7"
"Okaloosa","7","287","Florida","6/10/20","236","51","12091","21.61"
"Okeechobee","7","149","Florida","6/10/20","97","52","12093","53.61"
"Orange","60","2542","Florida","6/10/20","2121","421","12095","19.85"
"Osceola","8","770","Florida","6/10/20","715","55","12097","7.69"
"Palm Beach","172","7678","Florida","6/10/20","6477","1201","12099","18.54"
"Pasco","8","457","Florida","6/10/20","398","59","12101","14.82"
"Pinellas","55","1746","Florida","6/10/20","1361","385","12103","28.29"
"Polk","30","1287","Florida","6/10/20","1074","213","12105","19.83"
"Putnam","3","176","Florida","6/10/20","154","22","12107","14.29"
"Santa Rosa","2","262","Florida","6/10/20","250","12","12113","4.8"
"Sarasota","8","705","Florida","6/10/20","649","56","12115","8.63"
"Seminole","11","585","Florida","6/10/20","505","80","12117","15.84"
"St. Johns","3","288","Florida","6/10/20","269","19","12109","7.06"
"St. Lucie","27","696","Florida","6/10/20","508","188","12111","37.01"
"Sumter","1","265","Florida","6/10/20","258","7","12119","2.71"
"Suwannee","1","178","Florida","6/10/20","170","8","12121","4.71"
"Taylor","3","47","Florida","6/10/20","24","23","12123","95.83"
"Union","1","38","Florida","6/10/20","33","5","12125","15.15"
"Volusia","11","849","Florida","6/10/20","771","78","12127","10.12"
"Wakulla","0","35","Florida","6/10/20","35","0","12129","0"
"Walton","2","135","Florida","6/10/20","118","17","12131","14.41"
"Washington","2","85","Florida","6/10/20","68","17","12133","25"
"Appling","4","199","Georgia","6/10/20","170","29","13001","17.06"
"Atkinson","1","62","Georgia","6/10/20","53","9","13003","16.98"
"Bacon","2","152","Georgia","6/10/20","136","16","13005","11.76"
"Baker","0","37","Georgia","6/10/20","34","3","13007","8.82"
"Baldwin","8","407","Georgia","6/10/20","352","55","13009","15.62"
"Banks","2","100","Georgia","6/10/20","86","14","13011","16.28"
"Barrow","5","366","Georgia","6/10/20","333","33","13013","9.91"
"Bartow","5","530","Georgia","6/10/20","496","34","13015","6.85"
"Ben Hill","2","96","Georgia","6/10/20","81","15","13017","18.52"
"Berrien","2","59","Georgia","6/10/20","48","11","13019","22.92"
"Bibb","5","516","Georgia","6/10/20","481","35","13021","7.28"
"Bleckley","1","53","Georgia","6/10/20","48","5","13023","10.42"
"Brantley","1","63","Georgia","6/10/20","59","4","13025","6.78"
"Brooks","2","87","Georgia","6/10/20","72","15","13027","20.83"
"Bryan","0","80","Georgia","6/10/20","77","3","13029","3.9"
"Bulloch","1","87","Georgia","6/10/20","77","10","13031","12.99"
"Burke","0","125","Georgia","6/10/20","123","2","13033","1.63"
"Butts","2","254","Georgia","6/10/20","237","17","13035","7.17"
"Calhoun","1","139","Georgia","6/10/20","135","4","13037","2.96"
"Camden","1","70","Georgia","6/10/20","66","4","13039","6.06"
"Candler","0","17","Georgia","6/10/20","14","3","13043","21.43"
"Carroll","8","591","Georgia","6/10/20","535","56","13045","10.47"
"Catoosa","4","175","Georgia","6/10/20","145","30","13047","20.69"
"Charlton","0","36","Georgia","6/10/20","33","3","13049","9.09"
"Chatham","6","562","Georgia","6/10/20","522","40","13051","7.66"
"Chattahoochee","4","191","Georgia","6/10/20","160","31","13053","19.38"
"Chattooga","0","27","Georgia","6/10/20","25","2","13055","8"
"Cherokee","10","990","Georgia","6/10/20","923","67","13057","7.26"
"Clarke","5","331","Georgia","6/10/20","296","35","13059","11.82"
"Clay","1","50","Georgia","6/10/20","41","9","13061","21.95"
"Clayton","17","1378","Georgia","6/10/20","1260","118","13063","9.37"
"Clinch","2","72","Georgia","6/10/20","59","13","13065","22.03"
"Cobb","39","3370","Georgia","6/10/20","3097","273","13067","8.81"
"Coffee","4","310","Georgia","6/10/20","285","25","13069","8.77"
"Colquitt","16","603","Georgia","6/10/20","488","115","13071","23.57"
"Columbia","3","289","Georgia","6/10/20","266","23","13073","8.65"
"Cook","2","59","Georgia","6/10/20","45","14","13075","31.11"
"Coweta","6","476","Georgia","6/10/20","432","44","13077","10.19"
"Crawford","0","31","Georgia","6/10/20","28","3","13079","10.71"
"Crisp","0","240","Georgia","6/10/20","237","3","13081","1.27"
"Dade","1","43","Georgia","6/10/20","39","4","13083","10.26"
"Dawson","1","116","Georgia","6/10/20","110","6","13085","5.45"
"Decatur","2","219","Georgia","6/10/20","206","13","13087","6.31"
"DeKalb","45","4186","Georgia","6/10/20","3874","312","13089","8.05"
"Dodge","0","53","Georgia","6/10/20","52","1","13091","1.92"
"Dooly","2","196","Georgia","6/10/20","185","11","13093","5.95"
"Dougherty","4","1820","Georgia","6/10/20","1790","30","13095","1.68"
"Douglas","10","624","Georgia","6/10/20","556","68","13097","12.23"
"Early","1","253","Georgia","6/10/20","247","6","13099","2.43"
"Echols","3","149","Georgia","6/10/20","125","24","13101","19.2"
"Effingham","1","81","Georgia","6/10/20","75","6","13103","8"
"Elbert","1","82","Georgia","6/10/20","75","7","13105","9.33"
"Emanuel","1","34","Georgia","6/10/20","28","6","13107","21.43"
"Evans","0","6","Georgia","6/10/20","5","1","13109","20"
"Fannin","1","59","Georgia","6/10/20","49","10","13111","20.41"
"Fayette","2","254","Georgia","6/10/20","239","15","13113","6.28"
"Floyd","10","349","Georgia","6/10/20","281","68","13115","24.2"
"Forsyth","6","579","Georgia","6/10/20","534","45","13117","8.43"
"Franklin","4","134","Georgia","6/10/20","105","29","13119","27.62"
"Fulton","43","4989","Georgia","6/10/20","4688","301","13121","6.42"
"Gilmer","1","166","Georgia","6/10/20","157","9","13123","5.73"
"Glascock","0","1","Georgia","6/10/20","1","0","13125","0"
"Glynn","4","166","Georgia","6/10/20","135","31","13127","22.96"
"Gordon","7","219","Georgia","6/10/20","170","49","13129","28.82"
"Grady","2","129","Georgia","6/10/20","117","12","13131","10.26"
"Greene","2","83","Georgia","6/10/20","71","12","13133","16.9"
"Gwinnett","106","4808","Georgia","6/10/20","4063","745","13135","18.34"
"Habersham","5","572","Georgia","6/10/20","538","34","13137","6.32"
"Hall","21","2686","Georgia","6/10/20","2539","147","13139","5.79"
"Hancock","1","202","Georgia","6/10/20","197","5","13141","2.54"
"Haralson","1","56","Georgia","6/10/20","49","7","13143","14.29"
"Harris","9","173","Georgia","6/10/20","111","62","13145","55.86"
"Hart","1","39","Georgia","6/10/20","34","5","13147","14.71"
"Heard","1","39","Georgia","6/10/20","35","4","13149","11.43"
"Henry","10","787","Georgia","6/10/20","716","71","13151","9.92"
"Houston","4","408","Georgia","6/10/20","381","27","13153","7.09"
"Irwin","0","34","Georgia","6/10/20","31","3","13155","9.68"
"Jackson","6","239","Georgia","6/10/20","199","40","13157","20.1"
"Jasper","2","51","Georgia","6/10/20","40","11","13159","27.5"
"Jeff Davis","2","49","Georgia","6/10/20","38","11","13161","28.95"
"Jefferson","1","52","Georgia","6/10/20","46","6","13163","13.04"
"Jenkins","3","40","Georgia","6/10/20","21","19","13165","90.48"
"Johnson","0","83","Georgia","6/10/20","82","1","13167","1.22"
"Jones","1","50","Georgia","6/10/20","44","6","13169","13.64"
"Lamar","1","78","Georgia","6/10/20","73","5","13171","6.85"
"Lanier","2","36","Georgia","6/10/20","24","12","13173","50"
"Laurens","1","116","Georgia","6/10/20","108","8","13175","7.41"
"Lee","1","369","Georgia","6/10/20","361","8","13177","2.22"
"Liberty","0","86","Georgia","6/10/20","83","3","13179","3.61"
"Lincoln","0","17","Georgia","6/10/20","16","1","13181","6.25"
"Long","0","18","Georgia","6/10/20","16","2","13183","12.5"
"Lowndes","26","505","Georgia","6/10/20","326","179","13185","54.91"
"Lumpkin","1","105","Georgia","6/10/20","101","4","13187","3.96"
"Macon","0","106","Georgia","6/10/20","104","2","13193","1.92"
"Madison","1","67","Georgia","6/10/20","59","8","13195","13.56"
"Marion","0","59","Georgia","6/10/20","59","0","13197","0"
"McDuffie","1","73","Georgia","6/10/20","69","4","13189","5.8"
"McIntosh","0","16","Georgia","6/10/20","16","0","13191","0"
"Meriwether","3","114","Georgia","6/10/20","95","19","13199","20"
"Miller","0","45","Georgia","6/10/20","42","3","13201","7.14"
"Mitchell","1","425","Georgia","6/10/20","415","10","13205","2.41"
"Monroe","0","126","Georgia","6/10/20","124","2","13207","1.61"
"Montgomery","1","17","Georgia","6/10/20","13","4","13209","30.77"
"Morgan","0","40","Georgia","6/10/20","38","2","13211","5.26"
"Murray","3","120","Georgia","6/10/20","99","21","13213","21.21"
"Muscogee","33","904","Georgia","6/10/20","673","231","13215","34.32"
"Newton","4","402","Georgia","6/10/20","376","26","13217","6.91"
"Oconee","1","127","Georgia","6/10/20","119","8","13219","6.72"
"Oglethorpe","1","71","Georgia","6/10/20","63","8","13221","12.7"
"Out of GA","47","2515","Georgia","6/10/20","2183","332","80013","15.21"
"Paulding","7","382","Georgia","6/10/20","334","48","13223","14.37"
"Peach","1","80","Georgia","6/10/20","76","4","13225","5.26"
"Pickens","1","57","Georgia","6/10/20","50","7","13227","14"
"Pierce","2","122","Georgia","6/10/20","105","17","13229","16.19"
"Pike","1","65","Georgia","6/10/20","56","9","13231","16.07"
"Polk","3","154","Georgia","6/10/20","131","23","13233","17.56"
"Pulaski","0","46","Georgia","6/10/20","43","3","13235","6.98"
"Putnam","1","103","Georgia","6/10/20","95","8","13237","8.42"
"Quitman","0","15","Georgia","6/10/20","14","1","13239","7.14"
"Rabun","0","28","Georgia","6/10/20","25","3","13241","12"
"Randolph","1","186","Georgia","6/10/20","179","7","13243","3.91"
"Richmond","8","659","Georgia","6/10/20","606","53","13245","8.75"
"Rockdale","4","325","Georgia","6/10/20","297","28","13247","9.43"
"Schley","0","18","Georgia","6/10/20","16","2","13249","12.5"
"Screven","1","60","Georgia","6/10/20","55","5","13251","9.09"
"Seminole","0","47","Georgia","6/10/20","45","2","13253","4.44"
"Spalding","3","302","Georgia","6/10/20","280","22","13255","7.86"
"Stephens","0","147","Georgia","6/10/20","147","0","13257","0"
"Stewart","1","59","Georgia","6/10/20","53","6","13259","11.32"
"Sumter","1","499","Georgia","6/10/20","490","9","13261","1.84"
"Talbot","1","44","Georgia","6/10/20","40","4","13263","10"
"Taliaferro","0","1","Georgia","6/10/20","1","0","13265","0"
"Tattnall","1","35","Georgia","6/10/20","29","6","13267","20.69"
"Taylor","0","24","Georgia","6/10/20","23","1","13269","4.35"
"Telfair","0","39","Georgia","6/10/20","37","2","13271","5.41"
"Terrell","0","217","Georgia","6/10/20","215","2","13273","0.93"
"Thomas","1","356","Georgia","6/10/20","346","10","13275","2.89"
"Tift","11","345","Georgia","6/10/20","271","74","13277","27.31"
"Toombs","4","83","Georgia","6/10/20","58","25","13279","43.1"
"Towns","1","31","Georgia","6/10/20","26","5","13281","19.23"
"Treutlen","1","17","Georgia","6/10/20","13","4","13283","30.77"
"Troup","29","545","Georgia","6/10/20","345","200","13285","57.97"
"Turner","1","144","Georgia","6/10/20","134","10","13287","7.46"
"Twiggs","0","19","Georgia","6/10/20","18","1","13289","5.56"
"Union","0","51","Georgia","6/10/20","48","3","13291","6.25"
"Upson","0","291","Georgia","6/10/20","290","1","13293","0.34"
"Walker","5","206","Georgia","6/10/20","171","35","13295","20.47"
"Walton","5","309","Georgia","6/10/20","273","36","13297","13.19"
"Ware","3","252","Georgia","6/10/20","234","18","13299","7.69"
"Warren","0","19","Georgia","6/10/20","18","1","13301","5.56"
"Washington","0","75","Georgia","6/10/20","74","1","13303","1.35"
"Wayne","1","32","Georgia","6/10/20","22","10","13305","45.45"
"Webster","0","14","Georgia","6/10/20","13","1","13307","7.69"
"Wheeler","0","15","Georgia","6/10/20","13","2","13309","15.38"
"White","2","117","Georgia","6/10/20","105","12","13311","11.43"
"Whitfield","16","520","Georgia","6/10/20","408","112","13313","27.45"
"Wilcox","0","118","Georgia","6/10/20","117","1","13315","0.85"
"Wilkes","0","34","Georgia","6/10/20","34","0","13317","0"
"Wilkinson","0","71","Georgia","6/10/20","69","2","13319","2.9"
"Worth","3","247","Georgia","6/10/20","226","21","13321","9.29"
"","0","103","Grand Princess","6/10/20","103","0",,"0"
"","0","180","Guam","6/10/20","177","3",,"1.69"
"Hawaii","0","81","Hawaii","6/10/20","81","0","15001","0"
"Honolulu","4","451","Hawaii","6/10/20","423","28","15003","6.62"
"Kauai","0","21","Hawaii","6/10/20","20","1","15007","5"
"Maui","0","120","Hawaii","6/10/20","119","1","15009","0.84"
"Out of HI","0","12","Hawaii","6/10/20","10","2","80015","20"
"Ada","5","854","Idaho","6/10/20","818","36","16001","4.4"
"Adams","0","3","Idaho","6/10/20","3","0","16003","0"
"Bannock","3","52","Idaho","6/10/20","34","18","16005","52.94"
"Benewah","1","19","Idaho","6/10/20","12","7","16009","58.33"
"Bingham","2","23","Idaho","6/10/20","8","15","16011","187.5"
"Blaine","0","515","Idaho","6/10/20","512","3","16013","0.59"
"Bonner","0","7","Idaho","6/10/20","6","1","16017","16.67"
"Bonneville","2","68","Idaho","6/10/20","51","17","16019","33.33"
"Camas","0","1","Idaho","6/10/20","1","0","16025","0"
"Canyon","6","351","Idaho","6/10/20","310","41","16027","13.23"
"Caribou","0","3","Idaho","6/10/20","1","2","16029","200"
"Cassia","5","123","Idaho","6/10/20","85","38","16031","44.71"
"Custer","0","2","Idaho","6/10/20","2","0","16037","0"
"Elmore","0","33","Idaho","6/10/20","31","2","16039","6.45"
"Franklin","0","10","Idaho","6/10/20","9","1","16041","11.11"
"Fremont","0","4","Idaho","6/10/20","3","1","16043","33.33"
"Gem","0","17","Idaho","6/10/20","17","0","16045","0"
"Gooding","1","57","Idaho","6/10/20","49","8","16047","16.33"
"Idaho","0","3","Idaho","6/10/20","3","0","16049","0"
"Jefferson","0","9","Idaho","6/10/20","7","2","16051","28.57"
"Jerome","4","202","Idaho","6/10/20","175","27","16053","15.43"
"Kootenai","3","91","Idaho","6/10/20","73","18","16055","24.66"
"Latah","0","7","Idaho","6/10/20","7","0","16057","0"
"Lemhi","0","1","Idaho","6/10/20","1","0","16059","0"
"Lincoln","0","34","Idaho","6/10/20","33","1","16063","3.03"
"Madison","1","27","Idaho","6/10/20","21","6","16065","28.57"
"Minidoka","4","85","Idaho","6/10/20","58","27","16067","46.55"
"Nez Perce","0","84","Idaho","6/10/20","82","2","16069","2.44"
"Owyhee","0","8","Idaho","6/10/20","8","0","16073","0"
"Payette","0","26","Idaho","6/10/20","23","3","16075","13.04"
"Power","0","9","Idaho","6/10/20","6","3","16077","50"
"Teton","0","11","Idaho","6/10/20","11","0","16081","0"
"Twin Falls","6","469","Idaho","6/10/20","428","41","16083","9.58"
"Valley","0","3","Idaho","6/10/20","2","1","16085","50"
"Washington","1","49","Idaho","6/10/20","43","6","16087","13.95"
"Adams","0","45","Illinois","6/10/20","44","1","17001","2.27"
"Alexander","1","16","Illinois","6/10/20","12","4","17003","33.33"
"Bond","0","12","Illinois","6/10/20","12","0","17005","0"
"Boone","4","511","Illinois","6/10/20","481","30","17007","6.24"
"Brown","0","10","Illinois","6/10/20","10","0","17009","0"
"Bureau","1","22","Illinois","6/10/20","17","5","17011","29.41"
"Calhoun","0","1","Illinois","6/10/20","1","0","17013","0"
"Carroll","1","19","Illinois","6/10/20","15","4","17015","26.67"
"Cass","0","74","Illinois","6/10/20","74","0","17017","0"
"Champaign","6","700","Illinois","6/10/20","661","39","17019","5.9"
"Christian","0","35","Illinois","6/10/20","35","0","17021","0"
"Clark","0","12","Illinois","6/10/20","11","1","17023","9.09"
"Clay","0","2","Illinois","6/10/20","2","0","17025","0"
"Clinton","1","197","Illinois","6/10/20","188","9","17027","4.79"
"Coles","2","142","Illinois","6/10/20","128","14","17029","10.94"
"Cook","483","83585","Illinois","6/10/20","80204","3381","17031","4.22"
"Crawford","0","11","Illinois","6/10/20","12","-1","17033","-8.33"
"Cumberland","0","10","Illinois","6/10/20","10","0","17035","0"
"De Witt","0","4","Illinois","6/10/20","4","0","17039","0"
"DeKalb","4","460","Illinois","6/10/20","435","25","17037","5.75"
"Douglas","0","30","Illinois","6/10/20","28","2","17041","7.14"
"DuPage","52","8255","Illinois","6/10/20","7891","364","17043","4.61"
"Edgar","0","1","Illinois","6/10/20","1","0","17045","0"
"Edwards","0","2","Illinois","6/10/20","2","0","17047","0"
"Effingham","0","8","Illinois","6/10/20","7","1","17049","14.29"
"Fayette","0","22","Illinois","6/10/20","21","1","17051","4.76"
"Ford","0","22","Illinois","6/10/20","20","2","17053","10"
"Franklin","0","12","Illinois","6/10/20","12","0","17055","0"
"Fulton","0","12","Illinois","6/10/20","12","0","17057","0"
"Gallatin","0","2","Illinois","6/10/20","2","0","17059","0"
"Greene","0","7","Illinois","6/10/20","6","1","17061","16.67"
"Grundy","3","125","Illinois","6/10/20","104","21","17063","20.19"
"Hamilton","0","2","Illinois","6/10/20","2","0","17065","0"
"Hancock","0","18","Illinois","6/10/20","17","1","17067","5.88"
"Hardin","0","1","Illinois","6/10/20","1","0","17069","0"
"Henderson","0","8","Illinois","6/10/20","8","0","17071","0"
"Henry","0","71","Illinois","6/10/20","70","1","17073","1.43"
"Iroquois","0","136","Illinois","6/10/20","133","3","17075","2.26"
"Jackson","2","307","Illinois","6/10/20","293","14","17077","4.78"
"Jasper","0","46","Illinois","6/10/20","46","0","17079","0"
"Jefferson","0","101","Illinois","6/10/20","101","0","17081","0"
"Jersey","0","27","Illinois","6/10/20","24","3","17083","12.5"
"Jo Daviess","0","33","Illinois","6/10/20","32","1","17085","3.12"
"Johnson","0","13","Illinois","6/10/20","10","3","17087","30"
"Kane","61","6948","Illinois","6/10/20","6518","430","17089","6.6"
"Kankakee","13","1047","Illinois","6/10/20","959","88","17091","9.18"
"Kendall","5","863","Illinois","6/10/20","825","38","17093","4.61"
"Knox","1","106","Illinois","6/10/20","101","5","17095","4.95"
"Lake","54","8886","Illinois","6/10/20","8511","375","17097","4.41"
"LaSalle","2","172","Illinois","6/10/20","157","15","17099","9.55"
"Lawrence","0","4","Illinois","6/10/20","4","0","17101","0"
"Lee","1","89","Illinois","6/10/20","82","7","17103","8.54"
"Livingston","0","36","Illinois","6/10/20","36","0","17105","0"
"Logan","0","10","Illinois","6/10/20","11","-1","17107","-9.09"
"Macon","1","204","Illinois","6/10/20","195","9","17115","4.62"
"Macoupin","0","46","Illinois","6/10/20","46","0","17117","0"
"Madison","9","660","Illinois","6/10/20","600","60","17119","10"
"Marion","1","55","Illinois","6/10/20","51","4","17121","7.84"
"Marshall","0","5","Illinois","6/10/20","5","0","17123","0"
"Mason","0","18","Illinois","6/10/20","18","0","17125","0"
"Massac","0","7","Illinois","6/10/20","7","0","17127","0"
"McDonough","0","93","Illinois","6/10/20","94","-1","17109","-1.06"
"McHenry","21","1776","Illinois","6/10/20","1628","148","17111","9.09"
"McLean","1","231","Illinois","6/10/20","224","7","17113","3.12"
"Menard","0","22","Illinois","6/10/20","20","2","17129","10"
"Mercer","0","18","Illinois","6/10/20","17","1","17131","5.88"
"Monroe","1","105","Illinois","6/10/20","97","8","17133","8.25"
"Montgomery","0","41","Illinois","6/10/20","40","1","17135","2.5"
"Morgan","2","56","Illinois","6/10/20","39","17","17137","43.59"
"Moultrie","0","14","Illinois","6/10/20","12","2","17139","16.67"
"Ogle","1","224","Illinois","6/10/20","214","10","17141","4.67"
"Out of IL","-1","115","Illinois","6/10/20","120","-5","80017","-4.17"
"Peoria","10","342","Illinois","6/10/20","273","69","17143","25.27"
"Perry","0","43","Illinois","6/10/20","42","1","17145","2.38"
"Piatt","0","11","Illinois","6/10/20","11","0","17147","0"
"Pike","0","1","Illinois","6/10/20","1","0","17149","0"
"Pope","0","1","Illinois","6/10/20","1","0","17151","0"
"Pulaski","0","59","Illinois","6/10/20","56","3","17153","5.36"
"Putnam","0","1","Illinois","6/10/20","1","0","17155","0"
"Randolph","1","276","Illinois","6/10/20","271","5","17157","1.85"
"Richland","0","4","Illinois","6/10/20","3","1","17159","33.33"
"Rock Island","4","719","Illinois","6/10/20","691","28","17161","4.05"
"Saline","0","7","Illinois","6/10/20","7","0","17165","0"
"Sangamon","2","367","Illinois","6/10/20","353","14","17167","3.97"
"Schuyler","0","13","Illinois","6/10/20","13","0","17169","0"
"Shelby","0","16","Illinois","6/10/20","16","0","17173","0"
"St. Clair","21","1354","Illinois","6/10/20","1210","144","17163","11.9"
"Stark","0","3","Illinois","6/10/20","3","0","17175","0"
"Stephenson","2","222","Illinois","6/10/20","210","12","17177","5.71"
"Tazewell","1","82","Illinois","6/10/20","78","4","17179","5.13"
"Union","1","172","Illinois","6/10/20","168","4","17181","2.38"
"Vermilion","1","44","Illinois","6/10/20","40","4","17183","10"
"Wabash","1","12","Illinois","6/10/20","5","7","17185","140"
"Warren","1","127","Illinois","6/10/20","118","9","17187","7.63"
"Washington","0","19","Illinois","6/10/20","19","0","17189","0"
"Wayne","0","9","Illinois","6/10/20","9","0","17191","0"
"White","0","2","Illinois","6/10/20","2","0","17193","0"
"Whiteside","2","157","Illinois","6/10/20","144","13","17195","9.03"
"Will","44","6011","Illinois","6/10/20","5704","307","17197","5.38"
"Williamson","1","81","Illinois","6/10/20","71","10","17199","14.08"
"Winnebago","39","2627","Illinois","6/10/20","2354","273","17201","11.6"
"Woodford","0","22","Illinois","6/10/20","21","1","17203","4.76"
"Adams","1","24","Indiana","6/10/20","20","4","18001","20"
"Allen","39","2014","Indiana","6/10/20","1743","271","18003","15.55"
"Bartholomew","3","540","Indiana","6/10/20","522","18","18005","3.45"
"Benton","0","33","Indiana","6/10/20","32","1","18007","3.12"
"Blackford","0","29","Indiana","6/10/20","27","2","18009","7.41"
"Boone","3","339","Indiana","6/10/20","318","21","18011","6.6"
"Brown","0","35","Indiana","6/10/20","33","2","18013","6.06"
"Carroll","0","96","Indiana","6/10/20","93","3","18015","3.23"
"Cass","0","1592","Indiana","6/10/20","1592","0","18017","0"
"Clark","3","549","Indiana","6/10/20","528","21","18019","3.98"
"Clay","1","56","Indiana","6/10/20","52","4","18021","7.69"
"Clinton","1","249","Indiana","6/10/20","240","9","18023","3.75"
"Crawford","0","27","Indiana","6/10/20","24","3","18025","12.5"
"Daviess","3","113","Indiana","6/10/20","95","18","18027","18.95"
"Dearborn","1","175","Indiana","6/10/20","170","5","18029","2.94"
"Decatur","1","235","Indiana","6/10/20","230","5","18031","2.17"
"DeKalb","6","84","Indiana","6/10/20","43","41","18033","95.35"
"Delaware","2","399","Indiana","6/10/20","387","12","18035","3.1"
"Dubois","4","231","Indiana","6/10/20","205","26","18037","12.68"
"Elkhart","57","1832","Indiana","6/10/20","1435","397","18039","27.67"
"Fayette","0","80","Indiana","6/10/20","79","1","18041","1.27"
"Floyd","1","329","Indiana","6/10/20","321","8","18043","2.49"
"Fountain","0","24","Indiana","6/10/20","22","2","18045","9.09"
"Franklin","1","119","Indiana","6/10/20","115","4","18047","3.48"
"Fulton","0","51","Indiana","6/10/20","50","1","18049","2"
"Gibson","0","21","Indiana","6/10/20","18","3","18051","16.67"
"Grant","3","245","Indiana","6/10/20","221","24","18053","10.86"
"Greene","1","177","Indiana","6/10/20","171","6","18055","3.51"
"Hamilton","9","1242","Indiana","6/10/20","1180","62","18057","5.25"
"Hancock","3","367","Indiana","6/10/20","349","18","18059","5.16"
"Harrison","0","198","Indiana","6/10/20","196","2","18061","1.02"
"Hendricks","8","1234","Indiana","6/10/20","1180","54","18063","4.58"
"Henry","1","192","Indiana","6/10/20","184","8","18065","4.35"
"Howard","2","451","Indiana","6/10/20","437","14","18067","3.2"
"Huntington","2","49","Indiana","6/10/20","34","15","18069","44.12"
"Jackson","2","407","Indiana","6/10/20","394","13","18071","3.3"
"Jasper","2","82","Indiana","6/10/20","70","12","18073","17.14"
"Jay","1","59","Indiana","6/10/20","53","6","18075","11.32"
"Jefferson","1","51","Indiana","6/10/20","47","4","18077","8.51"
"Jennings","1","135","Indiana","6/10/20","131","4","18079","3.05"
"Johnson","5","1155","Indiana","6/10/20","1120","35","18081","3.12"
"Knox","0","33","Indiana","6/10/20","31","2","18083","6.45"
"Kosciusko","12","252","Indiana","6/10/20","166","86","18085","51.81"
"LaGrange","12","188","Indiana","6/10/20","102","86","18087","84.31"
"Lake","32","4033","Indiana","6/10/20","3806","227","18089","5.96"
"LaPorte","4","463","Indiana","6/10/20","436","27","18091","6.19"
"Lawrence","1","172","Indiana","6/10/20","165","7","18093","4.24"
"Madison","1","606","Indiana","6/10/20","597","9","18095","1.51"
"Marion","61","10464","Indiana","6/10/20","10037","427","18097","4.25"
"Marshall","14","247","Indiana","6/10/20","147","100","18099","68.03"
"Martin","0","15","Indiana","6/10/20","12","3","18101","25"
"Miami","2","152","Indiana","6/10/20","141","11","18103","7.8"
"Monroe","2","181","Indiana","6/10/20","170","11","18105","6.47"
"Montgomery","2","259","Indiana","6/10/20","244","15","18107","6.15"
"Morgan","2","294","Indiana","6/10/20","283","11","18109","3.89"
"Newton","1","82","Indiana","6/10/20","78","4","18111","5.13"
"Noble","8","310","Indiana","6/10/20","251","59","18113","23.51"
"Ohio","0","13","Indiana","6/10/20","13","0","18115","0"
"Orange","0","132","Indiana","6/10/20","131","1","18117","0.76"
"Owen","0","37","Indiana","6/10/20","34","3","18119","8.82"
"Parke","0","19","Indiana","6/10/20","18","1","18121","5.56"
"Perry","2","48","Indiana","6/10/20","34","14","18123","41.18"
"Pike","0","6","Indiana","6/10/20","6","0","18125","0"
"Porter","3","576","Indiana","6/10/20","553","23","18127","4.16"
"Posey","0","17","Indiana","6/10/20","16","1","18129","6.25"
"Pulaski","0","52","Indiana","6/10/20","49","3","18131","6.12"
"Putnam","2","148","Indiana","6/10/20","137","11","18133","8.03"
"Randolph","1","57","Indiana","6/10/20","50","7","18135","14"
"Ripley","0","109","Indiana","6/10/20","108","1","18137","0.93"
"Rush","0","50","Indiana","6/10/20","50","0","18139","0"
"Scott","1","132","Indiana","6/10/20","122","10","18143","8.2"
"Shelby","1","403","Indiana","6/10/20","398","5","18145","1.26"
"Spencer","0","22","Indiana","6/10/20","21","1","18147","4.76"
"St. Joseph","19","1453","Indiana","6/10/20","1320","133","18141","10.08"
"Starke","1","47","Indiana","6/10/20","39","8","18149","20.51"
"Steuben","2","98","Indiana","6/10/20","87","11","18151","12.64"
"Sullivan","0","39","Indiana","6/10/20","37","2","18153","5.41"
"Switzerland","0","21","Indiana","6/10/20","21","0","18155","0"
"Tippecanoe","6","466","Indiana","6/10/20","421","45","18157","10.69"
"Tipton","0","27","Indiana","6/10/20","26","1","18159","3.85"
"Union","0","12","Indiana","6/10/20","9","3","18161","33.33"
"Vanderburgh","3","313","Indiana","6/10/20","290","23","18163","7.93"
"Vermillion","0","10","Indiana","6/10/20","10","0","18165","0"
"Vigo","3","197","Indiana","6/10/20","175","22","18167","12.57"
"Wabash","1","87","Indiana","6/10/20","80","7","18169","8.75"
"Warren","0","13","Indiana","6/10/20","12","1","18171","8.33"
"Warrick","0","170","Indiana","6/10/20","167","3","18173","1.8"
"Washington","1","56","Indiana","6/10/20","51","5","18175","9.8"
"Wayne","1","91","Indiana","6/10/20","86","5","18177","5.81"
"Wells","2","45","Indiana","6/10/20","32","13","18179","40.62"
"White","1","242","Indiana","6/10/20","238","4","18181","1.68"
"Whitley","2","58","Indiana","6/10/20","44","14","18183","31.82"
"Adair","0","10","Iowa","6/10/20","9","1","19001","11.11"
"Adams","0","7","Iowa","6/10/20","7","0","19003","0"
"Allamakee","0","121","Iowa","6/10/20","120","1","19005","0.83"
"Appanoose","0","16","Iowa","6/10/20","14","2","19007","14.29"
"Audubon","0","13","Iowa","6/10/20","13","0","19009","0"
"Benton","0","46","Iowa","6/10/20","44","2","19011","4.55"
"Black Hawk","8","1813","Iowa","6/10/20","1759","54","19013","3.07"
"Boone","2","79","Iowa","6/10/20","67","12","19015","17.91"
"Bremer","1","74","Iowa","6/10/20","69","5","19017","7.25"
"Buchanan","0","34","Iowa","6/10/20","33","1","19019","3.03"
"Buena Vista","61","1343","Iowa","6/10/20","918","425","19021","46.3"
"Butler","0","18","Iowa","6/10/20","17","1","19023","5.88"
"Calhoun","2","16","Iowa","6/10/20","4","12","19025","300"
"Carroll","1","17","Iowa","6/10/20","13","4","19027","30.77"
"Cass","0","13","Iowa","6/10/20","12","1","19029","8.33"
"Cedar","0","52","Iowa","6/10/20","49","3","19031","6.12"
"Cerro Gordo","1","36","Iowa","6/10/20","30","6","19033","20"
"Cherokee","2","51","Iowa","6/10/20","36","15","19035","41.67"
"Chickasaw","0","15","Iowa","6/10/20","12","3","19037","25"
"Clarke","3","83","Iowa","6/10/20","64","19","19039","29.69"
"Clay","2","38","Iowa","6/10/20","21","17","19041","80.95"
"Clayton","0","34","Iowa","6/10/20","34","0","19043","0"
"Clinton","0","67","Iowa","6/10/20","65","2","19045","3.08"
"Crawford","6","587","Iowa","6/10/20","542","45","19047","8.3"
"Dallas","6","973","Iowa","6/10/20","929","44","19049","4.74"
"Davis","0","30","Iowa","6/10/20","27","3","19051","11.11"
"Decatur","0","3","Iowa","6/10/20","1","2","19053","200"
"Delaware","1","25","Iowa","6/10/20","19","6","19055","31.58"
"Des Moines","0","68","Iowa","6/10/20","66","2","19057","3.03"
"Dickinson","8","84","Iowa","6/10/20","27","57","19059","211.11"
"Dubuque","3","371","Iowa","6/10/20","351","20","19061","5.7"
"Emmet","2","34","Iowa","6/10/20","19","15","19063","78.95"
"Fayette","0","28","Iowa","6/10/20","27","1","19065","3.7"
"Floyd","0","19","Iowa","6/10/20","19","0","19067","0"
"Franklin","3","38","Iowa","6/10/20","15","23","19069","153.33"
"Fremont","0","4","Iowa","6/10/20","4","0","19071","0"
"Greene","0","15","Iowa","6/10/20","13","2","19073","15.38"
"Grundy","0","23","Iowa","6/10/20","20","3","19075","15"
"Guthrie","0","55","Iowa","6/10/20","53","2","19077","3.77"
"Hamilton","8","104","Iowa","6/10/20","45","59","19079","131.11"
"Hancock","1","24","Iowa","6/10/20","16","8","19081","50"
"Hardin","2","36","Iowa","6/10/20","19","17","19083","89.47"
"Harrison","0","28","Iowa","6/10/20","26","2","19085","7.69"
"Henry","0","74","Iowa","6/10/20","72","2","19087","2.78"
"Howard","0","12","Iowa","6/10/20","12","0","19089","0"
"Humboldt","1","26","Iowa","6/10/20","18","8","19091","44.44"
"Ida","0","15","Iowa","6/10/20","14","1","19093","7.14"
"Iowa","0","35","Iowa","6/10/20","33","2","19095","6.06"
"Jackson","0","14","Iowa","6/10/20","13","1","19097","7.69"
"Jasper","2","276","Iowa","6/10/20","263","13","19099","4.94"
"Jefferson","1","43","Iowa","6/10/20","33","10","19101","30.3"
"Johnson","2","633","Iowa","6/10/20","616","17","19103","2.76"
"Jones","0","38","Iowa","6/10/20","37","1","19105","2.7"
"Keokuk","0","15","Iowa","6/10/20","14","1","19107","7.14"
"Kossuth","0","16","Iowa","6/10/20","13","3","19109","23.08"
"Lee","1","36","Iowa","6/10/20","28","8","19111","28.57"
"Linn","5","1005","Iowa","6/10/20","967","38","19113","3.93"
"Louisa","1","354","Iowa","6/10/20","346","8","19115","2.31"
"Lucas","0","22","Iowa","6/10/20","19","3","19117","15.79"
"Lyon","0","26","Iowa","6/10/20","25","1","19119","4"
"Madison","0","30","Iowa","6/10/20","29","1","19121","3.45"
"Mahaska","1","104","Iowa","6/10/20","97","7","19123","7.22"
"Marion","1","38","Iowa","6/10/20","34","4","19125","11.76"
"Marshall","4","931","Iowa","6/10/20","901","30","19127","3.33"
"Mills","0","21","Iowa","6/10/20","20","1","19129","5"
"Mitchell","0","6","Iowa","6/10/20","4","2","19131","50"
"Monona","1","29","Iowa","6/10/20","25","4","19133","16"
"Monroe","1","45","Iowa","6/10/20","38","7","19135","18.42"
"Montgomery","0","9","Iowa","6/10/20","8","1","19137","12.5"
"Muscatine","1","568","Iowa","6/10/20","563","5","19139","0.89"
"O'Brien","3","60","Iowa","6/10/20","36","24","19141","66.67"
"Osceola","1","41","Iowa","6/10/20","34","7","19143","20.59"
"Page","0","16","Iowa","6/10/20","14","2","19145","14.29"
"Palo Alto","0","9","Iowa","6/10/20","7","2","19147","28.57"
"Plymouth","5","173","Iowa","6/10/20","139","34","19149","24.46"
"Pocahontas","2","29","Iowa","6/10/20","14","15","19151","107.14"
"Polk","71","4906","Iowa","6/10/20","4406","500","19153","11.35"
"Pottawattamie","20","438","Iowa","6/10/20","296","142","19155","47.97"
"Poweshiek","0","94","Iowa","6/10/20","91","3","19157","3.3"
"Ringgold","0","7","Iowa","6/10/20","4","3","19159","75"
"Sac","1","34","Iowa","6/10/20","25","9","19161","36"
"Scott","4","397","Iowa","6/10/20","368","29","19163","7.88"
"Shelby","1","42","Iowa","6/10/20","37","5","19165","13.51"
"Sioux","6","332","Iowa","6/10/20","290","42","19167","14.48"
"Story","7","169","Iowa","6/10/20","118","51","19169","43.22"
"Tama","2","419","Iowa","6/10/20","408","11","19171","2.7"
"Taylor","1","69","Iowa","6/10/20","59","10","19173","16.95"
"Union","0","10","Iowa","6/10/20","9","1","19175","11.11"
"Van Buren","0","11","Iowa","6/10/20","9","2","19177","22.22"
"Wapello","8","661","Iowa","6/10/20","607","54","19179","8.9"
"Warren","4","182","Iowa","6/10/20","153","29","19181","18.95"
"Washington","2","206","Iowa","6/10/20","192","14","19183","7.29"
"Wayne","0","3","Iowa","6/10/20","1","2","19185","200"
"Webster","6","88","Iowa","6/10/20","44","44","19187","100"
"Winnebago","0","12","Iowa","6/10/20","11","1","19189","9.09"
"Winneshiek","0","25","Iowa","6/10/20","24","1","19191","4.17"
"Woodbury","20","2957","Iowa","6/10/20","2817","140","19193","4.97"
"Worth","0","3","Iowa","6/10/20","3","0","19195","0"
"Wright","10","263","Iowa","6/10/20","194","69","19197","35.57"
"Allen","0","1","Kansas","6/10/20","1","0","20001","0"
"Anderson","0","1","Kansas","6/10/20","1","0","20003","0"
"Atchison","0","25","Kansas","6/10/20","23","2","20005","8.7"
"Barber","0","1","Kansas","6/10/20","1","0","20007","0"
"Barton","0","47","Kansas","6/10/20","44","3","20009","6.82"
"Bourbon","0","8","Kansas","6/10/20","7","1","20011","14.29"
"Brown","0","9","Kansas","6/10/20","6","3","20013","50"
"Butler","0","37","Kansas","6/10/20","37","0","20015","0"
"Chase","0","3","Kansas","6/10/20","4","-1","20017","-25"
"Chautauqua","0","4","Kansas","6/10/20","4","0","20019","0"
"Cherokee","0","11","Kansas","6/10/20","10","1","20021","10"
"Cheyenne","0","2","Kansas","6/10/20","2","0","20023","0"
"Clark","0","33","Kansas","6/10/20","33","0","20025","0"
"Clay","0","6","Kansas","6/10/20","5","1","20027","20"
"Cloud","0","5","Kansas","6/10/20","5","0","20029","0"
"Coffey","0","52","Kansas","6/10/20","50","2","20031","4"
"Comanche","0","2","Kansas","6/10/20","2","0","20033","0"
"Cowley","2","28","Kansas","6/10/20","15","13","20035","86.67"
"Crawford","1","13","Kansas","6/10/20","8","5","20037","62.5"
"Dickinson","0","6","Kansas","6/10/20","4","2","20041","50"
"Doniphan","0","20","Kansas","6/10/20","18","2","20043","11.11"
"Douglas","1","76","Kansas","6/10/20","67","9","20045","13.43"
"Edwards","0","5","Kansas","6/10/20","5","0","20047","0"
"Ellis","0","12","Kansas","6/10/20","9","3","20051","33.33"
"Ellsworth","0","3","Kansas","6/10/20","2","1","20053","50"
"Finney","3","1537","Kansas","6/10/20","1518","19","20055","1.25"
"Ford","6","1837","Kansas","6/10/20","1794","43","20057","2.4"
"Franklin","2","46","Kansas","6/10/20","35","11","20059","31.43"
"Geary","0","26","Kansas","6/10/20","23","3","20061","13.04"
"Gove","0","1","Kansas","6/10/20","1","0","20063","0"
"Grant","0","18","Kansas","6/10/20","18","0","20067","0"
"Gray","0","23","Kansas","6/10/20","23","0","20069","0"
"Greenwood","0","10","Kansas","6/10/20","9","1","20073","11.11"
"Hamilton","1","25","Kansas","6/10/20","20","5","20075","25"
"Harper","0","2","Kansas","6/10/20","2","0","20077","0"
"Harvey","0","11","Kansas","6/10/20","11","0","20079","0"
"Haskell","0","22","Kansas","6/10/20","22","0","20081","0"
"Hodgeman","0","5","Kansas","6/10/20","5","0","20083","0"
"Jackson","0","102","Kansas","6/10/20","102","0","20085","0"
"Jefferson","0","23","Kansas","6/10/20","22","1","20087","4.55"
"Jewell","0","4","Kansas","6/10/20","4","0","20089","0"
"Johnson","15","972","Kansas","6/10/20","865","107","20091","12.37"
"Kearny","0","46","Kansas","6/10/20","45","1","20093","2.22"
"Kiowa","0","3","Kansas","6/10/20","3","0","20097","0"
"Labette","1","27","Kansas","6/10/20","22","5","20099","22.73"
"Lane","0","4","Kansas","6/10/20","4","0","20101","0"
"Leavenworth","1","1103","Kansas","6/10/20","1094","9","20103","0.82"
"Linn","0","11","Kansas","6/10/20","11","0","20107","0"
"Lyon","3","401","Kansas","6/10/20","377","24","20111","6.37"
"Marion","0","5","Kansas","6/10/20","5","0","20115","0"
"McPherson","1","38","Kansas","6/10/20","30","8","20113","26.67"
"Meade","0","30","Kansas","6/10/20","31","-1","20119","-3.23"
"Miami","0","10","Kansas","6/10/20","8","2","20121","25"
"Mitchell","0","4","Kansas","6/10/20","4","0","20123","0"
"Montgomery","0","20","Kansas","6/10/20","20","0","20125","0"
"Morris","0","5","Kansas","6/10/20","5","0","20127","0"
"Morton","0","6","Kansas","6/10/20","6","0","20129","0"
"Nemaha","0","19","Kansas","6/10/20","19","0","20131","0"
"Neosho","0","4","Kansas","6/10/20","2","2","20133","100"
"Ness","0","4","Kansas","6/10/20","3","1","20135","33.33"
"Norton","0","3","Kansas","6/10/20","2","1","20137","50"
"Osage","0","10","Kansas","6/10/20","8","2","20139","25"
"Osborne","0","2","Kansas","6/10/20","2","0","20141","0"
"Ottawa","0","4","Kansas","6/10/20","4","0","20143","0"
"Pawnee","0","3","Kansas","6/10/20","1","2","20145","200"
"Phillips","0","2","Kansas","6/10/20","2","0","20147","0"
"Pottawatomie","0","29","Kansas","6/10/20","26","3","20149","11.54"
"Pratt","0","2","Kansas","6/10/20","2","0","20151","0"
"Reno","1","47","Kansas","6/10/20","43","4","20155","9.3"
"Republic","0","4","Kansas","6/10/20","4","0","20157","0"
"Rice","0","4","Kansas","6/10/20","4","0","20159","0"
"Riley","1","71","Kansas","6/10/20","67","4","20161","5.97"
"Rooks","0","6","Kansas","6/10/20","6","0","20163","0"
"Saline","0","27","Kansas","6/10/20","25","2","20169","8"
"Scott","0","15","Kansas","6/10/20","14","1","20171","7.14"
"Sedgwick","13","710","Kansas","6/10/20","616","94","20173","15.26"
"Seward","4","917","Kansas","6/10/20","888","29","20175","3.27"
"Shawnee","11","409","Kansas","6/10/20","334","75","20177","22.46"
"Sheridan","0","2","Kansas","6/10/20","2","0","20179","0"
"Sherman","0","7","Kansas","6/10/20","7","0","20181","0"
"Smith","0","2","Kansas","6/10/20","2","0","20183","0"
"Stafford","0","1","Kansas","6/10/20","1","0","20185","0"
"Stanton","0","9","Kansas","6/10/20","10","-1","20187","-10"
"Stevens","0","31","Kansas","6/10/20","30","1","20189","3.33"
"Sumner","0","10","Kansas","6/10/20","8","2","20191","25"
"Trego","0","1","Kansas","6/10/20","1","0","20195","0"
"Wabaunsee","0","31","Kansas","6/10/20","31","0","20197","0"
"Washington","0","1","Kansas","6/10/20","0","1","20201","1"
"Wilson","0","1","Kansas","6/10/20","1","0","20205","0"
"Woodson","0","6","Kansas","6/10/20","6","0","20207","0"
"Wyandotte","21","1569","Kansas","6/10/20","1419","150","20209","10.57"
"Adair","1","101","Kentucky","6/10/20","97","4","21001","4.12"
"Allen","3","120","Kentucky","6/10/20","96","24","21003","25"
"Anderson","1","25","Kentucky","6/10/20","21","4","21005","19.05"
"Ballard","0","13","Kentucky","6/10/20","12","1","21007","8.33"
"Barren","1","59","Kentucky","6/10/20","49","10","21009","20.41"
"Bath","0","9","Kentucky","6/10/20","9","0","21011","0"
"Bell","0","3","Kentucky","6/10/20","1","2","21013","200"
"Boone","6","532","Kentucky","6/10/20","492","40","21015","8.13"
"Bourbon","1","21","Kentucky","6/10/20","11","10","21017","90.91"
"Boyd","0","43","Kentucky","6/10/20","40","3","21019","7.5"
"Boyle","0","28","Kentucky","6/10/20","26","2","21021","7.69"
"Bracken","0","14","Kentucky","6/10/20","13","1","21023","7.69"
"Breathitt","0","3","Kentucky","6/10/20","3","0","21025","0"
"Breckinridge","0","19","Kentucky","6/10/20","17","2","21027","11.76"
"Bullitt","1","127","Kentucky","6/10/20","119","8","21029","6.72"
"Butler","1","240","Kentucky","6/10/20","235","5","21031","2.13"
"Caldwell","0","12","Kentucky","6/10/20","12","0","21033","0"
"Calloway","0","56","Kentucky","6/10/20","53","3","21035","5.66"
"Campbell","1","198","Kentucky","6/10/20","191","7","21037","3.66"
"Carlisle","0","5","Kentucky","6/10/20","5","0","21039","0"
"Carroll","0","16","Kentucky","6/10/20","14","2","21041","14.29"
"Carter","0","17","Kentucky","6/10/20","14","3","21043","21.43"
"Casey","0","8","Kentucky","6/10/20","5","3","21045","60"
"Christian","3","136","Kentucky","6/10/20","114","22","21047","19.3"
"Clark","3","62","Kentucky","6/10/20","43","19","21049","44.19"
"Clay","1","12","Kentucky","6/10/20","7","5","21051","71.43"
"Clinton","0","5","Kentucky","6/10/20","4","1","21053","25"
"Crittenden","0","7","Kentucky","6/10/20","7","0","21055","0"
"Cumberland","0","5","Kentucky","6/10/20","5","0","21057","0"
"Daviess","2","343","Kentucky","6/10/20","330","13","21059","3.94"
"Edmonson","1","63","Kentucky","6/10/20","57","6","21061","10.53"
"Elliott","0","1","Kentucky","6/10/20","1","0","21063","0"
"Estill","0","1","Kentucky","6/10/20","1","0","21065","0"
"Fayette","22","956","Kentucky","6/10/20","803","153","21067","19.05"
"Fleming","0","2","Kentucky","6/10/20","2","0","21069","0"
"Floyd","0","17","Kentucky","6/10/20","17","0","21071","0"
"Franklin","4","88","Kentucky","6/10/20","63","25","21073","39.68"
"Fulton","1","12","Kentucky","6/10/20","8","4","21075","50"
"Gallatin","1","51","Kentucky","6/10/20","46","5","21077","10.87"
"Garrard","0","6","Kentucky","6/10/20","5","1","21079","20"
"Grant","1","51","Kentucky","6/10/20","46","5","21081","10.87"
"Graves","0","167","Kentucky","6/10/20","166","1","21083","0.6"
"Grayson","1","135","Kentucky","6/10/20","127","8","21085","6.3"
"Green","0","2","Kentucky","6/10/20","1","1","21087","100"
"Greenup","0","14","Kentucky","6/10/20","14","0","21089","0"
"Hancock","0","7","Kentucky","6/10/20","7","0","21091","0"
"Hardin","2","125","Kentucky","6/10/20","109","16","21093","14.68"
"Harlan","1","8","Kentucky","6/10/20","4","4","21095","100"
"Harrison","1","31","Kentucky","6/10/20","23","8","21097","34.78"
"Hart","0","26","Kentucky","6/10/20","23","3","21099","13.04"
"Henderson","1","120","Kentucky","6/10/20","112","8","21101","7.14"
"Henry","0","24","Kentucky","6/10/20","22","2","21103","9.09"
"Hickman","0","5","Kentucky","6/10/20","5","0","21105","0"
"Hopkins","0","225","Kentucky","6/10/20","224","1","21107","0.45"
"Jackson","0","61","Kentucky","6/10/20","61","0","21109","0"
"Jefferson","88","3226","Kentucky","6/10/20","2612","614","21111","23.51"
"Jessamine","2","80","Kentucky","6/10/20","67","13","21113","19.4"
"Johnson","0","5","Kentucky","6/10/20","5","0","21115","0"
"Kenton","6","681","Kentucky","6/10/20","638","43","21117","6.74"
"Knott","0","4","Kentucky","6/10/20","4","0","21119","0"
"Knox","0","10","Kentucky","6/10/20","10","0","21121","0"
"Larue","0","11","Kentucky","6/10/20","8","3","21123","37.5"
"Laurel","0","22","Kentucky","6/10/20","21","1","21125","4.76"
"Lawrence","0","5","Kentucky","6/10/20","4","1","21127","25"
"Lee","0","1","Kentucky","6/10/20","1","0","21129","0"
"Leslie","0","6","Kentucky","6/10/20","6","0","21131","0"
"Letcher","0","3","Kentucky","6/10/20","3","0","21133","0"
"Lewis","0","8","Kentucky","6/10/20","7","1","21135","14.29"
"Lincoln","1","14","Kentucky","6/10/20","8","6","21137","75"
"Livingston","0","9","Kentucky","6/10/20","9","0","21139","0"
"Logan","3","176","Kentucky","6/10/20","155","21","21141","13.55"
"Lyon","0","17","Kentucky","6/10/20","15","2","21143","13.33"
"Madison","2","70","Kentucky","6/10/20","54","16","21151","29.63"
"Magoffin","0","2","Kentucky","6/10/20","2","0","21153","0"
"Marion","2","37","Kentucky","6/10/20","25","12","21155","48"
"Marshall","0","37","Kentucky","6/10/20","37","0","21157","0"
"Martin","0","3","Kentucky","6/10/20","3","0","21159","0"
"Mason","1","15","Kentucky","6/10/20","10","5","21161","50"
"McCracken","2","113","Kentucky","6/10/20","99","14","21145","14.14"
"McCreary","0","13","Kentucky","6/10/20","13","0","21147","0"
"McLean","0","23","Kentucky","6/10/20","22","1","21149","4.55"
"Meade","0","23","Kentucky","6/10/20","22","1","21163","4.55"
"Menifee","0","10","Kentucky","6/10/20","10","0","21165","0"
"Mercer","0","15","Kentucky","6/10/20","14","1","21167","7.14"
"Metcalfe","0","7","Kentucky","6/10/20","7","0","21169","0"
"Monroe","1","27","Kentucky","6/10/20","21","6","21171","28.57"
"Montgomery","1","31","Kentucky","6/10/20","25","6","21173","24"
"Morgan","0","4","Kentucky","6/10/20","3","1","21175","33.33"
"Muhlenberg","1","484","Kentucky","6/10/20","479","5","21177","1.04"
"Nelson","0","47","Kentucky","6/10/20","44","3","21179","6.82"
"Nicholas","0","4","Kentucky","6/10/20","3","1","21181","33.33"
"Ohio","1","157","Kentucky","6/10/20","148","9","21183","6.08"
"Oldham","1","113","Kentucky","6/10/20","103","10","21185","9.71"
"Owen","0","4","Kentucky","6/10/20","3","1","21187","33.33"
"Owsley","0","2","Kentucky","6/10/20","2","0","21189","0"
"Pendleton","0","14","Kentucky","6/10/20","11","3","21191","27.27"
"Perry","0","22","Kentucky","6/10/20","22","0","21193","0"
"Pike","1","38","Kentucky","6/10/20","30","8","21195","26.67"
"Powell","0","3","Kentucky","6/10/20","1","2","21197","200"
"Pulaski","1","66","Kentucky","6/10/20","61","5","21199","8.2"
"Rockcastle","0","13","Kentucky","6/10/20","13","0","21203","0"
"Rowan","1","11","Kentucky","6/10/20","7","4","21205","57.14"
"Russell","2","36","Kentucky","6/10/20","25","11","21207","44"
"Scott","1","39","Kentucky","6/10/20","35","4","21209","11.43"
"Shelby","7","233","Kentucky","6/10/20","184","49","21211","26.63"
"Simpson","0","58","Kentucky","6/10/20","55","3","21213","5.45"
"Spencer","0","25","Kentucky","6/10/20","24","1","21215","4.17"
"Taylor","0","15","Kentucky","6/10/20","13","2","21217","15.38"
"Todd","1","23","Kentucky","6/10/20","18","5","21219","27.78"
"Trigg","0","13","Kentucky","6/10/20","10","3","21221","30"
"Trimble","0","6","Kentucky","6/10/20","6","0","21223","0"
"Union","0","15","Kentucky","6/10/20","15","0","21225","0"
"Warren","16","1179","Kentucky","6/10/20","1067","112","21227","10.5"
"Washington","0","8","Kentucky","6/10/20","7","1","21229","14.29"
"Wayne","0","9","Kentucky","6/10/20","8","1","21231","12.5"
"Webster","0","34","Kentucky","6/10/20","33","1","21233","3.03"
"Whitley","0","15","Kentucky","6/10/20","13","2","21235","15.38"
"Wolfe","0","1","Kentucky","6/10/20","1","0","21237","0"
"Woodford","2","45","Kentucky","6/10/20","29","16","21239","55.17"
"Acadia","11","520","Louisiana","6/10/20","446","74","22001","16.59"
"Allen","1","189","Louisiana","6/10/20","185","4","22003","2.16"
"Ascension","8","906","Louisiana","6/10/20","852","54","22005","6.34"
"Assumption","1","259","Louisiana","6/10/20","252","7","22007","2.78"
"Avoyelles","5","178","Louisiana","6/10/20","141","37","22009","26.24"
"Beauregard","5","116","Louisiana","6/10/20","81","35","22011","43.21"
"Bienville","2","166","Louisiana","6/10/20","149","17","22013","11.41"
"Bossier","8","478","Louisiana","6/10/20","425","53","22015","12.47"
"Caddo","22","2784","Louisiana","6/10/20","2633","151","22017","5.73"
"Calcasieu","9","673","Louisiana","6/10/20","613","60","22019","9.79"
"Caldwell","2","76","Louisiana","6/10/20","61","15","22021","24.59"
"Cameron","1","10","Louisiana","6/10/20","6","4","22023","66.67"
"Catahoula","1","123","Louisiana","6/10/20","117","6","22025","5.13"
"Claiborne","1","71","Louisiana","6/10/20","66","5","22027","7.58"
"Concordia","0","97","Louisiana","6/10/20","94","3","22029","3.19"
"De Soto","2","263","Louisiana","6/10/20","250","13","22031","5.2"
"East Baton Rouge","40","4054","Louisiana","6/10/20","3773","281","22033","7.45"
"East Carroll","6","208","Louisiana","6/10/20","165","43","22035","26.06"
"East Feliciana","2","210","Louisiana","6/10/20","198","12","22037","6.06"
"Evangeline","1","85","Louisiana","6/10/20","81","4","22039","4.94"
"Franklin","2","391","Louisiana","6/10/20","377","14","22041","3.71"
"Grant","3","51","Louisiana","6/10/20","30","21","22043","70"
"Iberia","1","428","Louisiana","6/10/20","418","10","22045","2.39"
"Iberville","4","607","Louisiana","6/10/20","579","28","22047","4.84"
"Jackson","5","148","Louisiana","6/10/20","110","38","22049","34.55"
"Jefferson","33","7971","Louisiana","6/10/20","7738","233","22051","3.01"
"Jefferson Davis","3","102","Louisiana","6/10/20","78","24","22053","30.77"
"Lafayette","16","931","Louisiana","6/10/20","821","110","22055","13.4"
"Lafourche","7","928","Louisiana","6/10/20","878","50","22057","5.69"
"LaSalle","2","67","Louisiana","6/10/20","53","14","22059","26.42"
"Lincoln","5","193","Louisiana","6/10/20","161","32","22061","19.88"
"Livingston","5","484","Louisiana","6/10/20","446","38","22063","8.52"
"Madison","16","221","Louisiana","6/10/20","106","115","22065","108.49"
"Morehouse","1","136","Louisiana","6/10/20","131","5","22067","3.82"
"Natchitoches","1","180","Louisiana","6/10/20","173","7","22069","4.05"
"Orleans","15","7279","Louisiana","6/10/20","7174","105","22071","1.46"
"Ouachita","40","1592","Louisiana","6/10/20","1312","280","22073","21.34"
"Plaquemines","1","220","Louisiana","6/10/20","215","5","22075","2.33"
"Pointe Coupee","2","217","Louisiana","6/10/20","205","12","22077","5.85"
"Rapides","25","1007","Louisiana","6/10/20","829","178","22079","21.47"
"Red River","0","52","Louisiana","6/10/20","50","2","22081","4"
"Richland","2","157","Louisiana","6/10/20","143","14","22083","9.79"
"Sabine","1","53","Louisiana","6/10/20","49","4","22085","8.16"
"St. Bernard","2","558","Louisiana","6/10/20","545","13","22087","2.39"
"St. Charles","1","653","Louisiana","6/10/20","647","6","22089","0.93"
"St. Helena","1","56","Louisiana","6/10/20","51","5","22091","9.8"
"St. James","0","306","Louisiana","6/10/20","303","3","22093","0.99"
"St. John the Baptist","2","883","Louisiana","6/10/20","868","15","22095","1.73"
"St. Landry","8","323","Louisiana","6/10/20","269","54","22097","20.07"
"St. Martin","-2","295","Louisiana","6/10/20","306","-11","22099","-3.59"
"St. Mary","2","342","Louisiana","6/10/20","328","14","22101","4.27"
"St. Tammany","12","1872","Louisiana","6/10/20","1790","82","22103","4.58"
"Tangipahoa","12","973","Louisiana","6/10/20","891","82","22105","9.2"
"Tensas","1","21","Louisiana","6/10/20","16","5","22107","31.25"
"Terrebonne","7","761","Louisiana","6/10/20","709","52","22109","7.33"
"Union","6","375","Louisiana","6/10/20","331","44","22111","13.29"
"Vermilion","1","62","Louisiana","6/10/20","58","4","22113","6.9"
"Vernon","2","39","Louisiana","6/10/20","28","11","22115","39.29"
"Washington","8","500","Louisiana","6/10/20","444","56","22117","12.61"
"Webster","6","203","Louisiana","6/10/20","163","40","22119","24.54"
"West Baton Rouge","3","195","Louisiana","6/10/20","176","19","22121","10.8"
"West Carroll","4","99","Louisiana","6/10/20","68","31","22123","45.59"
"West Feliciana","1","225","Louisiana","6/10/20","215","10","22125","4.65"
"Winn","2","194","Louisiana","6/10/20","178","16","22127","8.99"
"Androscoggin","9","390","Maine","6/10/20","326","64","23001","19.63"
"Aroostook","0","10","Maine","6/10/20","10","0","23003","0"
"Cumberland","16","1339","Maine","6/10/20","1226","113","23005","9.22"
"Franklin","0","36","Maine","6/10/20","36","0","23007","0"
"Hancock","0","12","Maine","6/10/20","11","1","23009","9.09"
"Kennebec","1","132","Maine","6/10/20","127","5","23011","3.94"
"Knox","0","21","Maine","6/10/20","21","0","23013","0"
"Lincoln","0","20","Maine","6/10/20","20","0","23015","0"
"Oxford","0","31","Maine","6/10/20","33","-2","23017","-6.06"
"Penobscot","0","101","Maine","6/10/20","100","1","23019","1"
"Piscataquis","0","1","Maine","6/10/20","1","0","23021","0"
"Sagadahoc","0","30","Maine","6/10/20","31","-1","23023","-3.23"
"Somerset","0","25","Maine","6/10/20","22","3","23025","13.64"
"Waldo","0","54","Maine","6/10/20","51","3","23027","5.88"
"Washington","0","1","Maine","6/10/20","1","0","23029","0"
"York","5","432","Maine","6/10/20","398","34","23031","8.54"
"Allegany","0","185","Maryland","6/10/20","182","3","24001","1.65"
"Anne Arundel","48","4348","Maryland","6/10/20","4009","339","24003","8.46"
"Baltimore","66","6916","Maryland","6/10/20","6457","459","24005","7.11"
"Baltimore City","90","6428","Maryland","6/10/20","5801","627","24510","10.81"
"Calvert","2","363","Maryland","6/10/20","348","15","24009","4.31"
"Caroline","2","276","Maryland","6/10/20","265","11","24011","4.15"
"Carroll","4","969","Maryland","6/10/20","940","29","24013","3.09"
"Cecil","6","423","Maryland","6/10/20","381","42","24015","11.02"
"Charles","11","1231","Maryland","6/10/20","1152","79","24017","6.86"
"Dorchester","1","157","Maryland","6/10/20","147","10","24019","6.8"
"Frederick","25","2178","Maryland","6/10/20","2005","173","24021","8.63"
"Garrett","0","10","Maryland","6/10/20","10","0","24023","0"
"Harford","12","982","Maryland","6/10/20","901","81","24025","8.99"
"Howard","31","2220","Maryland","6/10/20","2004","216","24027","10.78"
"Kent","2","189","Maryland","6/10/20","178","11","24029","6.18"
"Montgomery","171","13124","Maryland","6/10/20","11924","1200","24031","10.06"
"Prince George's","145","16753","Maryland","6/10/20","15738","1015","24033","6.45"
"Queen Anne's","2","178","Maryland","6/10/20","162","16","24035","9.88"
"Somerset","0","77","Maryland","6/10/20","75","2","24039","2.67"
"St. Mary's","4","565","Maryland","6/10/20","536","29","24037","5.41"
"Talbot","1","108","Maryland","6/10/20","103","5","24041","4.85"
"Washington","9","551","Maryland","6/10/20","486","65","24043","13.37"
"Wicomico","5","992","Maryland","6/10/20","959","33","24045","3.44"
"Worcester","3","242","Maryland","6/10/20","219","23","24047","10.5"
"Barnstable","5","1467","Massachusetts","6/10/20","1435","32","25001","2.23"
"Berkshire","1","574","Massachusetts","6/10/20","566","8","25003","1.41"
"Bristol","43","7754","Massachusetts","6/10/20","7453","301","25005","4.04"
"Dukes and Nantucket","0","55","Massachusetts","6/10/20","54","1","00000","1.85"
"Essex","73","15365","Massachusetts","6/10/20","14857","508","25009","3.42"
"Franklin","1","344","Massachusetts","6/10/20","335","9","25011","2.69"
"Hampden","23","6395","Massachusetts","6/10/20","6237","158","25013","2.53"
"Hampshire","2","905","Massachusetts","6/10/20","891","14","25015","1.57"
"Middlesex","69","22889","Massachusetts","6/10/20","22403","486","25017","2.17"
"Norfolk","23","8774","Massachusetts","6/10/20","8613","161","25021","1.87"
"Plymouth","25","8418","Massachusetts","6/10/20","8243","175","25023","2.12"
"Suffolk","52","19099","Massachusetts","6/10/20","18733","366","25025","1.95"
"Worcester","51","11820","Massachusetts","6/10/20","11465","355","25027","3.1"
"Alcona","0","20","Michigan","6/10/20","20","0","26001","0"
"Alger","0","1","Michigan","6/10/20","0","1","26003","1"
"Allegan","2","274","Michigan","6/10/20","260","14","26005","5.38"
"Alpena","1","112","Michigan","6/10/20","102","10","26007","9.8"
"Antrim","0","14","Michigan","6/10/20","13","1","26009","7.69"
"Arenac","0","38","Michigan","6/10/20","38","0","26011","0"
"Baraga","0","1","Michigan","6/10/20","1","0","26013","0"
"Barry","1","89","Michigan","6/10/20","82","7","26015","8.54"
"Bay","2","372","Michigan","6/10/20","359","13","26017","3.62"
"Benzie","0","5","Michigan","6/10/20","4","1","26019","25"
"Berrien","3","808","Michigan","6/10/20","784","24","26021","3.06"
"Branch","3","155","Michigan","6/10/20","136","19","26023","13.97"
"Calhoun","5","475","Michigan","6/10/20","439","36","26025","8.2"
"Cass","2","110","Michigan","6/10/20","97","13","26027","13.4"
"Charlevoix","0","19","Michigan","6/10/20","18","1","26029","5.56"
"Cheboygan","0","26","Michigan","6/10/20","26","0","26031","0"
"Chippewa","0","3","Michigan","6/10/20","3","0","26033","0"
"Clare","1","24","Michigan","6/10/20","20","4","26035","20"
"Clinton","1","187","Michigan","6/10/20","178","9","26037","5.06"
"Crawford","0","63","Michigan","6/10/20","62","1","26039","1.61"
"Delta","0","20","Michigan","6/10/20","20","0","26041","0"
"Dickinson","0","6","Michigan","6/10/20","5","1","26043","20"
"Eaton","1","255","Michigan","6/10/20","249","6","26045","2.41"
"Emmet","0","26","Michigan","6/10/20","26","0","26047","0"
"Federal Correctional Institution (FCI)","1","159","Michigan","6/10/20","149","10","00000","6.71"
"Genesee","6","2558","Michigan","6/10/20","2519","39","26049","1.55"
"Gladwin","0","20","Michigan","6/10/20","18","2","26051","11.11"
"Gogebic","0","5","Michigan","6/10/20","5","0","26053","0"
"Grand Traverse","1","35","Michigan","6/10/20","28","7","26055","25"
"Gratiot","0","88","Michigan","6/10/20","85","3","26057","3.53"
"Hillsdale","0","179","Michigan","6/10/20","177","2","26059","1.13"
"Houghton","0","8","Michigan","6/10/20","6","2","26061","33.33"
"Huron","1","60","Michigan","6/10/20","56","4","26063","7.14"
"Ingham","4","810","Michigan","6/10/20","783","27","26065","3.45"
"Ionia","1","176","Michigan","6/10/20","172","4","26067","2.33"
"Iosco","0","110","Michigan","6/10/20","111","-1","26069","-0.9"
"Iron","0","2","Michigan","6/10/20","1","1","26071","100"
"Isabella","0","95","Michigan","6/10/20","94","1","26073","1.06"
"Jackson","1","484","Michigan","6/10/20","480","4","26075","0.83"
"Kalamazoo","5","940","Michigan","6/10/20","903","37","26077","4.1"
"Kalkaska","0","30","Michigan","6/10/20","30","0","26079","0"
"Kent","28","4261","Michigan","6/10/20","4062","199","26081","4.9"
"Keweenaw","0","1","Michigan","6/10/20","0","1","26083","1"
"Lake","0","7","Michigan","6/10/20","7","0","26085","0"
"Lapeer","0","225","Michigan","6/10/20","224","1","26087","0.45"
"Leelanau","0","12","Michigan","6/10/20","11","1","26089","9.09"
"Lenawee","-2","191","Michigan","6/10/20","208","-17","26091","-8.17"
"Livingston","2","519","Michigan","6/10/20","503","16","26093","3.18"
"Luce","0","3","Michigan","6/10/20","3","0","26095","0"
"Mackinac","0","8","Michigan","6/10/20","8","0","26097","0"
"Macomb","10","7000","Michigan","6/10/20","6927","73","26099","1.05"
"Manistee","0","12","Michigan","6/10/20","12","0","26101","0"
"Marquette","0","59","Michigan","6/10/20","56","3","26103","5.36"
"Mason","0","38","Michigan","6/10/20","38","0","26105","0"
"Mecosta","0","24","Michigan","6/10/20","24","0","26107","0"
"Menominee","0","9","Michigan","6/10/20","8","1","26109","12.5"
"Michigan Department of Corrections (MDOC)","8","4129","Michigan","6/10/20","4074","55","00000","1.35"
"Midland","2","138","Michigan","6/10/20","121","17","26111","14.05"
"Missaukee","0","23","Michigan","6/10/20","22","1","26113","4.55"
"Monroe","4","560","Michigan","6/10/20","534","26","26115","4.87"
"Montcalm","1","81","Michigan","6/10/20","73","8","26117","10.96"
"Montmorency","0","5","Michigan","6/10/20","5","0","26119","0"
"Muskegon","8","726","Michigan","6/10/20","668","58","26121","8.68"
"Newaygo","2","125","Michigan","6/10/20","113","12","26123","10.62"
"Oakland","38","11262","Michigan","6/10/20","10999","263","26125","2.39"
"Oceana","0","103","Michigan","6/10/20","100","3","26127","3"
"Ogemaw","0","31","Michigan","6/10/20","30","1","26129","3.33"
"Osceola","0","18","Michigan","6/10/20","16","2","26133","12.5"
"Oscoda","0","8","Michigan","6/10/20","8","0","26135","0"
"Otsego","0","120","Michigan","6/10/20","120","0","26137","0"
"Ottawa","5","900","Michigan","6/10/20","866","34","26139","3.93"
"Out of MI","-3","23","Michigan","6/10/20","45","-22","80026","-48.89"
"Presque Isle","0","11","Michigan","6/10/20","11","0","26141","0"
"Roscommon","0","24","Michigan","6/10/20","24","0","26143","0"
"Saginaw","8","1138","Michigan","6/10/20","1083","55","26145","5.08"
"Sanilac","0","42","Michigan","6/10/20","43","-1","26151","-2.33"
"Schoolcraft","0","4","Michigan","6/10/20","4","0","26153","0"
"Shiawassee","0","262","Michigan","6/10/20","261","1","26155","0.38"
"St. Clair","0","514","Michigan","6/10/20","513","1","26147","0.19"
"St. Joseph","4","160","Michigan","6/10/20","134","26","26149","19.4"
"Tuscola","2","206","Michigan","6/10/20","191","15","26157","7.85"
"Van Buren","4","195","Michigan","6/10/20","170","25","26159","14.71"
"Washtenaw","3","1551","Michigan","6/10/20","1528","23","26161","1.51"
"Wayne","49","21570","Michigan","6/10/20","21225","345","26163","1.63"
"Wexford","0","14","Michigan","6/10/20","14","0","26165","0"
"Aitkin","0","13","Minnesota","6/10/20","11","2","27001","18.18"
"Anoka","26","1654","Minnesota","6/10/20","1470","184","27003","12.52"
"Becker","1","45","Minnesota","6/10/20","41","4","27005","9.76"
"Beltrami","0","21","Minnesota","6/10/20","18","3","27007","16.67"
"Benton","1","190","Minnesota","6/10/20","181","9","27009","4.97"
"Big Stone","1","13","Minnesota","6/10/20","8","5","27011","62.5"
"Blue Earth","1","154","Minnesota","6/10/20","148","6","27013","4.05"
"Brown","0","17","Minnesota","6/10/20","17","0","27015","0"
"Carlton","0","78","Minnesota","6/10/20","75","3","27017","4"
"Carver","5","261","Minnesota","6/10/20","224","37","27019","16.52"
"Cass","0","11","Minnesota","6/10/20","12","-1","27021","-8.33"
"Chippewa","0","54","Minnesota","6/10/20","51","3","27023","5.88"
"Chisago","1","73","Minnesota","6/10/20","64","9","27025","14.06"
"Clay","8","490","Minnesota","6/10/20","435","55","27027","12.64"
"Clearwater","0","3","Minnesota","6/10/20","3","0","27029","0"
"Cottonwood","2","94","Minnesota","6/10/20","77","17","27033","22.08"
"Crow Wing","2","87","Minnesota","6/10/20","75","12","27035","16"
"Dakota","26","1572","Minnesota","6/10/20","1388","184","27037","13.26"
"Dodge","0","55","Minnesota","6/10/20","53","2","27039","3.77"
"Douglas","1","48","Minnesota","6/10/20","44","4","27041","9.09"
"Faribault","1","25","Minnesota","6/10/20","20","5","27043","25"
"Fillmore","0","20","Minnesota","6/10/20","17","3","27045","17.65"
"Freeborn","10","197","Minnesota","6/10/20","130","67","27047","51.54"
"Goodhue","2","86","Minnesota","6/10/20","70","16","27049","22.86"
"Grant","0","6","Minnesota","6/10/20","4","2","27051","50"
"Hennepin","134","9674","Minnesota","6/10/20","8738","936","27053","10.71"
"Houston","0","5","Minnesota","6/10/20","2","3","27055","150"
"Hubbard","0","5","Minnesota","6/10/20","3","2","27057","66.67"
"Isanti","1","44","Minnesota","6/10/20","35","9","27059","25.71"
"Itasca","0","58","Minnesota","6/10/20","56","2","27061","3.57"
"Jackson","0","43","Minnesota","6/10/20","40","3","27063","7.5"
"Kanabec","0","12","Minnesota","6/10/20","12","0","27065","0"
"Kandiyohi","4","534","Minnesota","6/10/20","505","29","27067","5.74"
"Kittson","0","1","Minnesota","6/10/20","1","0","27069","0"
"Koochiching","0","9","Minnesota","6/10/20","9","0","27071","0"
"Lac qui Parle","0","3","Minnesota","6/10/20","3","0","27073","0"
"Lake","0","1","Minnesota","6/10/20","1","0","27075","0"
"Le Sueur","1","50","Minnesota","6/10/20","46","4","27079","8.7"
"Lincoln","0","6","Minnesota","6/10/20","6","0","27081","0"
"Lyon","12","158","Minnesota","6/10/20","71","87","27083","122.54"
"Mahnomen","0","6","Minnesota","6/10/20","6","0","27087","0"
"Marshall","0","12","Minnesota","6/10/20","12","0","27089","0"
"Martin","2","143","Minnesota","6/10/20","132","11","27091","8.33"
"McLeod","1","46","Minnesota","6/10/20","37","9","27085","24.32"
"Meeker","0","47","Minnesota","6/10/20","45","2","27093","4.44"
"Mille Lacs","0","24","Minnesota","6/10/20","22","2","27095","9.09"
"Morrison","1","52","Minnesota","6/10/20","48","4","27097","8.33"
"Mower","30","574","Minnesota","6/10/20","366","208","27099","56.83"
"Murray","0","41","Minnesota","6/10/20","39","2","27101","5.13"
"Nicollet","1","93","Minnesota","6/10/20","88","5","27103","5.68"
"Nobles","6","1599","Minnesota","6/10/20","1558","41","27105","2.63"
"Norman","0","16","Minnesota","6/10/20","14","2","27107","14.29"
"Olmsted","12","740","Minnesota","6/10/20","654","86","27109","13.15"
"Otter Tail","1","78","Minnesota","6/10/20","71","7","27111","9.86"
"Pennington","2","37","Minnesota","6/10/20","21","16","27113","76.19"
"Pine","1","94","Minnesota","6/10/20","90","4","27115","4.44"
"Pipestone","0","14","Minnesota","6/10/20","12","2","27117","16.67"
"Polk","1","67","Minnesota","6/10/20","61","6","27119","9.84"
"Pope","0","10","Minnesota","6/10/20","9","1","27121","11.11"
"Ramsey","70","3680","Minnesota","6/10/20","3189","491","27123","15.4"
"Red Lake","0","4","Minnesota","6/10/20","4","0","27125","0"
"Redwood","0","8","Minnesota","6/10/20","6","2","27127","33.33"
"Renville","0","8","Minnesota","6/10/20","5","3","27129","60"
"Rice","16","594","Minnesota","6/10/20","480","114","27131","23.75"
"Rock","0","23","Minnesota","6/10/20","23","0","27133","0"
"Roseau","0","5","Minnesota","6/10/20","3","2","27135","66.67"
"Scott","7","504","Minnesota","6/10/20","455","49","27139","10.77"
"Sherburne","2","260","Minnesota","6/10/20","248","12","27141","4.84"
"Sibley","1","25","Minnesota","6/10/20","16","9","27143","56.25"
"St. Louis","0","119","Minnesota","6/10/20","118","1","27137","0.85"
"Stearns","5","2081","Minnesota","6/10/20","2047","34","27145","1.66"
"Steele","1","173","Minnesota","6/10/20","167","6","27147","3.59"
"Stevens","0","1","Minnesota","6/10/20","1","0","27149","0"
"Swift","0","19","Minnesota","6/10/20","19","0","27151","0"
"Todd","5","364","Minnesota","6/10/20","330","34","27153","10.3"
"Traverse","0","5","Minnesota","6/10/20","4","1","27155","25"
"Wabasha","0","20","Minnesota","6/10/20","18","2","27157","11.11"
"Wadena","0","10","Minnesota","6/10/20","10","0","27159","0"
"Waseca","1","32","Minnesota","6/10/20","27","5","27161","18.52"
"Washington","9","735","Minnesota","6/10/20","670","65","27163","9.7"
"Watonwan","1","86","Minnesota","6/10/20","78","8","27165","10.26"
"Wilkin","0","12","Minnesota","6/10/20","11","1","27167","9.09"
"Winona","1","86","Minnesota","6/10/20","80","6","27169","7.5"
"Wright","4","362","Minnesota","6/10/20","332","30","27171","9.04"
"Yellow Medicine","0","8","Minnesota","6/10/20","6","2","27173","33.33"
"Adams","3","222","Mississippi","6/10/20","202","20","28001","9.9"
"Alcorn","1","26","Mississippi","6/10/20","19","7","28003","36.84"
"Amite","0","67","Mississippi","6/10/20","65","2","28005","3.08"
"Attala","2","323","Mississippi","6/10/20","307","16","28007","5.21"
"Benton","0","17","Mississippi","6/10/20","14","3","28009","21.43"
"Bolivar","2","180","Mississippi","6/10/20","166","14","28011","8.43"
"Calhoun","1","75","Mississippi","6/10/20","67","8","28013","11.94"
"Carroll","1","123","Mississippi","6/10/20","116","7","28015","6.03"
"Chickasaw","3","158","Mississippi","6/10/20","140","18","28017","12.86"
"Choctaw","2","62","Mississippi","6/10/20","48","14","28019","29.17"
"Claiborne","2","131","Mississippi","6/10/20","114","17","28021","14.91"
"Clarke","1","164","Mississippi","6/10/20","155","9","28023","5.81"
"Clay","4","145","Mississippi","6/10/20","118","27","28025","22.88"
"Coahoma","2","141","Mississippi","6/10/20","128","13","28027","10.16"
"Copiah","6","366","Mississippi","6/10/20","325","41","28029","12.62"
"Covington","3","200","Mississippi","6/10/20","177","23","28031","12.99"
"DeSoto","15","664","Mississippi","6/10/20","559","105","28033","18.78"
"Forrest","11","667","Mississippi","6/10/20","592","75","28035","12.67"
"Franklin","0","29","Mississippi","6/10/20","29","0","28037","0"
"George","1","32","Mississippi","6/10/20","28","4","28039","14.29"
"Greene","2","45","Mississippi","6/10/20","33","12","28041","36.36"
"Grenada","5","138","Mississippi","6/10/20","100","38","28043","38"
"Hancock","1","94","Mississippi","6/10/20","90","4","28045","4.44"
"Harrison","7","311","Mississippi","6/10/20","265","46","28047","17.36"
"Hinds","20","1206","Mississippi","6/10/20","1066","140","28049","13.13"
"Holmes","3","460","Mississippi","6/10/20","441","19","28051","4.31"
"Humphreys","3","78","Mississippi","6/10/20","60","18","28053","30"
"Itawamba","1","96","Mississippi","6/10/20","90","6","28057","6.67"
"Jackson","4","339","Mississippi","6/10/20","309","30","28059","9.71"
"Jasper","3","189","Mississippi","6/10/20","166","23","28061","13.86"
"Jefferson","1","50","Mississippi","6/10/20","42","8","28063","19.05"
"Jefferson Davis","0","84","Mississippi","6/10/20","81","3","28065","3.7"
"Jones","18","812","Mississippi","6/10/20","686","126","28067","18.37"
"Kemper","2","166","Mississippi","6/10/20","149","17","28069","11.41"
"Lafayette","2","161","Mississippi","6/10/20","150","11","28071","7.33"
"Lamar","4","278","Mississippi","6/10/20","248","30","28073","12.1"
"Lauderdale","5","795","Mississippi","6/10/20","760","35","28075","4.61"
"Lawrence","1","113","Mississippi","6/10/20","108","5","28077","4.63"
"Leake","3","472","Mississippi","6/10/20","454","18","28079","3.96"
"Lee","11","261","Mississippi","6/10/20","185","76","28081","41.08"
"Leflore","8","330","Mississippi","6/10/20","273","57","28083","20.88"
"Lincoln","5","314","Mississippi","6/10/20","278","36","28085","12.95"
"Lowndes","7","290","Mississippi","6/10/20","241","49","28087","20.33"
"Madison","12","843","Mississippi","6/10/20","757","86","28089","11.36"
"Marion","2","132","Mississippi","6/10/20","116","16","28091","13.79"
"Marshall","2","98","Mississippi","6/10/20","85","13","28093","15.29"
"Monroe","3","290","Mississippi","6/10/20","267","23","28095","8.61"
"Montgomery","0","88","Mississippi","6/10/20","86","2","28097","2.33"
"Neshoba","14","821","Mississippi","6/10/20","722","99","28099","13.71"
"Newton","4","313","Mississippi","6/10/20","283","30","28101","10.6"
"Noxubee","2","209","Mississippi","6/10/20","193","16","28103","8.29"
"Oktibbeha","9","327","Mississippi","6/10/20","267","60","28105","22.47"
"Panola","4","110","Mississippi","6/10/20","85","25","28107","29.41"
"Pearl River","1","221","Mississippi","6/10/20","212","9","28109","4.25"
"Perry","0","52","Mississippi","6/10/20","51","1","28111","1.96"
"Pike","1","213","Mississippi","6/10/20","205","8","28113","3.9"
"Pontotoc","3","64","Mississippi","6/10/20","45","19","28115","42.22"
"Prentiss","1","63","Mississippi","6/10/20","53","10","28117","18.87"
"Quitman","0","34","Mississippi","6/10/20","31","3","28119","9.68"
"Rankin","7","505","Mississippi","6/10/20","453","52","28121","11.48"
"Scott","3","682","Mississippi","6/10/20","662","20","28123","3.02"
"Sharkey","0","7","Mississippi","6/10/20","7","0","28125","0"
"Simpson","2","117","Mississippi","6/10/20","104","13","28127","12.5"
"Smith","3","173","Mississippi","6/10/20","153","20","28129","13.07"
"Stone","0","33","Mississippi","6/10/20","32","1","28131","3.12"
"Sunflower","2","109","Mississippi","6/10/20","93","16","28133","17.2"
"Tallahatchie","1","35","Mississippi","6/10/20","30","5","28135","16.67"
"Tate","4","118","Mississippi","6/10/20","88","30","28137","34.09"
"Tippah","2","90","Mississippi","6/10/20","76","14","28139","18.42"
"Tishomingo","1","43","Mississippi","6/10/20","35","8","28141","22.86"
"Tunica","1","61","Mississippi","6/10/20","56","5","28143","8.93"
"Union","1","93","Mississippi","6/10/20","86","7","28145","8.14"
"Walthall","3","85","Mississippi","6/10/20","63","22","28147","34.92"
"Warren","6","232","Mississippi","6/10/20","191","41","28149","21.47"
"Washington","4","222","Mississippi","6/10/20","194","28","28151","14.43"
"Wayne","16","346","Mississippi","6/10/20","235","111","28153","47.23"
"Webster","5","99","Mississippi","6/10/20","67","32","28155","47.76"
"Wilkinson","0","85","Mississippi","6/10/20","85","0","28157","0"
"Winston","2","139","Mississippi","6/10/20","122","17","28159","13.93"
"Yalobusha","4","128","Mississippi","6/10/20","97","31","28161","31.96"
"Yazoo","5","329","Mississippi","6/10/20","291","38","28163","13.06"
"Adair","2","74","Missouri","6/10/20","60","14","29001","23.33"
"Andrew","0","34","Missouri","6/10/20","31","3","29003","9.68"
"Atchison","0","3","Missouri","6/10/20","3","0","29005","0"
"Audrain","3","119","Missouri","6/10/20","97","22","29007","22.68"
"Barry","0","9","Missouri","6/10/20","9","0","29009","0"
"Bates","0","12","Missouri","6/10/20","10","2","29013","20"
"Benton","0","13","Missouri","6/10/20","11","2","29015","18.18"
"Bollinger","0","7","Missouri","6/10/20","7","0","29017","0"
"Boone","5","197","Missouri","6/10/20","162","35","29019","21.6"
"Buchanan","5","762","Missouri","6/10/20","725","37","29021","5.1"
"Butler","1","51","Missouri","6/10/20","42","9","29023","21.43"
"Caldwell","0","8","Missouri","6/10/20","6","2","29025","33.33"
"Callaway","1","34","Missouri","6/10/20","30","4","29027","13.33"
"Camden","0","38","Missouri","6/10/20","38","0","29029","0"
"Cape Girardeau","2","88","Missouri","6/10/20","76","12","29031","15.79"
"Carroll","0","9","Missouri","6/10/20","8","1","29033","12.5"
"Carter","0","5","Missouri","6/10/20","5","0","29035","0"
"Cass","2","108","Missouri","6/10/20","97","11","29037","11.34"
"Cedar","0","9","Missouri","6/10/20","9","0","29039","0"
"Chariton","0","6","Missouri","6/10/20","6","0","29041","0"
"Christian","0","29","Missouri","6/10/20","27","2","29043","7.41"
"Clark","0","2","Missouri","6/10/20","1","1","29045","100"
"Clay","11","254","Missouri","6/10/20","177","77","29047","43.5"
"Clinton","0","20","Missouri","6/10/20","18","2","29049","11.11"
"Cole","0","61","Missouri","6/10/20","61","0","29051","0"
"Cooper","0","9","Missouri","6/10/20","9","0","29053","0"
"Crawford","0","9","Missouri","6/10/20","9","0","29055","0"
"Dallas","0","6","Missouri","6/10/20","3","3","29059","100"
"Daviess","0","7","Missouri","6/10/20","4","3","29061","75"
"DeKalb","0","7","Missouri","6/10/20","6","1","29063","16.67"
"Dunklin","1","52","Missouri","6/10/20","45","7","29069","15.56"
"Franklin","2","156","Missouri","6/10/20","143","13","29071","9.09"
"Gasconade","0","2","Missouri","6/10/20","2","0","29073","0"
"Gentry","2","54","Missouri","6/10/20","41","13","29075","31.71"
"Greene","3","183","Missouri","6/10/20","164","19","29077","11.59"
"Harrison","0","9","Missouri","6/10/20","9","0","29081","0"
"Henry","0","15","Missouri","6/10/20","12","3","29083","25"
"Holt","0","2","Missouri","6/10/20","2","0","29087","0"
"Howard","0","3","Missouri","6/10/20","3","0","29089","0"
"Howell","1","17","Missouri","6/10/20","9","8","29091","88.89"
"Iron","0","3","Missouri","6/10/20","3","0","29093","0"
"Jackson","14","752","Missouri","6/10/20","656","96","29095","14.63"
"Jasper","6","79","Missouri","6/10/20","39","40","29097","102.56"
"Jefferson","2","411","Missouri","6/10/20","395","16","29099","4.05"
"Johnson","0","78","Missouri","6/10/20","77","1","29101","1.3"
"Kansas City","37","1626","Missouri","6/10/20","1366","260","00000","19.03"
"Laclede","0","7","Missouri","6/10/20","7","0","29105","0"
"Lafayette","1","83","Missouri","6/10/20","76","7","29107","9.21"
"Lawrence","0","8","Missouri","6/10/20","8","0","29109","0"
"Lewis","0","7","Missouri","6/10/20","7","0","29111","0"
"Lincoln","0","121","Missouri","6/10/20","118","3","29113","2.54"
"Linn","0","11","Missouri","6/10/20","10","1","29115","10"
"Livingston","0","5","Missouri","6/10/20","3","2","29117","66.67"
"Macon","0","6","Missouri","6/10/20","6","0","29121","0"
"Madison","0","3","Missouri","6/10/20","3","0","29123","0"
"Maries","0","2","Missouri","6/10/20","2","0","29125","0"
"Marion","0","6","Missouri","6/10/20","5","1","29127","20"
"McDonald","3","42","Missouri","6/10/20","22","20","29119","90.91"
"Miller","0","5","Missouri","6/10/20","4","1","29131","25"
"Mississippi","1","66","Missouri","6/10/20","59","7","29133","11.86"
"Moniteau","0","49","Missouri","6/10/20","48","1","29135","2.08"
"Montgomery","1","13","Missouri","6/10/20","9","4","29139","44.44"
"Morgan","0","9","Missouri","6/10/20","9","0","29141","0"
"New Madrid","0","24","Missouri","6/10/20","21","3","29143","14.29"
"Newton","3","44","Missouri","6/10/20","21","23","29145","109.52"
"Nodaway","0","14","Missouri","6/10/20","14","0","29147","0"
"Oregon","0","2","Missouri","6/10/20","2","0","29149","0"
"Osage","0","6","Missouri","6/10/20","5","1","29151","20"
"Pemiscot","1","99","Missouri","6/10/20","89","10","29155","11.24"
"Perry","2","75","Missouri","6/10/20","64","11","29157","17.19"
"Pettis","1","84","Missouri","6/10/20","79","5","29159","6.33"
"Phelps","0","6","Missouri","6/10/20","5","1","29161","20"
"Pike","0","29","Missouri","6/10/20","27","2","29163","7.41"
"Platte","1","81","Missouri","6/10/20","73","8","29165","10.96"
"Polk","0","4","Missouri","6/10/20","3","1","29167","33.33"
"Pulaski","10","109","Missouri","6/10/20","39","70","29169","179.49"
"Ralls","0","5","Missouri","6/10/20","5","0","29173","0"
"Randolph","0","10","Missouri","6/10/20","10","0","29175","0"
"Ray","0","24","Missouri","6/10/20","22","2","29177","9.09"
"Reynolds","0","2","Missouri","6/10/20","2","0","29179","0"
"Ripley","0","11","Missouri","6/10/20","10","1","29181","10"
"Saline","2","283","Missouri","6/10/20","269","14","29195","5.2"
"Scotland","0","9","Missouri","6/10/20","8","1","29199","12.5"
"Scott","2","128","Missouri","6/10/20","113","15","29201","13.27"
"Shelby","0","1","Missouri","6/10/20","1","0","29205","0"
"St. Charles","10","871","Missouri","6/10/20","799","72","29183","9.01"
"St. Clair","0","3","Missouri","6/10/20","3","0","29185","0"
"St. Francois","1","41","Missouri","6/10/20","36","5","29187","13.89"
"St. Louis","38","5455","Missouri","6/10/20","5190","265","29189","5.11"
"St. Louis City","20","2145","Missouri","6/10/20","2006","139","29510","6.93"
"Ste. Genevieve","0","13","Missouri","6/10/20","12","1","29186","8.33"
"Stoddard","2","109","Missouri","6/10/20","94","15","29207","15.96"
"Stone","1","10","Missouri","6/10/20","5","5","29209","100"
"Sullivan","1","71","Missouri","6/10/20","61","10","29211","16.39"
"Taney","0","14","Missouri","6/10/20","14","0","29213","0"
"Texas","0","1","Missouri","6/10/20","1","0","29215","0"
"Vernon","0","12","Missouri","6/10/20","10","2","29217","20"
"Warren","0","31","Missouri","6/10/20","28","3","29219","10.71"
"Washington","0","13","Missouri","6/10/20","12","1","29221","8.33"
"Webster","0","18","Missouri","6/10/20","18","0","29225","0"
"Worth","0","4","Missouri","6/10/20","4","0","29227","0"
"Wright","0","14","Missouri","6/10/20","11","3","29229","27.27"
"Beaverhead","0","1","Montana","6/10/20","1","0","30001","0"
"Big Horn","2","43","Montana","6/10/20","31","12","30003","38.71"
"Broadwater","0","4","Montana","6/10/20","4","0","30007","0"
"Carbon","0","6","Montana","6/10/20","6","0","30009","0"
"Cascade","0","17","Montana","6/10/20","17","0","30013","0"
"Deer Lodge","0","3","Montana","6/10/20","3","0","30023","0"
"Flathead","0","37","Montana","6/10/20","37","0","30029","0"
"Gallatin","3","174","Montana","6/10/20","155","19","30031","12.26"
"Glacier","0","6","Montana","6/10/20","6","0","30035","0"
"Golden Valley","0","3","Montana","6/10/20","3","0","30037","0"
"Hill","0","1","Montana","6/10/20","1","0","30041","0"
"Jefferson","0","3","Montana","6/10/20","3","0","30043","0"
"Lake","0","5","Montana","6/10/20","5","0","30047","0"
"Lewis and Clark","0","18","Montana","6/10/20","16","2","30049","12.5"
"Liberty","0","1","Montana","6/10/20","1","0","30051","0"
"Lincoln","0","7","Montana","6/10/20","7","0","30053","0"
"Madison","0","8","Montana","6/10/20","8","0","30057","0"
"Meagher","0","1","Montana","6/10/20","1","0","30059","0"
"Missoula","0","39","Montana","6/10/20","40","-1","30063","-2.5"
"Musselshell","0","1","Montana","6/10/20","1","0","30065","0"
"Park","0","8","Montana","6/10/20","8","0","30067","0"
"Pondera","0","2","Montana","6/10/20","2","0","30073","0"
"Ravalli","0","14","Montana","6/10/20","14","0","30081","0"
"Richland","0","3","Montana","6/10/20","3","0","30083","0"
"Roosevelt","0","7","Montana","6/10/20","7","0","30085","0"
"Rosebud","0","1","Montana","6/10/20","1","0","30087","0"
"Silver Bow","0","11","Montana","6/10/20","11","0","30093","0"
"Stillwater","0","2","Montana","6/10/20","1","1","30095","100"
"Toole","0","29","Montana","6/10/20","29","0","30101","0"
"Wheatland","0","1","Montana","6/10/20","1","0","30107","0"
"Yellowstone","0","105","Montana","6/10/20","102","3","30111","2.94"
"Adams","1","277","Nebraska","6/10/20","273","4","31001","1.47"
"Antelope","0","8","Nebraska","6/10/20","8","0","31003","0"
"Boone","0","7","Nebraska","6/10/20","6","1","31011","16.67"
"Box Butte","0","3","Nebraska","6/10/20","2","1","31013","50"
"Boyd","0","1","Nebraska","6/10/20","1","0","31015","0"
"Buffalo","1","175","Nebraska","6/10/20","168","7","31019","4.17"
"Burt","0","10","Nebraska","6/10/20","8","2","31021","25"
"Butler","0","51","Nebraska","6/10/20","50","1","31023","2"
"Cass","1","58","Nebraska","6/10/20","53","5","31025","9.43"
"Cedar","0","8","Nebraska","6/10/20","8","0","31027","0"
"Chase","0","1","Nebraska","6/10/20","1","0","31029","0"
"Cherry","0","1","Nebraska","6/10/20","1","0","31031","0"
"Cheyenne","0","10","Nebraska","6/10/20","9","1","31033","11.11"
"Clay","0","24","Nebraska","6/10/20","24","0","31035","0"
"Colfax","2","639","Nebraska","6/10/20","624","15","31037","2.4"
"Cuming","0","34","Nebraska","6/10/20","34","0","31039","0"
"Custer","0","34","Nebraska","6/10/20","31","3","31041","9.68"
"Dakota","5","1717","Nebraska","6/10/20","1684","33","31043","1.96"
"Dawes","0","1","Nebraska","6/10/20","1","0","31045","0"
"Dawson","1","844","Nebraska","6/10/20","840","4","31047","0.48"
"Dixon","1","34","Nebraska","6/10/20","29","5","31051","17.24"
"Dodge","13","591","Nebraska","6/10/20","503","88","31053","17.5"
"Douglas","86","5245","Nebraska","6/10/20","4640","605","31055","13.04"
"Fillmore","0","9","Nebraska","6/10/20","7","2","31059","28.57"
"Franklin","0","6","Nebraska","6/10/20","6","0","31061","0"
"Frontier","0","1","Nebraska","6/10/20","1","0","31063","0"
"Furnas","0","9","Nebraska","6/10/20","9","0","31065","0"
"Gage","0","45","Nebraska","6/10/20","45","0","31067","0"
"Garden","0","4","Nebraska","6/10/20","4","0","31069","0"
"Garfield","0","1","Nebraska","6/10/20","0","1","31071","1"
"Gosper","0","13","Nebraska","6/10/20","13","0","31073","0"
"Greeley","0","3","Nebraska","6/10/20","2","1","31077","50"
"Hall","4","1553","Nebraska","6/10/20","1525","28","31079","1.84"
"Hamilton","0","56","Nebraska","6/10/20","55","1","31081","1.82"
"Hitchcock","0","1","Nebraska","6/10/20","1","0","31087","0"
"Holt","0","1","Nebraska","6/10/20","1","0","31089","0"
"Howard","0","44","Nebraska","6/10/20","42","2","31093","4.76"
"Jefferson","0","9","Nebraska","6/10/20","7","2","31095","28.57"
"Johnson","0","6","Nebraska","6/10/20","6","0","31097","0"
"Kearney","0","12","Nebraska","6/10/20","11","1","31099","9.09"
"Keith","0","2","Nebraska","6/10/20","2","0","31101","0"
"Kimball","0","8","Nebraska","6/10/20","8","0","31105","0"
"Knox","0","11","Nebraska","6/10/20","10","1","31107","10"
"Lancaster","19","1393","Nebraska","6/10/20","1262","131","31109","10.38"
"Lincoln","0","51","Nebraska","6/10/20","48","3","31111","6.25"
"Madison","1","328","Nebraska","6/10/20","320","8","31119","2.5"
"Merrick","0","36","Nebraska","6/10/20","33","3","31121","9.09"
"Morrill","0","11","Nebraska","6/10/20","11","0","31123","0"
"Nance","0","4","Nebraska","6/10/20","4","0","31125","0"
"Nemaha","0","4","Nebraska","6/10/20","4","0","31127","0"
"Nuckolls","0","1","Nebraska","6/10/20","1","0","31129","0"
"Otoe","1","11","Nebraska","6/10/20","7","4","31131","57.14"
"Phelps","0","20","Nebraska","6/10/20","20","0","31137","0"
"Pierce","0","6","Nebraska","6/10/20","6","0","31139","0"
"Platte","3","631","Nebraska","6/10/20","611","20","31141","3.27"
"Polk","0","12","Nebraska","6/10/20","11","1","31143","9.09"
"Red Willow","0","5","Nebraska","6/10/20","5","0","31145","0"
"Richardson","0","1","Nebraska","6/10/20","1","0","31147","0"
"Saline","1","518","Nebraska","6/10/20","508","10","31151","1.97"
"Sarpy","15","809","Nebraska","6/10/20","703","106","31153","15.08"
"Saunders","2","55","Nebraska","6/10/20","42","13","31155","30.95"
"Scotts Bluff","4","149","Nebraska","6/10/20","120","29","31157","24.17"
"Seward","0","29","Nebraska","6/10/20","29","0","31159","0"
"Sherman","0","5","Nebraska","6/10/20","4","1","31163","25"
"Stanton","0","21","Nebraska","6/10/20","21","0","31167","0"
"Thayer","0","1","Nebraska","6/10/20","1","0","31169","0"
"Thomas","0","1","Nebraska","6/10/20","1","0","31171","0"
"Thurston","2","61","Nebraska","6/10/20","49","12","31173","24.49"
"Valley","0","7","Nebraska","6/10/20","4","3","31175","75"
"Washington","1","36","Nebraska","6/10/20","32","4","31177","12.5"
"Wayne","1","26","Nebraska","6/10/20","18","8","31179","44.44"
"Webster","0","5","Nebraska","6/10/20","5","0","31181","0"
"York","0","37","Nebraska","6/10/20","36","1","31185","2.78"
"Carson City","2","115","Nevada","6/10/20","99","16","32510","16.16"
"Churchill","0","10","Nevada","6/10/20","8","2","32001","25"
"Clark","142","7915","Nevada","6/10/20","6923","992","32003","14.33"
"Douglas","1","39","Nevada","6/10/20","35","4","32005","11.43"
"Elko","1","33","Nevada","6/10/20","26","7","32007","26.92"
"Humboldt","0","78","Nevada","6/10/20","78","0","32013","0"
"Lander","0","24","Nevada","6/10/20","21","3","32015","14.29"
"Lincoln","0","2","Nevada","6/10/20","2","0","32017","0"
"Lyon","3","89","Nevada","6/10/20","67","22","32019","32.84"
"Mineral","0","4","Nevada","6/10/20","4","0","32021","0"
"Nye","1","69","Nevada","6/10/20","64","5","32023","7.81"
"Pershing","0","4","Nevada","6/10/20","2","2","32027","100"
"Storey","0","1","Nevada","6/10/20","1","0","32029","0"
"Washoe","31","1832","Nevada","6/10/20","1618","214","32031","13.23"
"White Pine","0","3","Nevada","6/10/20","3","0","32033","0"
"Belknap","1","70","New Hampshire","6/10/20","63","7","33001","11.11"
"Carroll","0","49","New Hampshire","6/10/20","48","1","33003","2.08"
"Cheshire","0","59","New Hampshire","6/10/20","57","2","33005","3.51"
"Coos","0","6","New Hampshire","6/10/20","5","1","33007","20"
"Grafton","0","76","New Hampshire","6/10/20","76","0","33009","0"
"Hillsborough","40","2833","New Hampshire","6/10/20","2554","279","33011","10.92"
"Merrimack","4","383","New Hampshire","6/10/20","353","30","33013","8.5"
"Rockingham","8","1392","New Hampshire","6/10/20","1336","56","33015","4.19"
"Strafford","1","278","New Hampshire","6/10/20","273","5","33017","1.83"
"Sullivan","1","24","New Hampshire","6/10/20","20","4","33019","20"
"Atlantic","20","2422","New Jersey","6/10/20","2284","138","34001","6.04"
"Bergen","42","18667","New Jersey","6/10/20","18376","291","34003","1.58"
"Burlington","18","4826","New Jersey","6/10/20","4700","126","34005","2.68"
"Camden","37","6903","New Jersey","6/10/20","6645","258","34007","3.88"
"Cape May","5","662","New Jersey","6/10/20","629","33","34009","5.25"
"Cumberland","25","2604","New Jersey","6/10/20","2431","173","34011","7.12"
"Essex","56","18206","New Jersey","6/10/20","17813","393","34013","2.21"
"Gloucester","11","2357","New Jersey","6/10/20","2278","79","34015","3.47"
"Hudson","31","19066","New Jersey","6/10/20","18852","214","34017","1.14"
"Hunterdon","3","1028","New Jersey","6/10/20","1006","22","34019","2.19"
"Mercer","30","7245","New Jersey","6/10/20","7033","212","34021","3.01"
"Middlesex","32","16288","New Jersey","6/10/20","16066","222","34023","1.38"
"Monmouth","33","8563","New Jersey","6/10/20","8332","231","34025","2.77"
"Morris","8","6596","New Jersey","6/10/20","6540","56","34027","0.86"
"Ocean","35","9100","New Jersey","6/10/20","8853","247","34029","2.79"
"Passaic","35","16524","New Jersey","6/10/20","16277","247","34031","1.52"
"Salem","5","687","New Jersey","6/10/20","653","34","34033","5.21"
"Somerset","11","4698","New Jersey","6/10/20","4619","79","34035","1.71"
"Sussex","7","1179","New Jersey","6/10/20","1128","51","34037","4.52"
"Union","58","16317","New Jersey","6/10/20","15911","406","34039","2.55"
"Warren","2","1197","New Jersey","6/10/20","1182","15","34041","1.27"
"Bernalillo","14","1623","New Mexico","6/10/20","1524","99","35001","6.5"
"Catron","0","2","New Mexico","6/10/20","2","0","35003","0"
"Chaves","0","50","New Mexico","6/10/20","50","0","35005","0"
"Cibola","3","170","New Mexico","6/10/20","147","23","35006","15.65"
"Colfax","0","6","New Mexico","6/10/20","5","1","35007","20"
"Curry","2","68","New Mexico","6/10/20","56","12","35009","21.43"
"Dona Ana","18","615","New Mexico","6/10/20","488","127","35013","26.02"
"Eddy","3","42","New Mexico","6/10/20","23","19","35015","82.61"
"Grant","0","15","New Mexico","6/10/20","15","0","35017","0"
"Guadalupe","0","20","New Mexico","6/10/20","20","0","35019","0"
"Harding","0","1","New Mexico","6/10/20","1","0","35021","0"
"Hidalgo","0","1","New Mexico","6/10/20","1","0","35023","0"
"Lea","1","34","New Mexico","6/10/20","26","8","35025","30.77"
"Lincoln","0","5","New Mexico","6/10/20","5","0","35027","0"
"Los Alamos","0","6","New Mexico","6/10/20","6","0","35028","0"
"Luna","0","12","New Mexico","6/10/20","10","2","35029","20"
"McKinley","42","2807","New Mexico","6/10/20","2515","292","35031","11.61"
"Otero","1","28","New Mexico","6/10/20","22","6","35035","27.27"
"Quay","0","4","New Mexico","6/10/20","5","-1","35037","-20"
"Rio Arriba","1","59","New Mexico","6/10/20","52","7","35039","13.46"
"Roosevelt","1","46","New Mexico","6/10/20","41","5","35041","12.2"
"San Juan","30","2034","New Mexico","6/10/20","1821","213","35045","11.7"
"San Miguel","0","16","New Mexico","6/10/20","15","1","35047","6.67"
"Sandoval","4","604","New Mexico","6/10/20","575","29","35043","5.04"
"Santa Fe","1","160","New Mexico","6/10/20","150","10","35049","6.67"
"Sierra","0","3","New Mexico","6/10/20","1","2","35051","200"
"Socorro","0","55","New Mexico","6/10/20","52","3","35053","5.77"
"Taos","0","31","New Mexico","6/10/20","30","1","35055","3.33"
"Torrance","0","35","New Mexico","6/10/20","32","3","35057","9.38"
"Union","0","5","New Mexico","6/10/20","4","1","35059","25"
"Valencia","1","84","New Mexico","6/10/20","79","5","35061","6.33"
"Albany","9","1986","New York","6/10/20","1920","66","36001","3.44"
"Allegany","0","52","New York","6/10/20","49","3","36003","6.12"
"Broome","6","630","New York","6/10/20","589","41","36007","6.96"
"Cattaraugus","1","96","New York","6/10/20","90","6","36009","6.67"
"Cayuga","1","102","New York","6/10/20","96","6","36011","6.25"
"Chautauqua","2","105","New York","6/10/20","89","16","36013","17.98"
"Chemung","0","138","New York","6/10/20","137","1","36015","0.73"
"Chenango","1","137","New York","6/10/20","133","4","36017","3.01"
"Clinton","0","97","New York","6/10/20","97","0","36019","0"
"Columbia","3","420","New York","6/10/20","399","21","36021","5.26"
"Cortland","0","42","New York","6/10/20","41","1","36023","2.44"
"Delaware","1","87","New York","6/10/20","82","5","36025","6.1"
"Dutchess","10","4022","New York","6/10/20","3951","71","36027","1.8"
"Erie","55","6616","New York","6/10/20","6234","382","36029","6.13"
"Essex","0","40","New York","6/10/20","38","2","36031","5.26"
"Franklin","0","23","New York","6/10/20","23","0","36033","0"
"Fulton","2","228","New York","6/10/20","213","15","36035","7.04"
"Genesee","1","211","New York","6/10/20","202","9","36037","4.46"
"Greene","1","249","New York","6/10/20","241","8","36039","3.32"
"Hamilton","0","5","New York","6/10/20","5","0","36041","0"
"Herkimer","2","125","New York","6/10/20","113","12","36043","10.62"
"Jefferson","1","79","New York","6/10/20","74","5","36045","6.76"
"Lewis","0","20","New York","6/10/20","20","0","36049","0"
"Livingston","0","121","New York","6/10/20","120","1","36051","0.83"
"Madison","2","331","New York","6/10/20","319","12","36053","3.76"
"Monroe","30","3255","New York","6/10/20","3048","207","36055","6.79"
"Montgomery","1","100","New York","6/10/20","94","6","36057","6.38"
"Nassau","53","41015","New York","6/10/20","40644","371","36059","0.91"
"New York","464","208118","New York","6/10/20","204872","3246","36061","1.58"
"Niagara","9","1129","New York","6/10/20","1067","62","36063","5.81"
"Oneida","21","1203","New York","6/10/20","1058","145","36065","13.71"
"Onondaga","25","2433","New York","6/10/20","2256","177","36067","7.85"
"Ontario","1","222","New York","6/10/20","215","7","36069","3.26"
"Orange","12","10541","New York","6/10/20","10460","81","36071","0.77"
"Orleans","2","259","New York","6/10/20","246","13","36073","5.28"
"Oswego","0","115","New York","6/10/20","112","3","36075","2.68"
"Otsego","1","77","New York","6/10/20","73","4","36077","5.48"
"Putnam","3","1282","New York","6/10/20","1264","18","36079","1.42"
"Rensselaer","2","507","New York","6/10/20","495","12","36083","2.42"
"Rockland","16","13372","New York","6/10/20","13259","113","36087","0.85"
"Saratoga","3","511","New York","6/10/20","489","22","36091","4.5"
"Schenectady","2","716","New York","6/10/20","701","15","36093","2.14"
"Schoharie","0","54","New York","6/10/20","51","3","36095","5.88"
"Schuyler","0","12","New York","6/10/20","12","0","36097","0"
"Seneca","0","61","New York","6/10/20","60","1","36099","1.67"
"St. Lawrence","0","209","New York","6/10/20","206","3","36089","1.46"
"Steuben","1","253","New York","6/10/20","243","10","36101","4.12"
"Suffolk","57","40464","New York","6/10/20","40062","402","36103","1"
"Sullivan","5","1425","New York","6/10/20","1393","32","36105","2.3"
"Tioga","0","135","New York","6/10/20","133","2","36107","1.5"
"Tompkins","1","171","New York","6/10/20","165","6","36109","3.64"
"Ulster","4","1726","New York","6/10/20","1701","25","36111","1.47"
"Warren","0","257","New York","6/10/20","256","1","36113","0.39"
"Washington","0","240","New York","6/10/20","238","2","36115","0.84"
"Wayne","1","126","New York","6/10/20","120","6","36117","5"
"Westchester","55","34076","New York","6/10/20","33691","385","36119","1.14"
"Wyoming","1","91","New York","6/10/20","87","4","36121","4.6"
"Yates","0","39","New York","6/10/20","39","0","36123","0"
"Alamance","23","574","North Carolina","6/10/20","413","161","37001","38.98"
"Alexander","1","43","North Carolina","6/10/20","38","5","37003","13.16"
"Alleghany","1","30","North Carolina","6/10/20","24","6","37005","25"
"Anson","1","78","North Carolina","6/10/20","68","10","37007","14.71"
"Ashe","1","42","North Carolina","6/10/20","37","5","37009","13.51"
"Avery","1","6","North Carolina","6/10/20","2","4","37011","200"
"Beaufort","1","44","North Carolina","6/10/20","36","8","37013","22.22"
"Bertie","1","134","North Carolina","6/10/20","126","8","37015","6.35"
"Bladen","8","165","North Carolina","6/10/20","106","59","37017","55.66"
"Brunswick","8","163","North Carolina","6/10/20","110","53","37019","48.18"
"Buncombe","7","408","North Carolina","6/10/20","361","47","37021","13.02"
"Burke","33","710","North Carolina","6/10/20","477","233","37023","48.85"
"Cabarrus","15","617","North Carolina","6/10/20","511","106","37025","20.74"
"Caldwell","8","219","North Carolina","6/10/20","161","58","37027","36.02"
"Camden","0","3","North Carolina","6/10/20","3","0","37029","0"
"Carteret","1","42","North Carolina","6/10/20","37","5","37031","13.51"
"Caswell","1","98","North Carolina","6/10/20","94","4","37033","4.26"
"Catawba","12","338","North Carolina","6/10/20","255","83","37035","32.55"
"Chatham","13","749","North Carolina","6/10/20","660","89","37037","13.48"
"Cherokee","0","30","North Carolina","6/10/20","30","0","37039","0"
"Chowan","0","18","North Carolina","6/10/20","17","1","37041","5.88"
"Clay","0","8","North Carolina","6/10/20","8","0","37043","0"
"Cleveland","3","127","North Carolina","6/10/20","109","18","37045","16.51"
"Columbus","4","379","North Carolina","6/10/20","349","30","37047","8.6"
"Craven","4","241","North Carolina","6/10/20","210","31","37049","14.76"
"Cumberland","13","811","North Carolina","6/10/20","721","90","37051","12.48"
"Currituck","0","15","North Carolina","6/10/20","14","1","37053","7.14"
"Dare","0","25","North Carolina","6/10/20","22","3","37055","13.64"
"Davidson","14","544","North Carolina","6/10/20","446","98","37057","21.97"
"Davie","3","126","North Carolina","6/10/20","105","21","37059","20"
"Duplin","26","1072","North Carolina","6/10/20","890","182","37061","20.45"
"Durham","65","2284","North Carolina","6/10/20","1828","456","37063","24.95"
"Edgecombe","3","231","North Carolina","6/10/20","210","21","37065","10"
"Forsyth","58","1925","North Carolina","6/10/20","1517","408","37067","26.9"
"Franklin","4","197","North Carolina","6/10/20","167","30","37069","17.96"
"Gaston","14","392","North Carolina","6/10/20","297","95","37071","31.99"
"Gates","0","24","North Carolina","6/10/20","24","0","37073","0"
"Graham","1","6","North Carolina","6/10/20","2","4","37075","200"
"Granville","41","610","North Carolina","6/10/20","324","286","37077","88.27"
"Greene","4","106","North Carolina","6/10/20","81","25","37079","30.86"
"Guilford","63","1853","North Carolina","6/10/20","1415","438","37081","30.95"
"Halifax","3","219","North Carolina","6/10/20","197","22","37083","11.17"
"Harnett","7","352","North Carolina","6/10/20","306","46","37085","15.03"
"Haywood","1","63","North Carolina","6/10/20","53","10","37087","18.87"
"Henderson","5","389","North Carolina","6/10/20","352","37","37089","10.51"
"Hertford","1","140","North Carolina","6/10/20","132","8","37091","6.06"
"Hoke","5","288","North Carolina","6/10/20","255","33","37093","12.94"
"Hyde","0","2","North Carolina","6/10/20","1","1","37095","100"
"Iredell","12","363","North Carolina","6/10/20","280","83","37097","29.64"
"Jackson","2","55","North Carolina","6/10/20","38","17","37099","44.74"
"Johnston","23","677","North Carolina","6/10/20","513","164","37101","31.97"
"Jones","0","28","North Carolina","6/10/20","28","0","37103","0"
"Lee","10","554","North Carolina","6/10/20","486","68","37105","13.99"
"Lenoir","6","261","North Carolina","6/10/20","222","39","37107","17.57"
"Lincoln","4","108","North Carolina","6/10/20","78","30","37109","38.46"
"Macon","10","158","North Carolina","6/10/20","89","69","37113","77.53"
"Madison","0","4","North Carolina","6/10/20","4","0","37115","0"
"Martin","1","78","North Carolina","6/10/20","74","4","37117","5.41"
"McDowell","3","106","North Carolina","6/10/20","82","24","37111","29.27"
"Mecklenburg","170","5861","North Carolina","6/10/20","4670","1191","37119","25.5"
"Mitchell","0","17","North Carolina","6/10/20","15","2","37121","13.33"
"Montgomery","1","170","North Carolina","6/10/20","162","8","37123","4.94"
"Moore","4","266","North Carolina","6/10/20","235","31","37125","13.19"
"Nash","5","248","North Carolina","6/10/20","213","35","37127","16.43"
"New Hanover","11","304","North Carolina","6/10/20","225","79","37129","35.11"
"Northampton","1","170","North Carolina","6/10/20","165","5","37131","3.03"
"Onslow","3","136","North Carolina","6/10/20","114","22","37133","19.3"
"Orange","7","415","North Carolina","6/10/20","364","51","37135","14.01"
"Pamlico","0","13","North Carolina","6/10/20","10","3","37137","30"
"Pasquotank","1","120","North Carolina","6/10/20","112","8","37139","7.14"
"Pender","3","117","North Carolina","6/10/20","93","24","37141","25.81"
"Perquimans","0","26","North Carolina","6/10/20","25","1","37143","4"
"Person","2","65","North Carolina","6/10/20","54","11","37145","20.37"
"Pitt","14","416","North Carolina","6/10/20","321","95","37147","29.6"
"Polk","2","51","North Carolina","6/10/20","39","12","37149","30.77"
"Randolph","19","862","North Carolina","6/10/20","728","134","37151","18.41"
"Richmond","3","188","North Carolina","6/10/20","170","18","37153","10.59"
"Robeson","17","1001","North Carolina","6/10/20","885","116","37155","13.11"
"Rockingham","2","118","North Carolina","6/10/20","102","16","37157","15.69"
"Rowan","14","788","North Carolina","6/10/20","688","100","37159","14.53"
"Rutherford","2","200","North Carolina","6/10/20","186","14","37161","7.53"
"Sampson","17","627","North Carolina","6/10/20","510","117","37163","22.94"
"Scotland","2","99","North Carolina","6/10/20","87","12","37165","13.79"
"Stanly","5","124","North Carolina","6/10/20","92","32","37167","34.78"
"Stokes","2","89","North Carolina","6/10/20","75","14","37169","18.67"
"Surry","9","294","North Carolina","6/10/20","231","63","37171","27.27"
"Swain","2","32","North Carolina","6/10/20","21","11","37173","52.38"
"Transylvania","0","16","North Carolina","6/10/20","15","1","37175","6.67"
"Tyrrell","0","4","North Carolina","6/10/20","4","0","37177","0"
"Union","16","616","North Carolina","6/10/20","506","110","37179","21.74"
"Vance","6","377","North Carolina","6/10/20","337","40","37181","11.87"
"Wake","91","2541","North Carolina","6/10/20","1901","640","37183","33.67"
"Warren","6","113","North Carolina","6/10/20","70","43","37185","61.43"
"Washington","0","32","North Carolina","6/10/20","32","0","37187","0"
"Watauga","1","41","North Carolina","6/10/20","31","10","37189","32.26"
"Wayne","26","1367","North Carolina","6/10/20","1188","179","37191","15.07"
"Wilkes","2","513","North Carolina","6/10/20","500","13","37193","2.6"
"Wilson","10","456","North Carolina","6/10/20","384","72","37195","18.75"
"Yadkin","3","225","North Carolina","6/10/20","203","22","37197","10.84"
"Yancey","1","23","North Carolina","6/10/20","18","5","37199","27.78"
"Barnes","1","9","North Dakota","6/10/20","5","4","38003","80"
"Benson","0","3","North Dakota","6/10/20","1","2","38005","200"
"Bottineau","0","4","North Dakota","6/10/20","2","2","38009","100"
"Bowman","0","1","North Dakota","6/10/20","1","0","38011","0"
"Burke","0","5","North Dakota","6/10/20","5","0","38013","0"
"Burleigh","2","147","North Dakota","6/10/20","132","15","38015","11.36"
"Cass","25","1958","North Dakota","6/10/20","1783","175","38017","9.81"
"Dickey","0","1","North Dakota","6/10/20","1","0","38021","0"
"Divide","0","1","North Dakota","6/10/20","1","0","38023","0"
"Dunn","0","11","North Dakota","6/10/20","11","0","38025","0"
"Eddy","0","5","North Dakota","6/10/20","4","1","38027","25"
"Emmons","0","4","North Dakota","6/10/20","4","0","38029","0"
"Foster","0","1","North Dakota","6/10/20","1","0","38031","0"
"Grand Forks","0","339","North Dakota","6/10/20","336","3","38035","0.89"
"Grant","0","2","North Dakota","6/10/20","2","0","38037","0"
"Griggs","0","1","North Dakota","6/10/20","1","0","38039","0"
"Kidder","0","2","North Dakota","6/10/20","0","2","38043","1"
"LaMoure","1","6","North Dakota","6/10/20","0","6","38045","1"
"McHenry","0","2","North Dakota","6/10/20","2","0","38049","0"
"McIntosh","0","1","North Dakota","6/10/20","1","0","38051","0"
"McKenzie","0","18","North Dakota","6/10/20","17","1","38053","5.88"
"McLean","0","8","North Dakota","6/10/20","7","1","38055","14.29"
"Mercer","0","6","North Dakota","6/10/20","5","1","38057","20"
"Morton","0","60","North Dakota","6/10/20","60","0","38059","0"
"Mountrail","0","43","North Dakota","6/10/20","41","2","38061","4.88"
"Nelson","0","1","North Dakota","6/10/20","1","0","38063","0"
"Oliver","0","1","North Dakota","6/10/20","1","0","38065","0"
"Pembina","0","6","North Dakota","6/10/20","6","0","38067","0"
"Pierce","0","3","North Dakota","6/10/20","3","0","38069","0"
"Ramsey","0","8","North Dakota","6/10/20","8","0","38071","0"
"Ransom","0","11","North Dakota","6/10/20","11","0","38073","0"
"Renville","0","3","North Dakota","6/10/20","3","0","38075","0"
"Richland","1","31","North Dakota","6/10/20","22","9","38077","40.91"
"Rolette","0","7","North Dakota","6/10/20","6","1","38079","16.67"
"Sargent","0","4","North Dakota","6/10/20","3","1","38081","33.33"
"Sheridan","0","1","North Dakota","6/10/20","0","1","38083","1"
"Sioux","0","2","North Dakota","6/10/20","1","1","38085","100"
"Slope","0","3","North Dakota","6/10/20","3","0","38087","0"
"Stark","0","63","North Dakota","6/10/20","62","1","38089","1.61"
"Steele","0","1","North Dakota","6/10/20","1","0","38091","0"
"Stutsman","3","51","North Dakota","6/10/20","29","22","38093","75.86"
"Traill","0","14","North Dakota","6/10/20","14","0","38097","0"
"Walsh","0","16","North Dakota","6/10/20","15","1","38099","6.67"
"Ward","1","44","North Dakota","6/10/20","39","5","38101","12.82"
"Wells","1","8","North Dakota","6/10/20","3","5","38103","166.67"
"Williams","0","25","North Dakota","6/10/20","25","0","38105","0"
"","1","30","Northern Mariana Islands","6/10/20","24","6",,"25"
"Adams","0","12","Ohio","6/10/20","10","2","39001","20"
"Allen","2","229","Ohio","6/10/20","214","15","39003","7.01"
"Ashland","1","26","Ohio","6/10/20","21","5","39005","23.81"
"Ashtabula","5","377","Ohio","6/10/20","345","32","39007","9.28"
"Athens","1","22","Ohio","6/10/20","18","4","39009","22.22"
"Auglaize","1","81","Ohio","6/10/20","76","5","39011","6.58"
"Belmont","3","460","Ohio","6/10/20","439","21","39013","4.78"
"Brown","0","32","Ohio","6/10/20","30","2","39015","6.67"
"Butler","16","1045","Ohio","6/10/20","933","112","39017","12"
"Carroll","1","36","Ohio","6/10/20","31","5","39019","16.13"
"Champaign","1","34","Ohio","6/10/20","28","6","39021","21.43"
"Clark","11","384","Ohio","6/10/20","306","78","39023","25.49"
"Clermont","3","237","Ohio","6/10/20","216","21","39025","9.72"
"Clinton","1","49","Ohio","6/10/20","45","4","39027","8.89"
"Columbiana","2","903","Ohio","6/10/20","889","14","39029","1.57"
"Coshocton","1","48","Ohio","6/10/20","40","8","39031","20"
"Crawford","1","121","Ohio","6/10/20","117","4","39033","3.42"
"Cuyahoga","49","5011","Ohio","6/10/20","4669","342","39035","7.32"
"Darke","2","195","Ohio","6/10/20","184","11","39037","5.98"
"Defiance","1","39","Ohio","6/10/20","34","5","39039","14.71"
"Delaware","6","384","Ohio","6/10/20","344","40","39041","11.63"
"Erie","1","191","Ohio","6/10/20","182","9","39043","4.95"
"Fairfield","5","342","Ohio","6/10/20","310","32","39045","10.32"
"Fayette","0","43","Ohio","6/10/20","40","3","39047","7.5"
"Franklin","90","6741","Ohio","6/10/20","6112","629","39049","10.29"
"Fulton","1","52","Ohio","6/10/20","45","7","39051","15.56"
"Gallia","0","9","Ohio","6/10/20","8","1","39053","12.5"
"Geauga","5","327","Ohio","6/10/20","295","32","39055","10.85"
"Greene","3","122","Ohio","6/10/20","102","20","39057","19.61"
"Guernsey","1","44","Ohio","6/10/20","36","8","39059","22.22"
"Hamilton","34","2975","Ohio","6/10/20","2739","236","39061","8.62"
"Hancock","1","60","Ohio","6/10/20","51","9","39063","17.65"
"Hardin","2","78","Ohio","6/10/20","64","14","39065","21.88"
"Harrison","0","10","Ohio","6/10/20","10","0","39067","0"
"Henry","0","19","Ohio","6/10/20","17","2","39069","11.76"
"Highland","1","31","Ohio","6/10/20","26","5","39071","19.23"
"Hocking","0","73","Ohio","6/10/20","70","3","39073","4.29"
"Holmes","4","72","Ohio","6/10/20","46","26","39075","56.52"
"Huron","1","64","Ohio","6/10/20","60","4","39077","6.67"
"Jackson","0","16","Ohio","6/10/20","14","2","39079","14.29"
"Jefferson","0","69","Ohio","6/10/20","67","2","39081","2.99"
"Knox","1","29","Ohio","6/10/20","25","4","39083","16"
"Lake","3","337","Ohio","6/10/20","318","19","39085","5.97"
"Lawrence","0","30","Ohio","6/10/20","30","0","39087","0"
"Licking","3","285","Ohio","6/10/20","265","20","39089","7.55"
"Logan","1","46","Ohio","6/10/20","40","6","39091","15"
"Lorain","8","762","Ohio","6/10/20","709","53","39093","7.48"
"Lucas","13","2390","Ohio","6/10/20","2296","94","39095","4.09"
"Madison","1","167","Ohio","6/10/20","162","5","39097","3.09"
"Mahoning","9","1529","Ohio","6/10/20","1463","66","39099","4.51"
"Marion","3","2697","Ohio","6/10/20","2679","18","39101","0.67"
"Medina","4","394","Ohio","6/10/20","366","28","39103","7.65"
"Meigs","0","6","Ohio","6/10/20","6","0","39105","0"
"Mercer","3","239","Ohio","6/10/20","220","19","39107","8.64"
"Miami","2","379","Ohio","6/10/20","362","17","39109","4.7"
"Monroe","1","83","Ohio","6/10/20","79","4","39111","5.06"
"Montgomery","22","847","Ohio","6/10/20","695","152","39113","21.87"
"Morgan","0","6","Ohio","6/10/20","5","1","39115","20"
"Morrow","0","108","Ohio","6/10/20","107","1","39117","0.93"
"Muskingum","0","55","Ohio","6/10/20","52","3","39119","5.77"
"Noble","0","6","Ohio","6/10/20","6","0","39121","0"
"Ottawa","1","111","Ohio","6/10/20","102","9","39123","8.82"
"Paulding","0","14","Ohio","6/10/20","14","0","39125","0"
"Perry","0","21","Ohio","6/10/20","19","2","39127","10.53"
"Pickaway","2","2110","Ohio","6/10/20","2095","15","39129","0.72"
"Pike","0","9","Ohio","6/10/20","9","0","39131","0"
"Portage","2","346","Ohio","6/10/20","332","14","39133","4.22"
"Preble","0","40","Ohio","6/10/20","39","1","39135","2.56"
"Putnam","1","99","Ohio","6/10/20","95","4","39137","4.21"
"Richland","4","234","Ohio","6/10/20","209","25","39139","11.96"
"Ross","1","77","Ohio","6/10/20","73","4","39141","5.48"
"Sandusky","2","102","Ohio","6/10/20","85","17","39143","20"
"Scioto","0","19","Ohio","6/10/20","17","2","39145","11.76"
"Seneca","1","28","Ohio","6/10/20","24","4","39147","16.67"
"Shelby","0","49","Ohio","6/10/20","46","3","39149","6.52"
"Stark","12","839","Ohio","6/10/20","752","87","39151","11.57"
"Summit","19","1621","Ohio","6/10/20","1487","134","39153","9.01"
"Trumbull","5","620","Ohio","6/10/20","584","36","39155","6.16"
"Tuscarawas","4","389","Ohio","6/10/20","360","29","39157","8.06"
"Union","1","61","Ohio","6/10/20","55","6","39159","10.91"
"Van Wert","0","8","Ohio","6/10/20","7","1","39161","14.29"
"Vinton","0","21","Ohio","6/10/20","21","0","39163","0"
"Warren","10","461","Ohio","6/10/20","390","71","39165","18.21"
"Washington","0","118","Ohio","6/10/20","118","0","39167","0"
"Wayne","2","302","Ohio","6/10/20","288","14","39169","4.86"
"Williams","0","58","Ohio","6/10/20","56","2","39171","3.57"
"Wood","1","312","Ohio","6/10/20","303","9","39173","2.97"
"Wyandot","1","48","Ohio","6/10/20","44","4","39175","9.09"
"Adair","1","95","Oklahoma","6/10/20","91","4","40001","4.4"
"Alfalfa","0","1","Oklahoma","6/10/20","1","0","40003","0"
"Atoka","0","5","Oklahoma","6/10/20","4","1","40005","25"
"Beaver","0","27","Oklahoma","6/10/20","24","3","40007","12.5"
"Beckham","0","7","Oklahoma","6/10/20","7","0","40009","0"
"Blaine","0","10","Oklahoma","6/10/20","8","2","40011","25"
"Bryan","2","46","Oklahoma","6/10/20","32","14","40013","43.75"
"Caddo","1","174","Oklahoma","6/10/20","167","7","40015","4.19"
"Canadian","2","144","Oklahoma","6/10/20","133","11","40017","8.27"
"Carter","1","55","Oklahoma","6/10/20","45","10","40019","22.22"
"Cherokee","1","37","Oklahoma","6/10/20","31","6","40021","19.35"
"Choctaw","2","101","Oklahoma","6/10/20","87","14","40023","16.09"
"Cimarron","0","1","Oklahoma","6/10/20","1","0","40025","0"
"Cleveland","3","529","Oklahoma","6/10/20","511","18","40027","3.52"
"Coal","0","5","Oklahoma","6/10/20","3","2","40029","66.67"
"Comanche","3","312","Oklahoma","6/10/20","290","22","40031","7.59"
"Cotton","0","5","Oklahoma","6/10/20","5","0","40033","0"
"Craig","0","16","Oklahoma","6/10/20","15","1","40035","6.67"
"Creek","1","102","Oklahoma","6/10/20","97","5","40037","5.15"
"Custer","1","37","Oklahoma","6/10/20","30","7","40039","23.33"
"Delaware","1","104","Oklahoma","6/10/20","100","4","40041","4"
"Dewey","0","2","Oklahoma","6/10/20","3","-1","40043","-33.33"
"Garfield","1","31","Oklahoma","6/10/20","27","4","40047","14.81"
"Garvin","0","20","Oklahoma","6/10/20","18","2","40049","11.11"
"Grady","2","115","Oklahoma","6/10/20","100","15","40051","15"
"Grant","0","2","Oklahoma","6/10/20","2","0","40053","0"
"Greer","0","66","Oklahoma","6/10/20","66","0","40055","0"
"Harper","0","1","Oklahoma","6/10/20","1","0","40059","0"
"Haskell","0","6","Oklahoma","6/10/20","6","0","40061","0"
"Hughes","0","3","Oklahoma","6/10/20","3","0","40063","0"
"Jackson","0","30","Oklahoma","6/10/20","27","3","40065","11.11"
"Jefferson","0","4","Oklahoma","6/10/20","4","0","40067","0"
"Johnston","0","3","Oklahoma","6/10/20","3","0","40069","0"
"Kay","0","60","Oklahoma","6/10/20","57","3","40071","5.26"
"Kingfisher","0","12","Oklahoma","6/10/20","11","1","40073","9.09"
"Kiowa","0","6","Oklahoma","6/10/20","6","0","40075","0"
"Latimer","0","5","Oklahoma","6/10/20","5","0","40077","0"
"Le Flore","0","16","Oklahoma","6/10/20","14","2","40079","14.29"
"Lincoln","0","22","Oklahoma","6/10/20","22","0","40081","0"
"Logan","0","21","Oklahoma","6/10/20","19","2","40083","10.53"
"Love","1","21","Oklahoma","6/10/20","16","5","40085","31.25"
"Major","0","6","Oklahoma","6/10/20","6","0","40093","0"
"Marshall","1","12","Oklahoma","6/10/20","8","4","40095","50"
"Mayes","1","37","Oklahoma","6/10/20","30","7","40097","23.33"
"McClain","1","110","Oklahoma","6/10/20","106","4","40087","3.77"
"McCurtain","6","117","Oklahoma","6/10/20","75","42","40089","56"
"McIntosh","0","14","Oklahoma","6/10/20","12","2","40091","16.67"
"Murray","0","6","Oklahoma","6/10/20","5","1","40099","20"
"Muskogee","1","67","Oklahoma","6/10/20","60","7","40101","11.67"
"Noble","0","7","Oklahoma","6/10/20","7","0","40103","0"
"Nowata","0","24","Oklahoma","6/10/20","23","1","40105","4.35"
"Okfuskee","0","6","Oklahoma","6/10/20","5","1","40107","20"
"Oklahoma","18","1436","Oklahoma","6/10/20","1309","127","40109","9.7"
"Okmulgee","1","29","Oklahoma","6/10/20","25","4","40111","16"
"Osage","1","103","Oklahoma","6/10/20","96","7","40113","7.29"
"Ottawa","0","35","Oklahoma","6/10/20","35","0","40115","0"
"Pawnee","1","35","Oklahoma","6/10/20","31","4","40117","12.9"
"Payne","1","55","Oklahoma","6/10/20","48","7","40119","14.58"
"Pittsburg","0","44","Oklahoma","6/10/20","41","3","40121","7.32"
"Pontotoc","1","20","Oklahoma","6/10/20","15","5","40123","33.33"
"Pottawatomie","0","66","Oklahoma","6/10/20","63","3","40125","4.76"
"Pushmataha","0","6","Oklahoma","6/10/20","5","1","40127","20"
"Rogers","1","92","Oklahoma","6/10/20","82","10","40131","12.2"
"Seminole","0","30","Oklahoma","6/10/20","28","2","40133","7.14"
"Sequoyah","1","19","Oklahoma","6/10/20","15","4","40135","26.67"
"Stephens","0","43","Oklahoma","6/10/20","40","3","40137","7.5"
"Texas","2","955","Oklahoma","6/10/20","939","16","40139","1.7"
"Tillman","0","23","Oklahoma","6/10/20","23","0","40141","0"
"Tulsa","32","1308","Oklahoma","6/10/20","1087","221","40143","20.33"
"Wagoner","2","161","Oklahoma","6/10/20","150","11","40145","7.33"
"Washington","1","343","Oklahoma","6/10/20","334","9","40147","2.69"
"Washita","0","2","Oklahoma","6/10/20","2","0","40149","0"
"Woods","0","5","Oklahoma","6/10/20","3","2","40151","66.67"
"Woodward","0","8","Oklahoma","6/10/20","5","3","40153","60"
"Baker","0","1","Oregon","6/10/20","1","0","41001","0"
"Benton","1","63","Oregon","6/10/20","57","6","41003","10.53"
"Clackamas","11","399","Oregon","6/10/20","324","75","41005","23.15"
"Clatsop","0","45","Oregon","6/10/20","45","0","41007","0"
"Columbia","0","17","Oregon","6/10/20","16","1","41009","6.25"
"Coos","0","32","Oregon","6/10/20","31","1","41011","3.23"
"Crook","0","6","Oregon","6/10/20","6","0","41013","0"
"Curry","0","7","Oregon","6/10/20","7","0","41015","0"
"Deschutes","1","134","Oregon","6/10/20","128","6","41017","4.69"
"Douglas","0","29","Oregon","6/10/20","28","1","41019","3.57"
"Grant","0","1","Oregon","6/10/20","1","0","41023","0"
"Harney","0","1","Oregon","6/10/20","1","0","41025","0"
"Hood River","6","67","Oregon","6/10/20","28","39","41027","139.29"
"Jackson","1","77","Oregon","6/10/20","68","9","41029","13.24"
"Jefferson","3","64","Oregon","6/10/20","45","19","41031","42.22"
"Josephine","0","23","Oregon","6/10/20","23","0","41033","0"
"Klamath","0","46","Oregon","6/10/20","44","2","41035","4.55"
"Lake","0","2","Oregon","6/10/20","2","0","41037","0"
"Lane","1","82","Oregon","6/10/20","77","5","41039","6.49"
"Lincoln","20","161","Oregon","6/10/20","18","143","41041","794.44"
"Linn","1","124","Oregon","6/10/20","119","5","41043","4.2"
"Malheur","0","33","Oregon","6/10/20","32","1","41045","3.12"
"Marion","10","1071","Oregon","6/10/20","999","72","41047","7.21"
"Morrow","0","13","Oregon","6/10/20","12","1","41049","8.33"
"Multnomah","24","1361","Oregon","6/10/20","1194","167","41051","13.99"
"Polk","0","104","Oregon","6/10/20","101","3","41053","2.97"
"Sherman","0","1","Oregon","6/10/20","1","0","41055","0"
"Tillamook","0","6","Oregon","6/10/20","6","0","41057","0"
"Umatilla","4","148","Oregon","6/10/20","123","25","41059","20.33"
"Union","0","7","Oregon","6/10/20","6","1","41061","16.67"
"Wallowa","0","3","Oregon","6/10/20","2","1","41063","50"
"Wasco","1","34","Oregon","6/10/20","28","6","41065","21.43"
"Washington","9","813","Oregon","6/10/20","752","61","41067","8.11"
"Yamhill","2","85","Oregon","6/10/20","74","11","41071","14.86"
"Adams","3","278","Pennsylvania","6/10/20","260","18","42001","6.92"
"Allegheny","12","2034","Pennsylvania","6/10/20","1952","82","42003","4.2"
"Armstrong","0","65","Pennsylvania","6/10/20","64","1","42005","1.56"
"Beaver","2","610","Pennsylvania","6/10/20","594","16","42007","2.69"
"Bedford","1","45","Pennsylvania","6/10/20","41","4","42009","9.76"
"Berks","17","4251","Pennsylvania","6/10/20","4132","119","42011","2.88"
"Blair","0","53","Pennsylvania","6/10/20","52","1","42013","1.92"
"Bradford","0","46","Pennsylvania","6/10/20","46","0","42015","0"
"Bucks","29","5340","Pennsylvania","6/10/20","5137","203","42017","3.95"
"Butler","2","250","Pennsylvania","6/10/20","235","15","42019","6.38"
"Cambria","0","60","Pennsylvania","6/10/20","59","1","42021","1.69"
"Cameron","0","2","Pennsylvania","6/10/20","2","0","42023","0"
"Carbon","2","255","Pennsylvania","6/10/20","239","16","42025","6.69"
"Centre","1","158","Pennsylvania","6/10/20","154","4","42027","2.6"
"Chester","43","3161","Pennsylvania","6/10/20","2863","298","42029","10.41"
"Clarion","0","30","Pennsylvania","6/10/20","27","3","42031","11.11"
"Clearfield","1","48","Pennsylvania","6/10/20","42","6","42033","14.29"
"Clinton","0","62","Pennsylvania","6/10/20","60","2","42035","3.33"
"Columbia","3","368","Pennsylvania","6/10/20","349","19","42037","5.44"
"Crawford","0","31","Pennsylvania","6/10/20","29","2","42039","6.9"
"Cumberland","5","688","Pennsylvania","6/10/20","654","34","42041","5.2"
"Dauphin","22","1541","Pennsylvania","6/10/20","1385","156","42043","11.26"
"Delaware","29","6754","Pennsylvania","6/10/20","6548","206","42045","3.15"
"Elk","0","6","Pennsylvania","6/10/20","6","0","42047","0"
"Erie","13","408","Pennsylvania","6/10/20","314","94","42049","29.94"
"Fayette","0","95","Pennsylvania","6/10/20","95","0","42051","0"
"Forest","0","7","Pennsylvania","6/10/20","7","0","42053","0"
"Franklin","4","807","Pennsylvania","6/10/20","782","25","42055","3.2"
"Fulton","0","16","Pennsylvania","6/10/20","15","1","42057","6.67"
"Greene","0","28","Pennsylvania","6/10/20","27","1","42059","3.7"
"Huntingdon","1","237","Pennsylvania","6/10/20","232","5","42061","2.16"
"Indiana","0","92","Pennsylvania","6/10/20","91","1","42063","1.1"
"Jefferson","0","16","Pennsylvania","6/10/20","14","2","42065","14.29"
"Juniata","1","102","Pennsylvania","6/10/20","95","7","42067","7.37"
"Lackawanna","5","1591","Pennsylvania","6/10/20","1556","35","42069","2.25"
"Lancaster","48","3600","Pennsylvania","6/10/20","3267","333","42071","10.19"
"Lawrence","1","87","Pennsylvania","6/10/20","83","4","42073","4.82"
"Lebanon","14","1091","Pennsylvania","6/10/20","994","97","42075","9.76"
"Lehigh","13","3895","Pennsylvania","6/10/20","3802","93","42077","2.45"
"Luzerne","6","2810","Pennsylvania","6/10/20","2766","44","42079","1.59"
"Lycoming","0","168","Pennsylvania","6/10/20","166","2","42081","1.2"
"McKean","0","13","Pennsylvania","6/10/20","12","1","42083","8.33"
"Mercer","1","114","Pennsylvania","6/10/20","107","7","42085","6.54"
"Mifflin","0","59","Pennsylvania","6/10/20","59","0","42087","0"
"Monroe","3","1344","Pennsylvania","6/10/20","1326","18","42089","1.36"
"Montgomery","67","7709","Pennsylvania","6/10/20","7242","467","42091","6.45"
"Montour","0","53","Pennsylvania","6/10/20","53","0","42093","0"
"Northampton","10","3193","Pennsylvania","6/10/20","3120","73","42095","2.34"
"Northumberland","2","211","Pennsylvania","6/10/20","199","12","42097","6.03"
"Perry","1","68","Pennsylvania","6/10/20","62","6","42099","9.68"
"Philadelphia","113","23951","Pennsylvania","6/10/20","23160","791","42101","3.42"
"Pike","1","483","Pennsylvania","6/10/20","478","5","42103","1.05"
"Potter","1","12","Pennsylvania","6/10/20","4","8","42105","200"
"Schuylkill","3","664","Pennsylvania","6/10/20","646","18","42107","2.79"
"Snyder","2","59","Pennsylvania","6/10/20","45","14","42109","31.11"
"Somerset","0","39","Pennsylvania","6/10/20","38","1","42111","2.63"
"Sullivan","0","3","Pennsylvania","6/10/20","3","0","42113","0"
"Susquehanna","6","155","Pennsylvania","6/10/20","111","44","42115","39.64"
"Tioga","0","19","Pennsylvania","6/10/20","19","0","42117","0"
"Union","2","75","Pennsylvania","6/10/20","63","12","42119","19.05"
"Venango","1","16","Pennsylvania","6/10/20","9","7","42121","77.78"
"Warren","0","5","Pennsylvania","6/10/20","4","1","42123","25"
"Washington","2","151","Pennsylvania","6/10/20","140","11","42125","7.86"
"Wayne","0","123","Pennsylvania","6/10/20","120","3","42127","2.5"
"Westmoreland","3","473","Pennsylvania","6/10/20","453","20","42129","4.42"
"Wyoming","0","36","Pennsylvania","6/10/20","34","2","42131","5.88"
"York","9","1102","Pennsylvania","6/10/20","1037","65","42133","6.27"
"","187","5329","Puerto Rico","6/10/20","4023","1306",,"32.46"
"Bristol","1","231","Rhode Island","6/10/20","224","7","44001","3.12"
"Kent","8","1105","Rhode Island","6/10/20","1052","53","44003","5.04"
"Newport","4","269","Rhode Island","6/10/20","244","25","44005","10.25"
"Providence","130","11959","Rhode Island","6/10/20","11052","907","44007","8.21"
"Washington","2","513","Rhode Island","6/10/20","499","14","44009","2.81"
"Abbeville","2","60","South Carolina","6/10/20","46","14","45001","30.43"
"Aiken","1","216","South Carolina","6/10/20","208","8","45003","3.85"
"Allendale","0","39","South Carolina","6/10/20","38","1","45005","2.63"
"Anderson","6","287","South Carolina","6/10/20","244","43","45007","17.62"
"Bamberg","2","36","South Carolina","6/10/20","23","13","45009","56.52"
"Barnwell","1","54","South Carolina","6/10/20","48","6","45011","12.5"
"Beaufort","12","483","South Carolina","6/10/20","398","85","45013","21.36"
"Berkeley","10","315","South Carolina","6/10/20","242","73","45015","30.17"
"Calhoun","1","23","South Carolina","6/10/20","15","8","45017","53.33"
"Charleston","32","869","South Carolina","6/10/20","646","223","45019","34.52"
"Cherokee","5","76","South Carolina","6/10/20","43","33","45021","76.74"
"Chester","3","110","South Carolina","6/10/20","87","23","45023","26.44"
"Chesterfield","9","265","South Carolina","6/10/20","203","62","45025","30.54"
"Clarendon","1","311","South Carolina","6/10/20","302","9","45027","2.98"
"Colleton","6","159","South Carolina","6/10/20","114","45","45029","39.47"
"Darlington","4","334","South Carolina","6/10/20","308","26","45031","8.44"
"Dillon","3","190","South Carolina","6/10/20","170","20","45033","11.76"
"Dorchester","7","214","South Carolina","6/10/20","165","49","45035","29.7"
"Edgefield","1","56","South Carolina","6/10/20","51","5","45037","9.8"
"Fairfield","5","219","South Carolina","6/10/20","181","38","45039","20.99"
"Florence","7","730","South Carolina","6/10/20","678","52","45041","7.67"
"Georgetown","4","103","South Carolina","6/10/20","78","25","45043","32.05"
"Greenville","89","2371","South Carolina","6/10/20","1751","620","45045","35.41"
"Greenwood","7","199","South Carolina","6/10/20","148","51","45047","34.46"
"Hampton","1","45","South Carolina","6/10/20","38","7","45049","18.42"
"Horry","47","803","South Carolina","6/10/20","472","331","45051","70.13"
"Jasper","1","50","South Carolina","6/10/20","43","7","45053","16.28"
"Kershaw","8","397","South Carolina","6/10/20","339","58","45055","17.11"
"Lancaster","8","220","South Carolina","6/10/20","166","54","45057","32.53"
"Laurens","5","101","South Carolina","6/10/20","69","32","45059","46.38"
"Lee","2","233","South Carolina","6/10/20","221","12","45061","5.43"
"Lexington","38","941","South Carolina","6/10/20","677","264","45063","39"
"Marion","2","83","South Carolina","6/10/20","72","11","45067","15.28"
"Marlboro","5","215","South Carolina","6/10/20","183","32","45069","17.49"
"McCormick","0","11","South Carolina","6/10/20","9","2","45065","22.22"
"Newberry","4","88","South Carolina","6/10/20","63","25","45071","39.68"
"Oconee","1","65","South Carolina","6/10/20","55","10","45073","18.18"
"Orangeburg","11","287","South Carolina","6/10/20","210","77","45075","36.67"
"Pickens","7","226","South Carolina","6/10/20","174","52","45077","29.89"
"Richland","57","1938","South Carolina","6/10/20","1542","396","45079","25.68"
"Saluda","1","154","South Carolina","6/10/20","148","6","45081","4.05"
"Spartanburg","27","835","South Carolina","6/10/20","645","190","45083","29.46"
"Sumter","16","509","South Carolina","6/10/20","396","113","45085","28.54"
"Union","0","41","South Carolina","6/10/20","40","1","45087","2.5"
"Williamsburg","2","262","South Carolina","6/10/20","245","17","45089","6.94"
"York","16","536","South Carolina","6/10/20","421","115","45091","27.32"
"Aurora","0","29","South Dakota","6/10/20","27","2","46003","7.41"
"Beadle","13","398","South Dakota","6/10/20","308","90","46005","29.22"
"Bon Homme","0","8","South Dakota","6/10/20","8","0","46009","0"
"Brookings","1","26","South Dakota","6/10/20","20","6","46011","30"
"Brown","3","305","South Dakota","6/10/20","286","19","46013","6.64"
"Brule","0","2","South Dakota","6/10/20","2","0","46015","0"
"Buffalo","1","30","South Dakota","6/10/20","22","8","46017","36.36"
"Charles Mix","0","20","South Dakota","6/10/20","18","2","46023","11.11"
"Clark","0","6","South Dakota","6/10/20","4","2","46025","50"
"Clay","4","43","South Dakota","6/10/20","15","28","46027","186.67"
"Codington","1","44","South Dakota","6/10/20","38","6","46029","15.79"
"Corson","0","6","South Dakota","6/10/20","4","2","46031","50"
"Custer","0","1","South Dakota","6/10/20","0","1","46033","1"
"Davison","1","30","South Dakota","6/10/20","20","10","46035","50"
"Day","0","13","South Dakota","6/10/20","13","0","46037","0"
"Deuel","0","1","South Dakota","6/10/20","1","0","46039","0"
"Dewey","0","1","South Dakota","6/10/20","1","0","46041","0"
"Douglas","0","4","South Dakota","6/10/20","3","1","46043","33.33"
"Edmunds","0","4","South Dakota","6/10/20","3","1","46045","33.33"
"Fall River","0","6","South Dakota","6/10/20","6","0","46047","0"
"Faulk","2","15","South Dakota","6/10/20","1","14","46049","1400"
"Grant","0","13","South Dakota","6/10/20","13","0","46051","0"
"Gregory","0","1","South Dakota","6/10/20","1","0","46053","0"
"Hamlin","1","9","South Dakota","6/10/20","4","5","46057","125"
"Hand","0","5","South Dakota","6/10/20","3","2","46059","66.67"
"Hanson","0","3","South Dakota","6/10/20","1","2","46061","200"
"Hughes","0","21","South Dakota","6/10/20","19","2","46065","10.53"
"Hutchinson","0","8","South Dakota","6/10/20","6","2","46067","33.33"
"Hyde","0","3","South Dakota","6/10/20","1","2","46069","200"
"Jackson","0","4","South Dakota","6/10/20","4","0","46071","0"
"Jerauld","0","40","South Dakota","6/10/20","38","2","46073","5.26"
"Kingsbury","0","5","South Dakota","6/10/20","3","2","46077","66.67"
"Lake","0","13","South Dakota","6/10/20","10","3","46079","30"
"Lawrence","0","12","South Dakota","6/10/20","11","1","46081","9.09"
"Lincoln","3","258","South Dakota","6/10/20","240","18","46083","7.5"
"Lyman","2","30","South Dakota","6/10/20","15","15","46085","100"
"Marshall","0","4","South Dakota","6/10/20","4","0","46091","0"
"McCook","0","7","South Dakota","6/10/20","6","1","46087","16.67"
"McPherson","0","3","South Dakota","6/10/20","1","2","46089","200"
"Meade","1","28","South Dakota","6/10/20","22","6","46093","27.27"
"Miner","0","3","South Dakota","6/10/20","2","1","46097","50"
"Minnehaha","8","3430","South Dakota","6/10/20","3377","53","46099","1.57"
"Moody","0","19","South Dakota","6/10/20","19","0","46101","0"
"Oglala Lakota","2","45","South Dakota","6/10/20","32","13","46102","40.62"
"Pennington","11","335","South Dakota","6/10/20","257","78","46103","30.35"
"Roberts","0","39","South Dakota","6/10/20","36","3","46109","8.33"
"Sanborn","0","13","South Dakota","6/10/20","13","0","46111","0"
"Spink","0","5","South Dakota","6/10/20","5","0","46115","0"
"Stanley","0","10","South Dakota","6/10/20","10","0","46117","0"
"Sully","0","1","South Dakota","6/10/20","1","0","46119","0"
"Todd","2","44","South Dakota","6/10/20","28","16","46121","57.14"
"Tripp","0","6","South Dakota","6/10/20","6","0","46123","0"
"Turner","0","25","South Dakota","6/10/20","25","0","46125","0"
"Union","2","105","South Dakota","6/10/20","92","13","46127","14.13"
"Walworth","0","5","South Dakota","6/10/20","5","0","46129","0"
"Yankton","1","58","South Dakota","6/10/20","51","7","46135","13.73"
"Ziebach","0","2","South Dakota","6/10/20","1","1","46137","100"
"Anderson","2","54","Tennessee","6/10/20","41","13","47001","31.71"
"Bedford","7","346","Tennessee","6/10/20","295","51","47003","17.29"
"Benton","0","8","Tennessee","6/10/20","7","1","47005","14.29"
"Bledsoe","0","613","Tennessee","6/10/20","610","3","47007","0.49"
"Blount","0","96","Tennessee","6/10/20","93","3","47009","3.23"
"Bradley","11","238","Tennessee","6/10/20","161","77","47011","47.83"
"Campbell","0","18","Tennessee","6/10/20","18","0","47013","0"
"Cannon","0","34","Tennessee","6/10/20","32","2","47015","6.25"
"Carroll","0","29","Tennessee","6/10/20","28","1","47017","3.57"
"Carter","0","19","Tennessee","6/10/20","19","0","47019","0"
"Cheatham","2","149","Tennessee","6/10/20","135","14","47021","10.37"
"Chester","0","12","Tennessee","6/10/20","12","0","47023","0"
"Claiborne","0","15","Tennessee","6/10/20","12","3","47025","25"
"Clay","0","9","Tennessee","6/10/20","8","1","47027","12.5"
"Cocke","0","22","Tennessee","6/10/20","21","1","47029","4.76"
"Coffee","2","87","Tennessee","6/10/20","74","13","47031","17.57"
"Crockett","0","16","Tennessee","6/10/20","16","0","47033","0"
"Cumberland","1","127","Tennessee","6/10/20","119","8","47035","6.72"
"Davidson","109","6190","Tennessee","6/10/20","5429","761","47037","14.02"
"Decatur","1","14","Tennessee","6/10/20","5","9","47039","180"
"DeKalb","0","41","Tennessee","6/10/20","38","3","47041","7.89"
"Dickson","1","128","Tennessee","6/10/20","118","10","47043","8.47"
"Dyer","2","71","Tennessee","6/10/20","57","14","47045","24.56"
"Fayette","5","162","Tennessee","6/10/20","125","37","47047","29.6"
"Fentress","0","13","Tennessee","6/10/20","12","1","47049","8.33"
"Franklin","0","55","Tennessee","6/10/20","54","1","47051","1.85"
"Gibson","0","64","Tennessee","6/10/20","63","1","47053","1.59"
"Giles","1","19","Tennessee","6/10/20","12","7","47055","58.33"
"Grainger","1","16","Tennessee","6/10/20","11","5","47057","45.45"
"Greene","0","52","Tennessee","6/10/20","52","0","47059","0"
"Grundy","0","32","Tennessee","6/10/20","31","1","47061","3.23"
"Hamblen","3","63","Tennessee","6/10/20","43","20","47063","46.51"
"Hamilton","32","1156","Tennessee","6/10/20","935","221","47065","23.64"
"Hancock","0","1","Tennessee","6/10/20","1","0","47067","0"
"Hardeman","2","213","Tennessee","6/10/20","201","12","47069","5.97"
"Hardin","1","31","Tennessee","6/10/20","22","9","47071","40.91"
"Hawkins","0","34","Tennessee","6/10/20","34","0","47073","0"
"Haywood","0","35","Tennessee","6/10/20","33","2","47075","6.06"
"Henderson","0","16","Tennessee","6/10/20","15","1","47077","6.67"
"Henry","0","33","Tennessee","6/10/20","31","2","47079","6.45"
"Hickman","0","60","Tennessee","6/10/20","58","2","47081","3.45"
"Houston","0","9","Tennessee","6/10/20","8","1","47083","12.5"
"Humphreys","0","18","Tennessee","6/10/20","15","3","47085","20"
"Jackson","0","19","Tennessee","6/10/20","19","0","47087","0"
"Jefferson","0","31","Tennessee","6/10/20","28","3","47089","10.71"
"Johnson","1","23","Tennessee","6/10/20","19","4","47091","21.05"
"Knox","9","500","Tennessee","6/10/20","436","64","47093","14.68"
"Lake","-15","730","Tennessee","6/10/20","835","-105","47095","-12.57"
"Lauderdale","0","60","Tennessee","6/10/20","59","1","47097","1.69"
"Lawrence","2","48","Tennessee","6/10/20","33","15","47099","45.45"
"Lewis","0","4","Tennessee","6/10/20","3","1","47101","33.33"
"Lincoln","1","34","Tennessee","6/10/20","29","5","47103","17.24"
"Loudon","2","174","Tennessee","6/10/20","157","17","47105","10.83"
"Macon","4","186","Tennessee","6/10/20","158","28","47111","17.72"
"Madison","1","183","Tennessee","6/10/20","173","10","47113","5.78"
"Marion","1","46","Tennessee","6/10/20","42","4","47115","9.52"
"Marshall","1","40","Tennessee","6/10/20","33","7","47117","21.21"
"Maury","3","128","Tennessee","6/10/20","105","23","47119","21.9"
"McMinn","2","159","Tennessee","6/10/20","144","15","47107","10.42"
"McNairy","1","24","Tennessee","6/10/20","15","9","47109","60"
"Meigs","0","27","Tennessee","6/10/20","27","0","47121","0"
"Monroe","1","75","Tennessee","6/10/20","69","6","47123","8.7"
"Montgomery","4","310","Tennessee","6/10/20","283","27","47125","9.54"
"Moore","0","5","Tennessee","6/10/20","5","0","47127","0"
"Morgan","0","19","Tennessee","6/10/20","17","2","47129","11.76"
"Obion","1","53","Tennessee","6/10/20","43","10","47131","23.26"
"Out of TN","4","457","Tennessee","6/10/20","426","31","80047","7.28"
"Overton","1","36","Tennessee","6/10/20","32","4","47133","12.5"
"Perry","0","24","Tennessee","6/10/20","24","0","47135","0"
"Pickett","0","4","Tennessee","6/10/20","3","1","47137","33.33"
"Polk","1","24","Tennessee","6/10/20","18","6","47139","33.33"
"Putnam","7","571","Tennessee","6/10/20","519","52","47141","10.02"
"Rhea","1","220","Tennessee","6/10/20","214","6","47143","2.8"
"Roane","1","23","Tennessee","6/10/20","16","7","47145","43.75"
"Robertson","10","584","Tennessee","6/10/20","516","68","47147","13.18"
"Rutherford","40","1600","Tennessee","6/10/20","1321","279","47149","21.12"
"Scott","0","14","Tennessee","6/10/20","12","2","47151","16.67"
"Sequatchie","0","21","Tennessee","6/10/20","19","2","47153","10.53"
"Sevier","12","178","Tennessee","6/10/20","94","84","47155","89.36"
"Shelby","111","6204","Tennessee","6/10/20","5428","776","47157","14.3"
"Smith","0","37","Tennessee","6/10/20","37","0","47159","0"
"Stewart","0","14","Tennessee","6/10/20","13","1","47161","7.69"
"Sullivan","1","67","Tennessee","6/10/20","60","7","47163","11.67"
"Sumner","15","1033","Tennessee","6/10/20","931","102","47165","10.96"
"Tipton","4","488","Tennessee","6/10/20","459","29","47167","6.32"
"Trousdale","0","1397","Tennessee","6/10/20","1394","3","47169","0.22"
"Unicoi","1","52","Tennessee","6/10/20","48","4","47171","8.33"
"Union","0","5","Tennessee","6/10/20","4","1","47173","25"
"Van Buren","0","4","Tennessee","6/10/20","4","0","47175","0"
"Warren","1","32","Tennessee","6/10/20","26","6","47177","23.08"
"Washington","2","87","Tennessee","6/10/20","75","12","47179","16"
"Wayne","0","64","Tennessee","6/10/20","64","0","47181","0"
"Weakley","0","26","Tennessee","6/10/20","26","0","47183","0"
"White","2","45","Tennessee","6/10/20","34","11","47185","32.35"
"Williamson","11","654","Tennessee","6/10/20","577","77","47187","13.34"
"Wilson","8","499","Tennessee","6/10/20","442","57","47189","12.9"
"Anderson","2","91","Texas","6/10/20","78","13","48001","16.67"
"Andrews","0","27","Texas","6/10/20","27","0","48003","0"
"Angelina","7","281","Texas","6/10/20","232","49","48005","21.12"
"Aransas","0","5","Texas","6/10/20","5","0","48007","0"
"Archer","0","3","Texas","6/10/20","1","2","48009","200"
"Armstrong","0","3","Texas","6/10/20","3","0","48011","0"
"Atascosa","1","45","Texas","6/10/20","37","8","48013","21.62"
"Austin","1","31","Texas","6/10/20","27","4","48015","14.81"
"Bailey","1","28","Texas","6/10/20","19","9","48017","47.37"
"Bandera","0","6","Texas","6/10/20","6","0","48019","0"
"Bastrop","7","279","Texas","6/10/20","231","48","48021","20.78"
"Baylor","0","1","Texas","6/10/20","0","1","48023","1"
"Bee","2","26","Texas","6/10/20","11","15","48025","136.36"
"Bell","14","507","Texas","6/10/20","411","96","48027","23.36"
"Bexar","90","3513","Texas","6/10/20","2882","631","48029","21.89"
"Blanco","0","12","Texas","6/10/20","11","1","48031","9.09"
"Bosque","0","7","Texas","6/10/20","7","0","48035","0"
"Bowie","10","358","Texas","6/10/20","287","71","48037","24.74"
"Brazoria","-24","770","Texas","6/10/20","941","-171","48039","-18.17"
"Brazos","23","665","Texas","6/10/20","501","164","48041","32.73"
"Brewster","0","1","Texas","6/10/20","1","0","48043","0"
"Briscoe","0","1","Texas","6/10/20","1","0","48045","0"
"Brooks","0","1","Texas","6/10/20","1","0","48047","0"
"Brown","0","60","Texas","6/10/20","59","1","48049","1.69"
"Burleson","2","39","Texas","6/10/20","26","13","48051","50"
"Burnet","1","55","Texas","6/10/20","45","10","48053","22.22"
"Caldwell","1","81","Texas","6/10/20","73","8","48055","10.96"
"Calhoun","1","42","Texas","6/10/20","37","5","48057","13.51"
"Callahan","0","10","Texas","6/10/20","9","1","48059","11.11"
"Cameron","22","951","Texas","6/10/20","799","152","48061","19.02"
"Camp","2","95","Texas","6/10/20","84","11","48063","13.1"
"Carson","0","6","Texas","6/10/20","6","0","48065","0"
"Cass","0","32","Texas","6/10/20","30","2","48067","6.67"
"Castro","1","37","Texas","6/10/20","33","4","48069","12.12"
"Chambers","2","86","Texas","6/10/20","69","17","48071","24.64"
"Cherokee","1","54","Texas","6/10/20","47","7","48073","14.89"
"Childress","1","6","Texas","6/10/20","2","4","48075","200"
"Clay","0","5","Texas","6/10/20","4","1","48077","25"
"Cochran","0","1","Texas","6/10/20","1","0","48079","0"
"Coke","0","1","Texas","6/10/20","1","0","48081","0"
"Coleman","0","3","Texas","6/10/20","4","-1","48083","-25"
"Collin","29","1546","Texas","6/10/20","1346","200","48085","14.86"
"Collingsworth","0","5","Texas","6/10/20","5","0","48087","0"
"Colorado","1","27","Texas","6/10/20","23","4","48089","17.39"
"Comal","4","134","Texas","6/10/20","108","26","48091","24.07"
"Comanche","0","12","Texas","6/10/20","12","0","48093","0"
"Concho","0","1","Texas","6/10/20","1","0","48095","0"
"Cooke","0","20","Texas","6/10/20","18","2","48097","11.11"
"Coryell","1","299","Texas","6/10/20","289","10","48099","3.46"
"Cottle","0","4","Texas","6/10/20","4","0","48101","0"
"Crane","1","31","Texas","6/10/20","25","6","48103","24"
"Crockett","1","5","Texas","6/10/20","0","5","48105","1"
"Crosby","0","4","Texas","6/10/20","3","1","48107","33.33"
"Dallam","1","32","Texas","6/10/20","27","5","48111","18.52"
"Dallas","284","12945","Texas","6/10/20","10958","1987","48113","18.13"
"Dawson","0","45","Texas","6/10/20","43","2","48115","4.65"
"Deaf Smith","3","190","Texas","6/10/20","166","24","48117","14.46"
"Delta","0","2","Texas","6/10/20","2","0","48119","0"
"Denton","20","1559","Texas","6/10/20","1416","143","48121","10.1"
"DeWitt","1","24","Texas","6/10/20","17","7","48123","41.18"
"Dickens","0","1","Texas","6/10/20","1","0","48125","0"
"Dimmit","0","1","Texas","6/10/20","1","0","48127","0"
"Donley","0","27","Texas","6/10/20","26","1","48129","3.85"
"Duval","0","5","Texas","6/10/20","5","0","48131","0"
"Eastland","0","7","Texas","6/10/20","7","0","48133","0"
"Ector","7","214","Texas","6/10/20","167","47","48135","28.14"
"El Paso","101","3582","Texas","6/10/20","2872","710","48141","24.72"
"Ellis","12","418","Texas","6/10/20","335","83","48139","24.78"
"Erath","2","29","Texas","6/10/20","17","12","48143","70.59"
"Falls","1","13","Texas","6/10/20","9","4","48145","44.44"
"Fannin","1","50","Texas","6/10/20","41","9","48147","21.95"
"Fayette","0","39","Texas","6/10/20","36","3","48149","8.33"
"Fisher","0","2","Texas","6/10/20","2","0","48151","0"
"Floyd","0","16","Texas","6/10/20","15","1","48153","6.67"
"Fort Bend","44","2225","Texas","6/10/20","1916","309","48157","16.13"
"Franklin","1","22","Texas","6/10/20","17","5","48159","29.41"
"Freestone","0","13","Texas","6/10/20","10","3","48161","30"
"Frio","2","54","Texas","6/10/20","37","17","48163","45.95"
"Gaines","0","9","Texas","6/10/20","7","2","48165","28.57"
"Galveston","28","1051","Texas","6/10/20","857","194","48167","22.64"
"Garza","0","7","Texas","6/10/20","6","1","48169","16.67"
"Gillespie","0","5","Texas","6/10/20","5","0","48171","0"
"Glasscock","0","1","Texas","6/10/20","1","0","48173","0"
"Goliad","0","7","Texas","6/10/20","7","0","48175","0"
"Gonzales","2","155","Texas","6/10/20","143","12","48177","8.39"
"Gray","1","106","Texas","6/10/20","100","6","48179","6"
"Grayson","6","389","Texas","6/10/20","350","39","48181","11.14"
"Gregg","4","273","Texas","6/10/20","244","29","48183","11.89"
"Grimes","4","252","Texas","6/10/20","226","26","48185","11.5"
"Guadalupe","2","151","Texas","6/10/20","135","16","48187","11.85"
"Hale","1","67","Texas","6/10/20","60","7","48189","11.67"
"Hall","0","2","Texas","6/10/20","2","0","48191","0"
"Hamilton","0","10","Texas","6/10/20","8","2","48193","25"
"Hansford","0","21","Texas","6/10/20","20","1","48195","5"
"Hardeman","0","4","Texas","6/10/20","2","2","48197","100"
"Hardin","1","144","Texas","6/10/20","138","6","48199","4.35"
"Harris","326","15552","Texas","6/10/20","13268","2284","48201","17.21"
"Harrison","1","259","Texas","6/10/20","250","9","48203","3.6"
"Hartley","0","12","Texas","6/10/20","12","0","48205","0"
"Haskell","0","3","Texas","6/10/20","3","0","48207","0"
"Hays","13","465","Texas","6/10/20","371","94","48209","25.34"
"Hemphill","0","1","Texas","6/10/20","1","0","48211","0"
"Henderson","1","71","Texas","6/10/20","63","8","48213","12.7"
"Hidalgo","28","804","Texas","6/10/20","610","194","48215","31.8"
"Hill","1","30","Texas","6/10/20","24","6","48217","25"
"Hockley","0","27","Texas","6/10/20","27","0","48219","0"
"Hood","1","31","Texas","6/10/20","27","4","48221","14.81"
"Hopkins","2","39","Texas","6/10/20","27","12","48223","44.44"
"Houston","4","153","Texas","6/10/20","127","26","48225","20.47"
"Howard","1","17","Texas","6/10/20","9","8","48227","88.89"
"Hudspeth","1","11","Texas","6/10/20","2","9","48229","450"
"Hunt","6","132","Texas","6/10/20","91","41","48231","45.05"
"Hutchinson","0","44","Texas","6/10/20","42","2","48233","4.76"
"Irion","0","1","Texas","6/10/20","1","0","48235","0"
"Jack","0","4","Texas","6/10/20","4","0","48237","0"
"Jackson","0","19","Texas","6/10/20","19","0","48239","0"
"Jasper","0","32","Texas","6/10/20","29","3","48241","10.34"
"Jefferson","86","1184","Texas","6/10/20","581","603","48245","103.79"
"Jim Hogg","0","4","Texas","6/10/20","4","0","48247","0"
"Jim Wells","0","15","Texas","6/10/20","12","3","48249","25"
"Johnson","5","214","Texas","6/10/20","176","38","48251","21.59"
"Jones","0","636","Texas","6/10/20","637","-1","48253","-0.16"
"Karnes","0","4","Texas","6/10/20","4","0","48255","0"
"Kaufman","11","308","Texas","6/10/20","230","78","48257","33.91"
"Kendall","1","35","Texas","6/10/20","31","4","48259","12.9"
"Kerr","0","20","Texas","6/10/20","20","0","48265","0"
"Kimble","0","1","Texas","6/10/20","1","0","48267","0"
"Kinney","0","1","Texas","6/10/20","1","0","48271","0"
"Kleberg","0","20","Texas","6/10/20","17","3","48273","17.65"
"Knox","0","1","Texas","6/10/20","1","0","48275","0"
"La Salle","0","4","Texas","6/10/20","4","0","48283","0"
"Lamar","1","158","Texas","6/10/20","151","7","48277","4.64"
"Lamb","0","18","Texas","6/10/20","16","2","48279","12.5"
"Lampasas","0","9","Texas","6/10/20","9","0","48281","0"
"Lavaca","1","20","Texas","6/10/20","14","6","48285","42.86"
"Lee","1","29","Texas","6/10/20","25","4","48287","16"
"Leon","0","11","Texas","6/10/20","10","1","48289","10"
"Liberty","2","110","Texas","6/10/20","97","13","48291","13.4"
"Limestone","1","34","Texas","6/10/20","27","7","48293","25.93"
"Lipscomb","1","7","Texas","6/10/20","3","4","48295","133.33"
"Live Oak","0","9","Texas","6/10/20","9","0","48297","0"
"Llano","0","3","Texas","6/10/20","3","0","48299","0"
"Lubbock","8","759","Texas","6/10/20","706","53","48303","7.51"
"Lynn","0","10","Texas","6/10/20","7","3","48305","42.86"
"Madison","1","17","Texas","6/10/20","9","8","48313","88.89"
"Marion","0","18","Texas","6/10/20","17","1","48315","5.88"
"Martin","0","3","Texas","6/10/20","3","0","48317","0"
"Mason","0","32","Texas","6/10/20","32","0","48319","0"
"Matagorda","1","77","Texas","6/10/20","70","7","48321","10"
"Maverick","4","149","Texas","6/10/20","120","29","48323","24.17"
"McCulloch","0","3","Texas","6/10/20","3","0","48307","0"
"McLennan","2","138","Texas","6/10/20","121","17","48309","14.05"
"Medina","20","216","Texas","6/10/20","74","142","48325","191.89"
"Midland","6","177","Texas","6/10/20","137","40","48329","29.2"
"Milam","1","37","Texas","6/10/20","29","8","48331","27.59"
"Mills","0","1","Texas","6/10/20","1","0","48333","0"
"Mitchell","0","1","Texas","6/10/20","1","0","48335","0"
"Montague","0","9","Texas","6/10/20","9","0","48337","0"
"Montgomery","18","1162","Texas","6/10/20","1033","129","48339","12.49"
"Moore","3","864","Texas","6/10/20","840","24","48341","2.86"
"Morris","0","27","Texas","6/10/20","25","2","48343","8"
"Motley","0","1","Texas","6/10/20","1","0","48345","0"
"Nacogdoches","3","315","Texas","6/10/20","294","21","48347","7.14"
"Navarro","2","70","Texas","6/10/20","58","12","48349","20.69"
"Newton","0","6","Texas","6/10/20","5","1","48351","20"
"Nolan","0","3","Texas","6/10/20","3","0","48353","0"
"Nueces","3","303","Texas","6/10/20","280","23","48355","8.21"
"Ochiltree","0","52","Texas","6/10/20","50","2","48357","4"
"Oldham","0","4","Texas","6/10/20","4","0","48359","0"
"Orange","1","102","Texas","6/10/20","98","4","48361","4.08"
"Palo Pinto","0","13","Texas","6/10/20","13","0","48363","0"
"Panola","2","214","Texas","6/10/20","199","15","48365","7.54"
"Parker","3","105","Texas","6/10/20","81","24","48367","29.63"
"Parmer","4","98","Texas","6/10/20","69","29","48369","42.03"
"Pecos","1","107","Texas","6/10/20","103","4","48371","3.88"
"Polk","0","62","Texas","6/10/20","60","2","48373","3.33"
"Potter","48","2766","Texas","6/10/20","2432","334","48375","13.73"
"Presidio","0","2","Texas","6/10/20","1","1","48377","100"
"Rains","0","4","Texas","6/10/20","4","0","48379","0"
"Randall","4","740","Texas","6/10/20","711","29","48381","4.08"
"Reagan","0","2","Texas","6/10/20","2","0","48383","0"
"Real","0","1","Texas","6/10/20","0","1","48385","1"
"Red River","1","83","Texas","6/10/20","74","9","48387","12.16"
"Reeves","1","11","Texas","6/10/20","7","4","48389","57.14"
"Refugio","0","5","Texas","6/10/20","3","2","48391","66.67"
"Roberts","0","2","Texas","6/10/20","2","0","48393","0"
"Robertson","1","17","Texas","6/10/20","11","6","48395","54.55"
"Rockwall","8","224","Texas","6/10/20","171","53","48397","30.99"
"Runnels","0","2","Texas","6/10/20","2","0","48399","0"
"Rusk","1","65","Texas","6/10/20","57","8","48401","14.04"
"Sabine","0","15","Texas","6/10/20","15","0","48403","0"
"San Augustine","1","49","Texas","6/10/20","44","5","48405","11.36"
"San Jacinto","1","19","Texas","6/10/20","14","5","48407","35.71"
"San Patricio","1","41","Texas","6/10/20","36","5","48409","13.89"
"San Saba","0","1","Texas","6/10/20","1","0","48411","0"
"Scurry","-1","26","Texas","6/10/20","32","-6","48415","-18.75"
"Shackelford","0","1","Texas","6/10/20","1","0","48417","0"
"Shelby","1","215","Texas","6/10/20","207","8","48419","3.86"
"Sherman","0","28","Texas","6/10/20","27","1","48421","3.7"
"Smith","4","238","Texas","6/10/20","212","26","48423","12.26"
"Somervell","0","1","Texas","6/10/20","0","1","48425","1"
"Starr","4","68","Texas","6/10/20","37","31","48427","83.78"
"Stephens","0","4","Texas","6/10/20","4","0","48429","0"
"Swisher","0","18","Texas","6/10/20","17","1","48437","5.88"
"Tarrant","139","6599","Texas","6/10/20","5623","976","48439","17.36"
"Taylor","1","248","Texas","6/10/20","241","7","48441","2.9"
"Terry","0","13","Texas","6/10/20","13","0","48445","0"
"Throckmorton","0","1","Texas","6/10/20","0","1","48447","1"
"Titus","18","637","Texas","6/10/20","511","126","48449","24.66"
"Tom Green","2","122","Texas","6/10/20","107","15","48451","14.02"
"Travis","78","3976","Texas","6/10/20","3433","543","48453","15.82"
"Trinity","1","22","Texas","6/10/20","15","7","48455","46.67"
"Tyler","1","16","Texas","6/10/20","12","4","48457","33.33"
"Upshur","1","35","Texas","6/10/20","28","7","48459","25"
"Uvalde","1","21","Texas","6/10/20","16","5","48463","31.25"
"Val Verde","1","27","Texas","6/10/20","21","6","48465","28.57"
"Van Zandt","1","41","Texas","6/10/20","35","6","48467","17.14"
"Victoria","3","180","Texas","6/10/20","162","18","48469","11.11"
"Walker","18","1854","Texas","6/10/20","1730","124","48471","7.17"
"Waller","3","85","Texas","6/10/20","63","22","48473","34.92"
"Ward","0","2","Texas","6/10/20","1","1","48475","100"
"Washington","1","213","Texas","6/10/20","204","9","48477","4.41"
"Webb","12","634","Texas","6/10/20","552","82","48479","14.86"
"Wharton","3","86","Texas","6/10/20","68","18","48481","26.47"
"Wheeler","0","15","Texas","6/10/20","15","0","48483","0"
"Wichita","1","90","Texas","6/10/20","85","5","48485","5.88"
"Wilbarger","0","7","Texas","6/10/20","7","0","48487","0"
"Willacy","3","45","Texas","6/10/20","21","24","48489","114.29"
"Williamson","16","763","Texas","6/10/20","649","114","48491","17.57"
"Wilson","1","46","Texas","6/10/20","41","5","48493","12.2"
"Winkler","0","3","Texas","6/10/20","3","0","48495","0"
"Wise","1","55","Texas","6/10/20","47","8","48497","17.02"
"Wood","2","51","Texas","6/10/20","38","13","48499","34.21"
"Yoakum","1","8","Texas","6/10/20","3","5","48501","166.67"
"Young","1","11","Texas","6/10/20","4","7","48503","175"
"Zapata","0","12","Texas","6/10/20","11","1","48505","9.09"
"Zavala","0","12","Texas","6/10/20","12","0","48507","0"
"Bear River","76","837","Utah","6/10/20","305","532","00000","174.43"
"Central Utah","2","50","Utah","6/10/20","39","11","00000","28.21"
"Davis","14","593","Utah","6/10/20","494","99","49011","20.04"
"Salt Lake","141","6591","Utah","6/10/20","5603","988","49035","17.63"
"San Juan","4","339","Utah","6/10/20","309","30","49037","9.71"
"Southeast Utah","0","28","Utah","6/10/20","26","2","00000","7.69"
"Southwest Utah","26","680","Utah","6/10/20","498","182","00000","36.55"
"Summit","4","443","Utah","6/10/20","418","25","49043","5.98"
"Tooele","2","153","Utah","6/10/20","136","17","49045","12.5"
"TriCounty","0","23","Utah","6/10/20","20","3","00000","15"
"Utah","50","2376","Utah","6/10/20","2028","348","49049","17.16"
"Wasatch","5","337","Utah","6/10/20","305","32","49051","10.49"
"Weber-Morgan","14","414","Utah","6/10/20","316","98","00000","31.01"
"Addison","0","66","Vermont","6/10/20","64","2","50001","3.12"
"Bennington","0","67","Vermont","6/10/20","64","3","50003","4.69"
"Caledonia","0","16","Vermont","6/10/20","16","0","50005","0"
"Chittenden","12","544","Vermont","6/10/20","457","87","50007","19.04"
"Essex","0","3","Vermont","6/10/20","3","0","50009","0"
"Franklin","0","101","Vermont","6/10/20","99","2","50011","2.02"
"Grand Isle","0","7","Vermont","6/10/20","7","0","50013","0"
"Lamoille","0","29","Vermont","6/10/20","29","0","50015","0"
"Orange","0","9","Vermont","6/10/20","9","0","50017","0"
"Orleans","0","13","Vermont","6/10/20","10","3","50019","30"
"Rutland","0","57","Vermont","6/10/20","55","2","50021","3.64"
"Washington","0","39","Vermont","6/10/20","39","0","50023","0"
"Windham","0","83","Vermont","6/10/20","81","2","50025","2.47"
"Windsor","1","56","Vermont","6/10/20","52","4","50027","7.69"
"","0","72","Virgin Islands","6/10/20","70","2",,"2.86"
"Accomack","4","984","Virginia","6/10/20","953","31","51001","3.25"
"Albemarle","8","260","Virginia","6/10/20","204","56","51003","27.45"
"Alexandria","16","2125","Virginia","6/10/20","2016","109","51510","5.41"
"Alleghany","0","26","Virginia","6/10/20","24","2","51005","8.33"
"Amelia","1","34","Virginia","6/10/20","28","6","51007","21.43"
"Amherst","0","27","Virginia","6/10/20","27","0","51009","0"
"Appomattox","0","33","Virginia","6/10/20","31","2","51011","6.45"
"Arlington","20","2280","Virginia","6/10/20","2142","138","51013","6.44"
"Augusta","3","139","Virginia","6/10/20","115","24","51015","20.87"
"Bedford","3","83","Virginia","6/10/20","62","21","51019","33.87"
"Botetourt","1","40","Virginia","6/10/20","34","6","51023","17.65"
"Bristol","0","4","Virginia","6/10/20","4","0","51520","0"
"Brunswick","2","43","Virginia","6/10/20","30","13","51025","43.33"
"Buchanan","0","18","Virginia","6/10/20","18","0","51027","0"
"Buckingham","4","497","Virginia","6/10/20","467","30","51029","6.42"
"Buena Vista","0","13","Virginia","6/10/20","13","0","51530","0"
"Campbell","1","22","Virginia","6/10/20","18","4","51031","22.22"
"Caroline","3","99","Virginia","6/10/20","76","23","51033","30.26"
"Carroll","7","153","Virginia","6/10/20","105","48","51035","45.71"
"Charles City","0","28","Virginia","6/10/20","27","1","51036","3.7"
"Charlotte","0","29","Virginia","6/10/20","27","2","51037","7.41"
"Charlottesville","2","142","Virginia","6/10/20","128","14","51540","10.94"
"Chesapeake","10","617","Virginia","6/10/20","548","69","51550","12.59"
"Chesterfield","48","1995","Virginia","6/10/20","1661","334","51041","20.11"
"Clarke","1","35","Virginia","6/10/20","29","6","51043","20.69"
"Colonial Heights","1","106","Virginia","6/10/20","96","10","51570","10.42"
"Covington","0","4","Virginia","6/10/20","4","0","51580","0"
"Craig","0","6","Virginia","6/10/20","5","1","51045","20"
"Culpeper","7","773","Virginia","6/10/20","727","46","51047","6.33"
"Cumberland","1","45","Virginia","6/10/20","39","6","51049","15.38"
"Danville","0","61","Virginia","6/10/20","58","3","51590","5.17"
"Dinwiddie","2","101","Virginia","6/10/20","84","17","51053","20.24"
"Emporia","1","93","Virginia","6/10/20","86","7","51595","8.14"
"Essex","1","53","Virginia","6/10/20","48","5","51057","10.42"
"Fairfax","164","12746","Virginia","6/10/20","11596","1150","51059","9.92"
"Fairfax City","0","69","Virginia","6/10/20","67","2","51600","2.99"
"Falls Church","0","56","Virginia","6/10/20","55","1","51610","1.82"
"Fauquier","6","370","Virginia","6/10/20","329","41","51061","12.46"
"Floyd","0","8","Virginia","6/10/20","7","1","51063","14.29"
"Fluvanna","1","98","Virginia","6/10/20","92","6","51065","6.52"
"Franklin","1","41","Virginia","6/10/20","36","5","51067","13.89"
"Franklin City","0","42","Virginia","6/10/20","42","0","51620","0"
"Frederick","5","415","Virginia","6/10/20","378","37","51069","9.79"
"Fredericksburg","3","194","Virginia","6/10/20","172","22","51630","12.79"
"Galax","3","154","Virginia","6/10/20","131","23","51640","17.56"
"Giles","0","5","Virginia","6/10/20","5","0","51071","0"
"Gloucester","0","33","Virginia","6/10/20","31","2","51073","6.45"
"Goochland","0","106","Virginia","6/10/20","103","3","51075","2.91"
"Grayson","3","60","Virginia","6/10/20","42","18","51077","42.86"
"Greene","1","44","Virginia","6/10/20","34","10","51079","29.41"
"Greensville","21","300","Virginia","6/10/20","150","150","51081","100"
"Halifax","0","32","Virginia","6/10/20","30","2","51083","6.67"
"Hampton","3","231","Virginia","6/10/20","212","19","51650","8.96"
"Hanover","3","354","Virginia","6/10/20","331","23","51085","6.95"
"Harrisonburg","5","842","Virginia","6/10/20","809","33","51660","4.08"
"Henrico","33","2162","Virginia","6/10/20","1933","229","51087","11.85"
"Henry","5","182","Virginia","6/10/20","145","37","51089","25.52"
"Highland","0","2","Virginia","6/10/20","3","-1","51091","-33.33"
"Hopewell","3","120","Virginia","6/10/20","98","22","51670","22.45"
"Isle of Wight","2","150","Virginia","6/10/20","133","17","51093","12.78"
"James City","2","224","Virginia","6/10/20","211","13","51095","6.16"
"King and Queen","2","24","Virginia","6/10/20","13","11","51097","84.62"
"King George","2","83","Virginia","6/10/20","70","13","51099","18.57"
"King William","0","32","Virginia","6/10/20","31","1","51101","3.23"
"Lancaster","0","10","Virginia","6/10/20","10","0","51103","0"
"Lee","0","9","Virginia","6/10/20","9","0","51105","0"
"Lexington","0","8","Virginia","6/10/20","7","1","51678","14.29"
"Loudoun","74","3180","Virginia","6/10/20","2659","521","51107","19.59"
"Louisa","2","94","Virginia","6/10/20","81","13","51109","16.05"
"Lunenburg","0","18","Virginia","6/10/20","15","3","51111","20"
"Lynchburg","1","89","Virginia","6/10/20","80","9","51680","11.25"
"Madison","0","41","Virginia","6/10/20","41","0","51113","0"
"Manassas","15","1262","Virginia","6/10/20","1154","108","51683","9.36"
"Manassas Park","4","360","Virginia","6/10/20","332","28","51685","8.43"
"Martinsville","2","52","Virginia","6/10/20","38","14","51690","36.84"
"Mathews","0","5","Virginia","6/10/20","5","0","51115","0"
"Mecklenburg","1","224","Virginia","6/10/20","219","5","51117","2.28"
"Middlesex","0","14","Virginia","6/10/20","15","-1","51119","-6.67"
"Montgomery","2","96","Virginia","6/10/20","80","16","51121","20"
"Nelson","0","17","Virginia","6/10/20","17","0","51125","0"
"New Kent","1","45","Virginia","6/10/20","38","7","51127","18.42"
"Newport News","5","328","Virginia","6/10/20","292","36","51700","12.33"
"Norfolk","9","605","Virginia","6/10/20","539","66","51710","12.24"
"Northampton","2","257","Virginia","6/10/20","245","12","51131","4.9"
"Northumberland","0","25","Virginia","6/10/20","25","0","51133","0"
"Norton","0","2","Virginia","6/10/20","2","0","51720","0"
"Nottoway","2","51","Virginia","6/10/20","40","11","51135","27.5"
"Orange","1","119","Virginia","6/10/20","111","8","51137","7.21"
"Page","2","247","Virginia","6/10/20","231","16","51139","6.93"
"Patrick","1","28","Virginia","6/10/20","21","7","51141","33.33"
"Petersburg","4","174","Virginia","6/10/20","143","31","51730","21.68"
"Pittsylvania","1","54","Virginia","6/10/20","45","9","51143","20"
"Poquoson","0","9","Virginia","6/10/20","8","1","51735","12.5"
"Portsmouth","5","354","Virginia","6/10/20","322","32","51740","9.94"
"Powhatan","2","48","Virginia","6/10/20","36","12","51145","33.33"
"Prince Edward","1","153","Virginia","6/10/20","143","10","51147","6.99"
"Prince George","3","153","Virginia","6/10/20","135","18","51149","13.33"
"Prince William","77","6376","Virginia","6/10/20","5837","539","51153","9.23"
"Pulaski","1","30","Virginia","6/10/20","21","9","51155","42.86"
"Radford","0","7","Virginia","6/10/20","6","1","51750","16.67"
"Rappahannock","0","16","Virginia","6/10/20","14","2","51157","14.29"
"Richmond","0","290","Virginia","6/10/20","287","3","51159","1.05"
"Richmond City","33","1686","Virginia","6/10/20","1455","231","51760","15.88"
"Roanoke","2","125","Virginia","6/10/20","113","12","51161","10.62"
"Roanoke City","4","207","Virginia","6/10/20","176","31","51770","17.61"
"Rockbridge","0","19","Virginia","6/10/20","19","0","51163","0"
"Rockingham","8","602","Virginia","6/10/20","548","54","51165","9.85"
"Russell","0","8","Virginia","6/10/20","8","0","51167","0"
"Salem","1","42","Virginia","6/10/20","36","6","51775","16.67"
"Scott","0","7","Virginia","6/10/20","7","0","51169","0"
"Shenandoah","4","492","Virginia","6/10/20","465","27","51171","5.81"
"Smyth","0","15","Virginia","6/10/20","15","0","51173","0"
"Southampton","1","154","Virginia","6/10/20","150","4","51175","2.67"
"Spotsylvania","19","723","Virginia","6/10/20","590","133","51177","22.54"
"Stafford","13","831","Virginia","6/10/20","738","93","51179","12.6"
"Staunton","1","58","Virginia","6/10/20","50","8","51790","16"
"Suffolk","2","330","Virginia","6/10/20","318","12","51800","3.77"
"Surry","0","10","Virginia","6/10/20","11","-1","51181","-9.09"
"Sussex","1","175","Virginia","6/10/20","165","10","51183","6.06"
"Tazewell","0","9","Virginia","6/10/20","9","0","51185","0"
"Virginia Beach","10","823","Virginia","6/10/20","752","71","51810","9.44"
"Warren","3","225","Virginia","6/10/20","204","21","51187","10.29"
"Washington","1","58","Virginia","6/10/20","53","5","51191","9.43"
"Waynesboro","1","51","Virginia","6/10/20","47","4","51820","8.51"
"Westmoreland","1","83","Virginia","6/10/20","76","7","51193","9.21"
"Williamsburg","0","48","Virginia","6/10/20","45","3","51830","6.67"
"Winchester","7","248","Virginia","6/10/20","198","50","51840","25.25"
"Wise","0","27","Virginia","6/10/20","25","2","51195","8"
"Wythe","1","38","Virginia","6/10/20","29","9","51197","31.03"
"York","1","86","Virginia","6/10/20","77","9","51199","11.69"
"Adams","1","80","Washington","6/10/20","73","7","53001","9.59"
"Asotin","0","19","Washington","6/10/20","19","0","53003","0"
"Benton","20","979","Washington","6/10/20","838","141","53005","16.83"
"Chelan","1","264","Washington","6/10/20","254","10","53007","3.94"
"Clallam","0","27","Washington","6/10/20","27","0","53009","0"
"Clark","3","571","Washington","6/10/20","550","21","53011","3.82"
"Columbia","0","1","Washington","6/10/20","1","0","53013","0"
"Cowlitz","2","89","Washington","6/10/20","76","13","53015","17.11"
"Douglas","1","178","Washington","6/10/20","172","6","53017","3.49"
"Ferry","0","1","Washington","6/10/20","1","0","53019","0"
"Franklin","19","764","Washington","6/10/20","632","132","53021","20.89"
"Grant","2","222","Washington","6/10/20","211","11","53025","5.21"
"Grays Harbor","0","19","Washington","6/10/20","18","1","53027","5.56"
"Island","0","181","Washington","6/10/20","181","0","53029","0"
"Jefferson","0","31","Washington","6/10/20","31","0","53031","0"
"King","38","8529","Washington","6/10/20","8264","265","53033","3.21"
"Kitsap","1","170","Washington","6/10/20","163","7","53035","4.29"
"Kittitas","0","90","Washington","6/10/20","89","1","53037","1.12"
"Klickitat","1","37","Washington","6/10/20","28","9","53039","32.14"
"Lewis","0","37","Washington","6/10/20","37","0","53041","0"
"Lincoln","0","2","Washington","6/10/20","2","0","53043","0"
"Mason","0","39","Washington","6/10/20","36","3","53045","8.33"
"Okanogan","1","56","Washington","6/10/20","52","4","53047","7.69"
"Pacific","0","10","Washington","6/10/20","9","1","53049","11.11"
"Pend Oreille","0","3","Washington","6/10/20","3","0","53051","0"
"Pierce","12","2050","Washington","6/10/20","1968","82","53053","4.17"
"San Juan","0","15","Washington","6/10/20","15","0","53055","0"
"Skagit","1","450","Washington","6/10/20","443","7","53057","1.58"
"Skamania","0","3","Washington","6/10/20","4","-1","53059","-25"
"Snohomish","10","3064","Washington","6/10/20","2991","73","53061","2.44"
"Spokane","20","769","Washington","6/10/20","627","142","53063","22.65"
"Stevens","0","13","Washington","6/10/20","13","0","53065","0"
"Thurston","2","171","Washington","6/10/20","154","17","53067","11.04"
"Wahkiakum","0","4","Washington","6/10/20","4","0","53069","0"
"Walla Walla","1","117","Washington","6/10/20","110","7","53071","6.36"
"Whatcom","3","420","Washington","6/10/20","402","18","53073","4.48"
"Whitman","0","20","Washington","6/10/20","20","0","53075","0"
"Yakima","128","4834","Washington","6/10/20","3938","896","53077","22.75"
"Barbour","0","9","West Virginia","6/10/20","8","1","54001","12.5"
"Berkeley","5","361","West Virginia","6/10/20","326","35","54003","10.74"
"Boone","1","15","West Virginia","6/10/20","9","6","54005","66.67"
"Braxton","0","2","West Virginia","6/10/20","2","0","54007","0"
"Brooke","0","5","West Virginia","6/10/20","5","0","54009","0"
"Cabell","1","71","West Virginia","6/10/20","67","4","54011","5.97"
"Calhoun","0","2","West Virginia","6/10/20","2","0","54013","0"
"Clay","0","7","West Virginia","6/10/20","6","1","54015","16.67"
"Fayette","0","54","West Virginia","6/10/20","52","2","54019","3.85"
"Gilmer","0","10","West Virginia","6/10/20","10","0","54021","0"
"Grant","0","14","West Virginia","6/10/20","12","2","54023","16.67"
"Greenbrier","0","9","West Virginia","6/10/20","9","0","54025","0"
"Hampshire","1","35","West Virginia","6/10/20","31","4","54027","12.9"
"Hancock","0","20","West Virginia","6/10/20","19","1","54029","5.26"
"Hardy","0","40","West Virginia","6/10/20","39","1","54031","2.56"
"Harrison","0","41","West Virginia","6/10/20","40","1","54033","2.5"
"Jackson","1","141","West Virginia","6/10/20","137","4","54035","2.92"
"Jefferson","1","204","West Virginia","6/10/20","199","5","54037","2.51"
"Kanawha","2","241","West Virginia","6/10/20","230","11","54039","4.78"
"Lewis","0","8","West Virginia","6/10/20","9","-1","54041","-11.11"
"Lincoln","0","5","West Virginia","6/10/20","5","0","54043","0"
"Logan","0","20","West Virginia","6/10/20","19","1","54045","5.26"
"Marion","0","53","West Virginia","6/10/20","51","2","54049","3.92"
"Marshall","1","34","West Virginia","6/10/20","30","4","54051","13.33"
"Mason","0","15","West Virginia","6/10/20","15","0","54053","0"
"McDowell","0","6","West Virginia","6/10/20","6","0","54047","0"
"Mercer","0","13","West Virginia","6/10/20","13","0","54055","0"
"Mineral","1","51","West Virginia","6/10/20","47","4","54057","8.51"
"Mingo","0","10","West Virginia","6/10/20","8","2","54059","25"
"Monongalia","1","142","West Virginia","6/10/20","135","7","54061","5.19"
"Monroe","0","8","West Virginia","6/10/20","8","0","54063","0"
"Morgan","0","19","West Virginia","6/10/20","19","0","54065","0"
"Nicholas","0","7","West Virginia","6/10/20","9","-2","54067","-22.22"
"Ohio","1","52","West Virginia","6/10/20","47","5","54069","10.64"
"Pendleton","0","13","West Virginia","6/10/20","13","0","54071","0"
"Pleasants","0","4","West Virginia","6/10/20","4","0","54073","0"
"Pocahontas","0","21","West Virginia","6/10/20","21","0","54075","0"
"Preston","0","24","West Virginia","6/10/20","24","0","54077","0"
"Putnam","0","41","West Virginia","6/10/20","38","3","54079","7.89"
"Raleigh","0","18","West Virginia","6/10/20","17","1","54081","5.88"
"Randolph","1","140","West Virginia","6/10/20","132","8","54083","6.06"
"Ritchie","0","2","West Virginia","6/10/20","1","1","54085","100"
"Roane","0","10","West Virginia","6/10/20","9","1","54087","11.11"
"Summers","0","1","West Virginia","6/10/20","1","0","54089","0"
"Taylor","0","9","West Virginia","6/10/20","9","0","54091","0"
"Tucker","0","4","West Virginia","6/10/20","4","0","54093","0"
"Tyler","0","3","West Virginia","6/10/20","3","0","54095","0"
"Upshur","0","7","West Virginia","6/10/20","7","0","54097","0"
"Wayne","0","103","West Virginia","6/10/20","102","1","54099","0.98"
"Wetzel","0","9","West Virginia","6/10/20","9","0","54103","0"
"Wirt","0","4","West Virginia","6/10/20","4","0","54105","0"
"Wood","0","54","West Virginia","6/10/20","53","1","54107","1.89"
"Wyoming","0","3","West Virginia","6/10/20","2","1","54109","50"
"Adams","0","6","Wisconsin","6/10/20","4","2","55001","50"
"Ashland","0","3","Wisconsin","6/10/20","2","1","55003","50"
"Barron","0","21","Wisconsin","6/10/20","21","0","55005","0"
"Bayfield","0","3","Wisconsin","6/10/20","3","0","55007","0"
"Brown","8","2405","Wisconsin","6/10/20","2350","55","55009","2.34"
"Buffalo","0","6","Wisconsin","6/10/20","6","0","55011","0"
"Burnett","0","1","Wisconsin","6/10/20","1","0","55013","0"
"Calumet","0","81","Wisconsin","6/10/20","79","2","55015","2.53"
"Chippewa","0","60","Wisconsin","6/10/20","58","2","55017","3.45"
"Clark","1","45","Wisconsin","6/10/20","35","10","55019","28.57"
"Columbia","1","49","Wisconsin","6/10/20","44","5","55021","11.36"
"Crawford","0","26","Wisconsin","6/10/20","26","0","55023","0"
"Dane","16","884","Wisconsin","6/10/20","773","111","55025","14.36"
"Dodge","4","410","Wisconsin","6/10/20","383","27","55027","7.05"
"Door","0","39","Wisconsin","6/10/20","38","1","55029","2.63"
"Douglas","0","20","Wisconsin","6/10/20","19","1","55031","5.26"
"Dunn","1","29","Wisconsin","6/10/20","25","4","55033","16"
"Eau Claire","2","126","Wisconsin","6/10/20","114","12","55035","10.53"
"Florence","0","2","Wisconsin","6/10/20","2","0","55037","0"
"Fond du Lac","4","247","Wisconsin","6/10/20","221","26","55039","11.76"
"Forest","1","34","Wisconsin","6/10/20","28","6","55041","21.43"
"Grant","0","99","Wisconsin","6/10/20","98","1","55043","1.02"
"Green","0","71","Wisconsin","6/10/20","70","1","55045","1.43"
"Green Lake","0","23","Wisconsin","6/10/20","22","1","55047","4.55"
"Iowa","0","16","Wisconsin","6/10/20","17","-1","55049","-5.88"
"Iron","0","2","Wisconsin","6/10/20","2","0","55051","0"
"Jackson","0","20","Wisconsin","6/10/20","19","1","55053","5.26"
"Jefferson","3","138","Wisconsin","6/10/20","114","24","55055","21.05"
"Juneau","0","23","Wisconsin","6/10/20","22","1","55057","4.55"
"Kenosha","13","1308","Wisconsin","6/10/20","1217","91","55059","7.48"
"Kewaunee","0","37","Wisconsin","6/10/20","36","1","55061","2.78"
"La Crosse","3","81","Wisconsin","6/10/20","58","23","55063","39.66"
"Lafayette","1","36","Wisconsin","6/10/20","27","9","55065","33.33"
"Langlade","0","5","Wisconsin","6/10/20","3","2","55067","66.67"
"Lincoln","0","7","Wisconsin","6/10/20","7","0","55069","0"
"Manitowoc","0","40","Wisconsin","6/10/20","38","2","55071","5.26"
"Marathon","2","69","Wisconsin","6/10/20","55","14","55073","25.45"
"Marinette","1","37","Wisconsin","6/10/20","32","5","55075","15.62"
"Marquette","0","7","Wisconsin","6/10/20","6","1","55077","16.67"
"Menominee","0","3","Wisconsin","6/10/20","3","0","55078","0"
"Milwaukee","141","9096","Wisconsin","6/10/20","8108","988","55079","12.19"
"Monroe","1","23","Wisconsin","6/10/20","18","5","55081","27.78"
"Oconto","0","42","Wisconsin","6/10/20","39","3","55083","7.69"
"Oneida","0","13","Wisconsin","6/10/20","11","2","55085","18.18"
"Outagamie","8","294","Wisconsin","6/10/20","239","55","55087","23.01"
"Ozaukee","2","185","Wisconsin","6/10/20","170","15","55089","8.82"
"Pepin","0","1","Wisconsin","6/10/20","1","0","55091","0"
"Pierce","1","51","Wisconsin","6/10/20","47","4","55093","8.51"
"Polk","2","36","Wisconsin","6/10/20","24","12","55095","50"
"Portage","5","51","Wisconsin","6/10/20","14","37","55097","264.29"
"Price","0","2","Wisconsin","6/10/20","2","0","55099","0"
"Racine","22","1952","Wisconsin","6/10/20","1797","155","55101","8.63"
"Richland","0","14","Wisconsin","6/10/20","14","0","55103","0"
"Rock","9","724","Wisconsin","6/10/20","658","66","55105","10.03"
"Rusk","0","5","Wisconsin","6/10/20","5","0","55107","0"
"Sauk","0","84","Wisconsin","6/10/20","81","3","55111","3.7"
"Sawyer","0","9","Wisconsin","6/10/20","8","1","55113","12.5"
"Shawano","1","60","Wisconsin","6/10/20","51","9","55115","17.65"
"Sheboygan","3","120","Wisconsin","6/10/20","98","22","55117","22.45"
"St. Croix","2","108","Wisconsin","6/10/20","97","11","55109","11.34"
"Taylor","0","2","Wisconsin","6/10/20","2","0","55119","0"
"Trempealeau","2","44","Wisconsin","6/10/20","29","15","55121","51.72"
"Vernon","0","22","Wisconsin","6/10/20","21","1","55123","4.76"
"Vilas","0","8","Wisconsin","6/10/20","8","0","55125","0"
"Walworth","5","456","Wisconsin","6/10/20","424","32","55127","7.55"
"Washburn","0","3","Wisconsin","6/10/20","2","1","55129","50"
"Washington","3","283","Wisconsin","6/10/20","261","22","55131","8.43"
"Waukesha","14","842","Wisconsin","6/10/20","744","98","55133","13.17"
"Waupaca","2","61","Wisconsin","6/10/20","45","16","55135","35.56"
"Waushara","0","13","Wisconsin","6/10/20","10","3","55137","30"
"Winnebago","25","457","Wisconsin","6/10/20","284","173","55139","60.92"
"Wood","0","13","Wisconsin","6/10/20","10","3","55141","30"
"Albany","0","26","Wyoming","6/10/20","25","1","56001","4"
"Big Horn","0","9","Wyoming","6/10/20","6","3","56003","50"
"Campbell","1","37","Wyoming","6/10/20","31","6","56005","19.35"
"Carbon","0","16","Wyoming","6/10/20","16","0","56007","0"
"Converse","0","24","Wyoming","6/10/20","24","0","56009","0"
"Crook","0","5","Wyoming","6/10/20","5","0","56011","0"
"Fremont","2","296","Wyoming","6/10/20","285","11","56013","3.86"
"Goshen","0","5","Wyoming","6/10/20","5","0","56015","0"
"Hot Springs","0","12","Wyoming","6/10/20","12","0","56017","0"
"Johnson","0","18","Wyoming","6/10/20","18","0","56019","0"
"Laramie","0","188","Wyoming","6/10/20","188","0","56021","0"
"Lincoln","0","15","Wyoming","6/10/20","15","0","56023","0"
"Natrona","1","87","Wyoming","6/10/20","79","8","56025","10.13"
"Niobrara","0","2","Wyoming","6/10/20","2","0","56027","0"
"Park","0","2","Wyoming","6/10/20","2","0","56029","0"
"Platte","0","1","Wyoming","6/10/20","1","0","56031","0"
"Sheridan","0","19","Wyoming","6/10/20","16","3","56033","18.75"
"Sublette","0","3","Wyoming","6/10/20","3","0","56035","0"
"Sweetwater","1","35","Wyoming","6/10/20","31","4","56037","12.9"
"Teton","0","101","Wyoming","6/10/20","100","1","56039","1"
"Uinta","4","39","Wyoming","6/10/20","13","26","56041","200"
"Washakie","0","39","Wyoming","6/10/20","37","2","56043","5.41"
"Weston","0","1","Wyoming","6/10/20","1","0","56045","0"
