"Locality","DailyAvgNewCasesPast7Days","TotalCases","State","Date","TotalCases7DaysAgo","NewCasesPast7Days","FIPS-Code","PercentIncreaseTotalCasesPast7Days"
"Autauga","10","331","Alabama","6/13/20","259","72","01001","27.8"
"Baldwin","8","361","Alabama","6/13/20","304","57","01003","18.75"
"Barbour","5","226","Alabama","6/13/20","190","36","01005","18.95"
"Bibb","3","100","Alabama","6/13/20","77","23","01007","29.87"
"Blount","5","102","Alabama","6/13/20","70","32","01009","45.71"
"Bullock","7","276","Alabama","6/13/20","225","51","01011","22.67"
"Butler","11","517","Alabama","6/13/20","442","75","01013","16.97"
"Calhoun","2","190","Alabama","6/13/20","174","16","01015","9.2"
"Chambers","9","438","Alabama","6/13/20","373","65","01017","17.43"
"Cherokee","1","47","Alabama","6/13/20","40","7","01019","17.5"
"Chilton","3","128","Alabama","6/13/20","108","20","01021","18.52"
"Choctaw","2","167","Alabama","6/13/20","155","12","01023","7.74"
"Clarke","4","179","Alabama","6/13/20","151","28","01025","18.54"
"Clay","0","30","Alabama","6/13/20","29","1","01027","3.45"
"Cleburne","1","20","Alabama","6/13/20","15","5","01029","33.33"
"Coffee","4","274","Alabama","6/13/20","244","30","01031","12.3"
"Colbert","6","249","Alabama","6/13/20","206","43","01033","20.87"
"Conecuh","6","83","Alabama","6/13/20","44","39","01035","88.64"
"Coosa","1","45","Alabama","6/13/20","40","5","01037","12.5"
"Covington","5","116","Alabama","6/13/20","84","32","01039","38.1"
"Crenshaw","3","107","Alabama","6/13/20","83","24","01041","28.92"
"Cullman","10","250","Alabama","6/13/20","180","70","01043","38.89"
"Dale","6","171","Alabama","6/13/20","131","40","01045","30.53"
"Dallas","21","447","Alabama","6/13/20","302","145","01047","48.01"
"DeKalb","6","311","Alabama","6/13/20","268","43","01049","16.04"
"Elmore","14","502","Alabama","6/13/20","401","101","01051","25.19"
"Escambia","2","99","Alabama","6/13/20","82","17","01053","20.73"
"Etowah","4","301","Alabama","6/13/20","270","31","01055","11.48"
"Fayette","3","37","Alabama","6/13/20","17","20","01057","117.65"
"Franklin","14","709","Alabama","6/13/20","608","101","01059","16.61"
"Geneva","0","46","Alabama","6/13/20","46","0","01061","0"
"Greene","3","119","Alabama","6/13/20","98","21","01063","21.43"
"Hale","4","226","Alabama","6/13/20","195","31","01065","15.9"
"Henry","2","99","Alabama","6/13/20","85","14","01067","16.47"
"Houston","8","293","Alabama","6/13/20","237","56","01069","23.63"
"Jackson","5","123","Alabama","6/13/20","88","35","01071","39.77"
"Jefferson","61","2410","Alabama","6/13/20","1980","430","01073","21.72"
"Lamar","1","35","Alabama","6/13/20","28","7","01075","25"
"Lauderdale","7","230","Alabama","6/13/20","181","49","01077","27.07"
"Lawrence","1","63","Alabama","6/13/20","53","10","01079","18.87"
"Lee","12","661","Alabama","6/13/20","577","84","01081","14.56"
"Limestone","11","197","Alabama","6/13/20","119","78","01083","65.55"
"Lowndes","13","365","Alabama","6/13/20","276","89","01085","32.25"
"Macon","4","122","Alabama","6/13/20","96","26","01087","27.08"
"Madison","14","472","Alabama","6/13/20","371","101","01089","27.22"
"Marengo","3","206","Alabama","6/13/20","182","24","01091","13.19"
"Marion","1","134","Alabama","6/13/20","126","8","01093","6.35"
"Marshall","17","849","Alabama","6/13/20","730","119","01095","16.3"
"Mobile","40","2660","Alabama","6/13/20","2377","283","01097","11.91"
"Monroe","9","117","Alabama","6/13/20","54","63","01099","116.67"
"Montgomery","93","2644","Alabama","6/13/20","1993","651","01101","32.66"
"Morgan","27","553","Alabama","6/13/20","361","192","01103","53.19"
"Perry","3","68","Alabama","6/13/20","46","22","01105","47.83"
"Pickens","3","140","Alabama","6/13/20","122","18","01107","14.75"
"Pike","10","307","Alabama","6/13/20","239","68","01109","28.45"
"Randolph","1","138","Alabama","6/13/20","129","9","01111","6.98"
"Russell","12","279","Alabama","6/13/20","193","86","01113","44.56"
"Shelby","10","615","Alabama","6/13/20","542","73","01117","13.47"
"St. Clair","4","167","Alabama","6/13/20","138","29","01115","21.01"
"Sumter","2","260","Alabama","6/13/20","243","17","01119","7"
"Talladega","4","153","Alabama","6/13/20","127","26","01121","20.47"
"Tallapoosa","3","461","Alabama","6/13/20","439","22","01123","5.01"
"Tuscaloosa","49","1239","Alabama","6/13/20","896","343","01125","38.28"
"Walker","15","540","Alabama","6/13/20","433","107","01127","24.71"
"Washington","1","86","Alabama","6/13/20","77","9","01129","11.69"
"Wilcox","7","216","Alabama","6/13/20","167","49","01131","29.34"
"Winston","3","115","Alabama","6/13/20","93","22","01133","23.66"
"Anchorage","7","315","Alaska","6/13/20","266","49","02020","18.42"
"Bethel","0","4","Alaska","6/13/20","3","1","02050","33.33"
"Fairbanks North Star","1","92","Alaska","6/13/20","85","7","02090","8.24"
"Haines","0","1","Alaska","6/13/20","0","1","02100","1"
"Juneau","1","37","Alaska","6/13/20","33","4","02110","12.12"
"Kenai Peninsula","4","108","Alaska","6/13/20","78","30","02122","38.46"
"Ketchikan Gateway","0","19","Alaska","6/13/20","16","3","02130","18.75"
"Kodiak Island","0","2","Alaska","6/13/20","1","1","02150","100"
"Matanuska-Susitna","1","43","Alaska","6/13/20","35","8","02170","22.86"
"Nome","0","5","Alaska","6/13/20","3","2","02180","66.67"
"North Slope","0","1","Alaska","6/13/20","1","0","02185","0"
"Northwest Arctic","0","4","Alaska","6/13/20","2","2","02188","100"
"Petersburg","0","4","Alaska","6/13/20","4","0","02195","0"
"Prince of Wales-Hyder","0","4","Alaska","6/13/20","2","2","02198","100"
"Sitka","1","8","Alaska","6/13/20","2","6","02220","300"
"Southeast Fairbanks","0","3","Alaska","6/13/20","3","0","02240","0"
"Wrangell","0","2","Alaska","6/13/20","0","2","02275","1"
"Yukon-Koyukuk","0","1","Alaska","6/13/20","1","0","02290","0"
"Apache","39","1967","Arizona","6/13/20","1692","275","04001","16.25"
"Cochise","12","206","Arizona","6/13/20","122","84","04003","68.85"
"Coconino","13","1360","Arizona","6/13/20","1267","93","04005","7.34"
"Gila","2","59","Arizona","6/13/20","43","16","04007","37.21"
"Graham","1","48","Arizona","6/13/20","39","9","04009","23.08"
"Greenlee","0","11","Arizona","6/13/20","9","2","04011","22.22"
"La Paz","9","221","Arizona","6/13/20","158","63","04012","39.87"
"Maricopa","719","17791","Arizona","6/13/20","12761","5030","04013","39.42"
"Mohave","14","586","Arizona","6/13/20","485","101","04015","20.82"
"Navajo","63","2590","Arizona","6/13/20","2152","438","04017","20.35"
"Pima","134","3889","Arizona","6/13/20","2950","939","04019","31.83"
"Pinal","62","1500","Arizona","6/13/20","1067","433","04021","40.58"
"Santa Cruz","55","914","Arizona","6/13/20","530","384","04023","72.45"
"Yavapai","7","374","Arizona","6/13/20","326","48","04025","14.72"
"Yuma","185","3144","Arizona","6/13/20","1850","1294","04027","69.95"
"Arkansas","0","7","Arkansas","6/13/20","7","0","05001","0"
"Ashley","2","40","Arkansas","6/13/20","29","11","05003","37.93"
"Baxter","0","14","Arkansas","6/13/20","13","1","05005","7.69"
"Benton","68","1362","Arkansas","6/13/20","883","479","05007","54.25"
"Boone","0","9","Arkansas","6/13/20","7","2","05009","28.57"
"Bradley","1","34","Arkansas","6/13/20","28","6","05011","21.43"
"Carroll","5","70","Arkansas","6/13/20","35","35","05015","100"
"Chicot","3","43","Arkansas","6/13/20","21","22","05017","104.76"
"Clark","1","45","Arkansas","6/13/20","40","5","05019","12.5"
"Clay","2","18","Arkansas","6/13/20","6","12","05021","200"
"Cleburne","0","75","Arkansas","6/13/20","74","1","05023","1.35"
"Cleveland","0","19","Arkansas","6/13/20","19","0","05025","0"
"Columbia","1","27","Arkansas","6/13/20","23","4","05027","17.39"
"Conway","1","19","Arkansas","6/13/20","15","4","05029","26.67"
"Craighead","7","352","Arkansas","6/13/20","300","52","05031","17.33"
"Crawford","2","51","Arkansas","6/13/20","39","12","05033","30.77"
"Crittenden","9","517","Arkansas","6/13/20","452","65","05035","14.38"
"Cross","2","75","Arkansas","6/13/20","60","15","05037","25"
"Dallas","0","3","Arkansas","6/13/20","3","0","05039","0"
"Desha","0","20","Arkansas","6/13/20","20","0","05041","0"
"Drew","1","25","Arkansas","6/13/20","21","4","05043","19.05"
"Faulkner","5","147","Arkansas","6/13/20","110","37","05045","33.64"
"Franklin","0","6","Arkansas","6/13/20","5","1","05047","20"
"Fulton","0","9","Arkansas","6/13/20","7","2","05049","28.57"
"Garland","3","161","Arkansas","6/13/20","140","21","05051","15"
"Grant","1","24","Arkansas","6/13/20","18","6","05053","33.33"
"Greene","1","71","Arkansas","6/13/20","67","4","05055","5.97"
"Hempstead","1","34","Arkansas","6/13/20","27","7","05057","25.93"
"Hot Spring","1","38","Arkansas","6/13/20","34","4","05059","11.76"
"Howard","1","38","Arkansas","6/13/20","28","10","05061","35.71"
"Independence","1","39","Arkansas","6/13/20","33","6","05063","18.18"
"Izard","0","19","Arkansas","6/13/20","17","2","05065","11.76"
"Jackson","1","16","Arkansas","6/13/20","6","10","05067","166.67"
"Jefferson","12","628","Arkansas","6/13/20","547","81","05069","14.81"
"Johnson","4","84","Arkansas","6/13/20","57","27","05071","47.37"
"Lafayette","0","11","Arkansas","6/13/20","9","2","05073","22.22"
"Lawrence","0","90","Arkansas","6/13/20","89","1","05075","1.12"
"Lee","64","481","Arkansas","6/13/20","32","449","05077","1403.12"
"Lincoln","0","987","Arkansas","6/13/20","985","2","05079","0.2"
"Little River","2","34","Arkansas","6/13/20","17","17","05081","100"
"Logan","1","18","Arkansas","6/13/20","12","6","05083","50"
"Lonoke","2","70","Arkansas","6/13/20","57","13","05085","22.81"
"Madison","8","107","Arkansas","6/13/20","50","57","05087","114"
"Marion","0","2","Arkansas","6/13/20","2","0","05089","0"
"Miller","2","69","Arkansas","6/13/20","53","16","05091","30.19"
"Mississippi","2","91","Arkansas","6/13/20","79","12","05093","15.19"
"Monroe","0","7","Arkansas","6/13/20","5","2","05095","40"
"Montgomery","0","2","Arkansas","6/13/20","2","0","05097","0"
"Nevada","3","74","Arkansas","6/13/20","50","24","05099","48"
"Newton","0","3","Arkansas","6/13/20","3","0","05101","0"
"Ouachita","0","13","Arkansas","6/13/20","12","1","05103","8.33"
"Perry","0","16","Arkansas","6/13/20","15","1","05105","6.67"
"Phillips","1","36","Arkansas","6/13/20","26","10","05107","38.46"
"Pike","0","7","Arkansas","6/13/20","6","1","05109","16.67"
"Poinsett","1","50","Arkansas","6/13/20","42","8","05111","19.05"
"Polk","3","51","Arkansas","6/13/20","33","18","05113","54.55"
"Pope","7","245","Arkansas","6/13/20","197","48","05115","24.37"
"Prairie","0","7","Arkansas","6/13/20","4","3","05117","75"
"Pulaski","25","1266","Arkansas","6/13/20","1091","175","05119","16.04"
"Randolph","0","28","Arkansas","6/13/20","26","2","05121","7.69"
"Saline","5","167","Arkansas","6/13/20","130","37","05125","28.46"
"Scott","0","2","Arkansas","6/13/20","1","1","05127","100"
"Searcy","0","7","Arkansas","6/13/20","7","0","05129","0"
"Sebastian","9","144","Arkansas","6/13/20","81","63","05131","77.78"
"Sevier","15","428","Arkansas","6/13/20","326","102","05133","31.29"
"Sharp","0","50","Arkansas","6/13/20","48","2","05135","4.17"
"St. Francis","4","771","Arkansas","6/13/20","744","27","05123","3.63"
"Stone","0","11","Arkansas","6/13/20","10","1","05137","10"
"Union","2","202","Arkansas","6/13/20","188","14","05139","7.45"
"Van Buren","0","30","Arkansas","6/13/20","29","1","05141","3.45"
"Washington","114","1710","Arkansas","6/13/20","913","797","05143","87.29"
"White","1","56","Arkansas","6/13/20","49","7","05145","14.29"
"Woodruff","0","3","Arkansas","6/13/20","1","2","05147","200"
"Yell","10","289","Arkansas","6/13/20","222","67","05149","30.18"
"Alameda","59","4217","California","6/13/20","3805","412","06001","10.83"
"Alpine","0","2","California","6/13/20","2","0","06003","0"
"Amador","0","10","California","6/13/20","10","0","06005","0"
"Butte","1","74","California","6/13/20","65","9","06007","13.85"
"Calaveras","1","26","California","6/13/20","19","7","06009","36.84"
"Colusa","0","7","California","6/13/20","7","0","06011","0"
"Contra Costa","41","1921","California","6/13/20","1633","288","06013","17.64"
"Del Norte","0","47","California","6/13/20","47","0","06015","0"
"El Dorado","1","113","California","6/13/20","106","7","06017","6.6"
"Fresno","67","2547","California","6/13/20","2080","467","06019","22.45"
"Glenn","1","24","California","6/13/20","18","6","06021","33.33"
"Humboldt","0","106","California","6/13/20","104","2","06023","1.92"
"Imperial","227","4157","California","6/13/20","2568","1589","06025","61.88"
"Inyo","0","23","California","6/13/20","22","1","06027","4.55"
"Kern","78","3195","California","6/13/20","2650","545","06029","20.57"
"Kings","39","1759","California","6/13/20","1483","276","06031","18.61"
"Lake","0","32","California","6/13/20","30","2","06033","6.67"
"Lassen","0","9","California","6/13/20","6","3","06035","50"
"Los Angeles","1382","72057","California","6/13/20","62382","9675","06037","15.51"
"Madera","6","198","California","6/13/20","155","43","06039","27.74"
"Marin","21","697","California","6/13/20","551","146","06041","26.5"
"Mariposa","0","16","California","6/13/20","16","0","06043","0"
"Mendocino","1","38","California","6/13/20","33","5","06045","15.15"
"Merced","11","409","California","6/13/20","334","75","06047","22.46"
"Mono","0","37","California","6/13/20","37","0","06051","0"
"Monterey","33","899","California","6/13/20","667","232","06053","34.78"
"Napa","6","183","California","6/13/20","141","42","06055","29.79"
"Nevada","0","52","California","6/13/20","50","2","06057","4"
"Orange","135","8269","California","6/13/20","7321","948","06059","12.95"
"Placer","12","358","California","6/13/20","275","83","06061","30.18"
"Plumas","0","4","California","6/13/20","4","0","06063","0"
"Riverside","245","10490","California","6/13/20","8777","1713","06065","19.52"
"Sacramento","26","1716","California","6/13/20","1537","179","06067","11.65"
"San Benito","2","121","California","6/13/20","105","16","06069","15.24"
"San Bernardino","160","7161","California","6/13/20","6040","1121","06071","18.56"
"San Diego","138","9314","California","6/13/20","8345","969","06073","11.61"
"San Francisco","28","2906","California","6/13/20","2712","194","06075","7.15"
"San Joaquin","61","1547","California","6/13/20","1118","429","06077","38.37"
"San Luis Obispo","5","324","California","6/13/20","291","33","06079","11.34"
"San Mateo","29","2533","California","6/13/20","2330","203","06081","8.71"
"Santa Barbara","26","1971","California","6/13/20","1787","184","06083","10.3"
"Santa Clara","34","3157","California","6/13/20","2920","237","06085","8.12"
"Santa Cruz","4","255","California","6/13/20","226","29","06087","12.83"
"Shasta","1","49","California","6/13/20","42","7","06089","16.67"
"Sierra","0","1","California","6/13/20","1","0","06091","0"
"Siskiyou","1","15","California","6/13/20","9","6","06093","66.67"
"Solano","13","657","California","6/13/20","566","91","06095","16.08"
"Sonoma","14","722","California","6/13/20","624","98","06097","15.71"
"Stanislaus","39","1110","California","6/13/20","840","270","06099","32.14"
"Sutter","4","83","California","6/13/20","55","28","06101","50.91"
"Tehama","2","21","California","6/13/20","8","13","06103","162.5"
"Trinity","0","2","California","6/13/20","2","0","06105","0"
"Tulare","64","2564","California","6/13/20","2116","448","06107","21.17"
"Tuolumne","0","8","California","6/13/20","7","1","06109","14.29"
"Ventura","37","1518","California","6/13/20","1261","257","06111","20.38"
"Yolo","4","252","California","6/13/20","221","31","06113","14.03"
"Yuba","0","35","California","6/13/20","32","3","06115","9.38"
"Adams","25","3729","Colorado","6/13/20","3552","177","08001","4.98"
"Alamosa","4","116","Colorado","6/13/20","90","26","08003","28.89"
"Arapahoe","23","4788","Colorado","6/13/20","4626","162","08005","3.5"
"Archuleta","0","8","Colorado","6/13/20","8","0","08007","0"
"Baca","0","12","Colorado","6/13/20","12","0","08009","0"
"Bent","0","3","Colorado","6/13/20","2","1","08011","50"
"Boulder","8","1065","Colorado","6/13/20","1011","54","08013","5.34"
"Broomfield","2","264","Colorado","6/13/20","253","11","08014","4.35"
"Chaffee","0","78","Colorado","6/13/20","78","0","08015","0"
"Cheyenne","0","5","Colorado","6/13/20","5","0","08017","0"
"Clear Creek","0","17","Colorado","6/13/20","17","0","08019","0"
"Conejos","0","5","Colorado","6/13/20","4","1","08021","25"
"Costilla","1","14","Colorado","6/13/20","7","7","08023","100"
"Crowley","0","66","Colorado","6/13/20","66","0","08025","0"
"Custer","0","2","Colorado","6/13/20","2","0","08027","0"
"Delta","0","76","Colorado","6/13/20","74","2","08029","2.7"
"Denver","32","6301","Colorado","6/13/20","6079","222","08031","3.65"
"Douglas","6","794","Colorado","6/13/20","753","41","08035","5.44"
"Eagle","2","623","Colorado","6/13/20","607","16","08037","2.64"
"El Paso","15","1925","Colorado","6/13/20","1817","108","08041","5.94"
"Elbert","0","54","Colorado","6/13/20","54","0","08039","0"
"Fremont","0","29","Colorado","6/13/20","26","3","08043","11.54"
"Garfield","3","181","Colorado","6/13/20","161","20","08045","12.42"
"Gilpin","0","6","Colorado","6/13/20","5","1","08047","20"
"Grand","0","15","Colorado","6/13/20","15","0","08049","0"
"Gunnison","0","181","Colorado","6/13/20","178","3","08051","1.69"
"Hinsdale","0","3","Colorado","6/13/20","3","0","08053","0"
"Huerfano","0","3","Colorado","6/13/20","3","0","08055","0"
"Jefferson","13","2458","Colorado","6/13/20","2370","88","08059","3.71"
"Kit Carson","0","30","Colorado","6/13/20","30","0","08063","0"
"La Plata","0","84","Colorado","6/13/20","82","2","08067","2.44"
"Lake","0","38","Colorado","6/13/20","36","2","08065","5.56"
"Larimer","4","641","Colorado","6/13/20","616","25","08069","4.06"
"Las Animas","0","6","Colorado","6/13/20","5","1","08071","20"
"Lincoln","0","3","Colorado","6/13/20","3","0","08073","0"
"Logan","0","632","Colorado","6/13/20","630","2","08075","0.32"
"Mesa","1","66","Colorado","6/13/20","62","4","08077","6.45"
"Mineral","0","2","Colorado","6/13/20","2","0","08079","0"
"Moffat","0","8","Colorado","6/13/20","8","0","08081","0"
"Montezuma","1","59","Colorado","6/13/20","50","9","08083","18"
"Montrose","1","194","Colorado","6/13/20","185","9","08085","4.86"
"Morgan","1","646","Colorado","6/13/20","641","5","08087","0.78"
"Otero","0","22","Colorado","6/13/20","21","1","08089","4.76"
"Ouray","0","8","Colorado","6/13/20","8","0","08091","0"
"Park","0","23","Colorado","6/13/20","23","0","08093","0"
"Phillips","0","15","Colorado","6/13/20","14","1","08095","7.14"
"Pitkin","1","65","Colorado","6/13/20","60","5","08097","8.33"
"Prowers","0","16","Colorado","6/13/20","15","1","08099","6.67"
"Pueblo","5","346","Colorado","6/13/20","313","33","08101","10.54"
"Rio Blanco","0","1","Colorado","6/13/20","1","0","08103","0"
"Rio Grande","1","53","Colorado","6/13/20","43","10","08105","23.26"
"Routt","0","64","Colorado","6/13/20","62","2","08107","3.23"
"Saguache","1","97","Colorado","6/13/20","93","4","08109","4.3"
"San Juan","0","1","Colorado","6/13/20","1","0","08111","0"
"San Miguel","0","24","Colorado","6/13/20","23","1","08113","4.35"
"Summit","2","256","Colorado","6/13/20","243","13","08117","5.35"
"Teller","1","38","Colorado","6/13/20","34","4","08119","11.76"
"Washington","0","44","Colorado","6/13/20","42","2","08121","4.76"
"Weld","12","2652","Colorado","6/13/20","2566","86","08123","3.35"
"Yuma","0","47","Colorado","6/13/20","44","3","08125","6.82"
"Fairfield","37","16277","Connecticut","6/13/20","16020","257","09001","1.6"
"Hartford","63","11189","Connecticut","6/13/20","10747","442","09003","4.11"
"Litchfield","4","1439","Connecticut","6/13/20","1413","26","09005","1.84"
"Middlesex","7","1223","Connecticut","6/13/20","1174","49","09007","4.17"
"New Haven","29","12021","Connecticut","6/13/20","11817","204","09009","1.73"
"New London","12","1198","Connecticut","6/13/20","1112","86","09011","7.73"
"Tolland","3","885","Connecticut","6/13/20","864","21","09013","2.43"
"Windham","7","463","Connecticut","6/13/20","416","47","09015","11.3"
"Kent","8","1554","Delaware","6/13/20","1496","58","10001","3.88"
"New Castle","38","4259","Delaware","6/13/20","3995","264","10003","6.61"
"Sussex","8","4401","Delaware","6/13/20","4342","59","10005","1.36"
"","0","49","Diamond Princess","6/13/20","49","0",,"0"
"District of Columbia","63","9709","District of Columbia","6/13/20","9269","440","11001","4.75"
"Alachua","19","531","Florida","6/13/20","396","135","12001","34.09"
"Baker","0","30","Florida","6/13/20","29","1","12003","3.45"
"Bay","3","141","Florida","6/13/20","123","18","12005","14.63"
"Bradford","0","52","Florida","6/13/20","52","0","12007","0"
"Brevard","13","541","Florida","6/13/20","453","88","12009","19.43"
"Broward","168","8864","Florida","6/13/20","7690","1174","12011","15.27"
"Calhoun","0","66","Florida","6/13/20","64","2","12013","3.12"
"Charlotte","6","529","Florida","6/13/20","488","41","12015","8.4"
"Citrus","2","140","Florida","6/13/20","125","15","12017","12"
"Clay","5","429","Florida","6/13/20","396","33","12019","8.33"
"Collier","67","2435","Florida","6/13/20","1968","467","12021","23.73"
"Columbia","1","177","Florida","6/13/20","171","6","12023","3.51"
"DeSoto","13","348","Florida","6/13/20","258","90","12027","34.88"
"Dixie","0","60","Florida","6/13/20","58","2","12029","3.45"
"Duval","28","1961","Florida","6/13/20","1764","197","12031","11.17"
"Escambia","12","961","Florida","6/13/20","879","82","12033","9.33"
"Flagler","1","204","Florida","6/13/20","195","9","12035","4.62"
"Franklin","0","3","Florida","6/13/20","2","1","12037","50"
"Gadsden","1","301","Florida","6/13/20","293","8","12039","2.73"
"Gilchrist","1","26","Florida","6/13/20","19","7","12041","36.84"
"Glades","4","110","Florida","6/13/20","83","27","12043","32.53"
"Gulf","1","8","Florida","6/13/20","3","5","12045","166.67"
"Hamilton","1","271","Florida","6/13/20","261","10","12047","3.83"
"Hardee","7","189","Florida","6/13/20","140","49","12049","35"
"Hendry","9","617","Florida","6/13/20","552","65","12051","11.78"
"Hernando","2","135","Florida","6/13/20","122","13","12053","10.66"
"Highlands","4","170","Florida","6/13/20","143","27","12055","18.88"
"Hillsborough","123","3504","Florida","6/13/20","2643","861","12057","32.58"
"Holmes","0","31","Florida","6/13/20","30","1","12059","3.33"
"Indian River","5","197","Florida","6/13/20","160","37","12061","23.12"
"Jackson","3","318","Florida","6/13/20","298","20","12063","6.71"
"Jefferson","0","32","Florida","6/13/20","31","1","12065","3.23"
"Lafayette","0","12","Florida","6/13/20","10","2","12067","20"
"Lake","19","452","Florida","6/13/20","321","131","12069","40.81"
"Lee","54","2634","Florida","6/13/20","2253","381","12071","16.91"
"Leon","4","464","Florida","6/13/20","438","26","12073","5.94"
"Levy","6","100","Florida","6/13/20","58","42","12075","72.41"
"Liberty","0","218","Florida","6/13/20","218","0","12077","0"
"Madison","1","76","Florida","6/13/20","71","5","12079","7.04"
"Manatee","25","1353","Florida","6/13/20","1177","176","12081","14.95"
"Marion","5","310","Florida","6/13/20","274","36","12083","13.14"
"Martin","41","1134","Florida","6/13/20","849","285","12085","33.57"
"Miami-Dade","333","21633","Florida","6/13/20","19299","2334","12086","12.09"
"Monroe","3","128","Florida","6/13/20","110","18","12087","16.36"
"Nassau","1","90","Florida","6/13/20","82","8","12089","9.76"
"Okaloosa","9","315","Florida","6/13/20","253","62","12091","24.51"
"Okeechobee","6","166","Florida","6/13/20","125","41","12093","32.8"
"Orange","97","2937","Florida","6/13/20","2256","681","12095","30.19"
"Osceola","10","810","Florida","6/13/20","741","69","12097","9.31"
"Palm Beach","195","8442","Florida","6/13/20","7074","1368","12099","19.34"
"Pasco","12","500","Florida","6/13/20","419","81","12101","19.33"
"Pinellas","82","2103","Florida","6/13/20","1532","571","12103","37.27"
"Polk","38","1414","Florida","6/13/20","1145","269","12105","23.49"
"Putnam","2","185","Florida","6/13/20","173","12","12107","6.94"
"Santa Rosa","4","285","Florida","6/13/20","257","28","12113","10.89"
"Sarasota","10","741","Florida","6/13/20","669","72","12115","10.76"
"Seminole","27","709","Florida","6/13/20","521","188","12117","36.08"
"St. Johns","4","298","Florida","6/13/20","272","26","12109","9.56"
"St. Lucie","32","830","Florida","6/13/20","607","223","12111","36.74"
"Sumter","1","266","Florida","6/13/20","261","5","12119","1.92"
"Suwannee","2","186","Florida","6/13/20","174","12","12121","6.9"
"Taylor","1","53","Florida","6/13/20","45","8","12123","17.78"
"Union","0","39","Florida","6/13/20","36","3","12125","8.33"
"Volusia","16","914","Florida","6/13/20","804","110","12127","13.68"
"Wakulla","0","35","Florida","6/13/20","35","0","12129","0"
"Walton","2","146","Florida","6/13/20","130","16","12131","12.31"
"Washington","1","91","Florida","6/13/20","83","8","12133","9.64"
"Appling","3","204","Georgia","6/13/20","185","19","13001","10.27"
"Atkinson","1","70","Georgia","6/13/20","60","10","13003","16.67"
"Bacon","4","174","Georgia","6/13/20","144","30","13005","20.83"
"Baker","0","37","Georgia","6/13/20","36","1","13007","2.78"
"Baldwin","5","423","Georgia","6/13/20","387","36","13009","9.3"
"Banks","3","108","Georgia","6/13/20","88","20","13011","22.73"
"Barrow","6","382","Georgia","6/13/20","341","41","13013","12.02"
"Bartow","3","542","Georgia","6/13/20","521","21","13015","4.03"
"Ben Hill","2","102","Georgia","6/13/20","90","12","13017","13.33"
"Berrien","2","66","Georgia","6/13/20","55","11","13019","20"
"Bibb","4","533","Georgia","6/13/20","504","29","13021","5.75"
"Bleckley","1","54","Georgia","6/13/20","50","4","13023","8"
"Brantley","1","68","Georgia","6/13/20","62","6","13025","9.68"
"Brooks","2","93","Georgia","6/13/20","79","14","13027","17.72"
"Bryan","1","85","Georgia","6/13/20","77","8","13029","10.39"
"Bulloch","2","95","Georgia","6/13/20","82","13","13031","15.85"
"Burke","0","125","Georgia","6/13/20","124","1","13033","0.81"
"Butts","0","243","Georgia","6/13/20","243","0","13035","0"
"Calhoun","1","146","Georgia","6/13/20","138","8","13037","5.8"
"Camden","1","73","Georgia","6/13/20","69","4","13039","5.8"
"Candler","1","17","Georgia","6/13/20","13","4","13043","30.77"
"Carroll","4","611","Georgia","6/13/20","580","31","13045","5.34"
"Catoosa","10","226","Georgia","6/13/20","157","69","13047","43.95"
"Charlton","1","38","Georgia","6/13/20","32","6","13049","18.75"
"Chatham","10","614","Georgia","6/13/20","545","69","13051","12.66"
"Chattahoochee","11","251","Georgia","6/13/20","172","79","13053","45.93"
"Chattooga","1","34","Georgia","6/13/20","25","9","13055","36"
"Cherokee","8","1017","Georgia","6/13/20","958","59","13057","6.16"
"Clarke","3","341","Georgia","6/13/20","318","23","13059","7.23"
"Clay","1","52","Georgia","6/13/20","43","9","13061","20.93"
"Clayton","15","1427","Georgia","6/13/20","1323","104","13063","7.86"
"Clinch","2","80","Georgia","6/13/20","69","11","13065","15.94"
"Cobb","45","3557","Georgia","6/13/20","3242","315","13067","9.72"
"Coffee","4","330","Georgia","6/13/20","299","31","13069","10.37"
"Colquitt","13","657","Georgia","6/13/20","568","89","13071","15.67"
"Columbia","3","296","Georgia","6/13/20","274","22","13073","8.03"
"Cook","2","71","Georgia","6/13/20","56","15","13075","26.79"
"Coweta","7","509","Georgia","6/13/20","463","46","13077","9.94"
"Crawford","1","34","Georgia","6/13/20","29","5","13079","17.24"
"Crisp","1","242","Georgia","6/13/20","238","4","13081","1.68"
"Dade","1","48","Georgia","6/13/20","41","7","13083","17.07"
"Dawson","1","118","Georgia","6/13/20","113","5","13085","4.42"
"Decatur","2","223","Georgia","6/13/20","209","14","13087","6.7"
"DeKalb","42","4303","Georgia","6/13/20","4008","295","13089","7.36"
"Dodge","0","54","Georgia","6/13/20","53","1","13091","1.89"
"Dooly","1","197","Georgia","6/13/20","190","7","13093","3.68"
"Dougherty","4","1833","Georgia","6/13/20","1803","30","13095","1.66"
"Douglas","8","651","Georgia","6/13/20","592","59","13097","9.97"
"Early","1","255","Georgia","6/13/20","250","5","13099","2"
"Echols","2","158","Georgia","6/13/20","146","12","13101","8.22"
"Effingham","1","86","Georgia","6/13/20","78","8","13103","10.26"
"Elbert","1","85","Georgia","6/13/20","78","7","13105","8.97"
"Emanuel","2","42","Georgia","6/13/20","29","13","13107","44.83"
"Evans","0","7","Georgia","6/13/20","6","1","13109","16.67"
"Fannin","2","65","Georgia","6/13/20","51","14","13111","27.45"
"Fayette","2","260","Georgia","6/13/20","245","15","13113","6.12"
"Floyd","6","367","Georgia","6/13/20","322","45","13115","13.98"
"Forsyth","7","594","Georgia","6/13/20","546","48","13117","8.79"
"Franklin","1","137","Georgia","6/13/20","132","5","13119","3.79"
"Fulton","40","5100","Georgia","6/13/20","4822","278","13121","5.77"
"Gilmer","1","169","Georgia","6/13/20","160","9","13123","5.62"
"Glascock","0","1","Georgia","6/13/20","1","0","13125","0"
"Glynn","5","186","Georgia","6/13/20","154","32","13127","20.78"
"Gordon","7","247","Georgia","6/13/20","195","52","13129","26.67"
"Grady","3","137","Georgia","6/13/20","119","18","13131","15.13"
"Greene","1","86","Georgia","6/13/20","76","10","13133","13.16"
"Gwinnett","101","5141","Georgia","6/13/20","4433","708","13135","15.97"
"Habersham","5","590","Georgia","6/13/20","556","34","13137","6.12"
"Hall","18","2740","Georgia","6/13/20","2615","125","13139","4.78"
"Hancock","1","201","Georgia","6/13/20","197","4","13141","2.03"
"Haralson","1","57","Georgia","6/13/20","52","5","13143","9.62"
"Harris","10","196","Georgia","6/13/20","125","71","13145","56.8"
"Hart","0","41","Georgia","6/13/20","39","2","13147","5.13"
"Heard","1","42","Georgia","6/13/20","36","6","13149","16.67"
"Henry","12","839","Georgia","6/13/20","756","83","13151","10.98"
"Houston","3","421","Georgia","6/13/20","399","22","13153","5.51"
"Irwin","0","36","Georgia","6/13/20","34","2","13155","5.88"
"Jackson","5","260","Georgia","6/13/20","226","34","13157","15.04"
"Jasper","1","56","Georgia","6/13/20","47","9","13159","19.15"
"Jeff Davis","1","54","Georgia","6/13/20","45","9","13161","20"
"Jefferson","1","54","Georgia","6/13/20","50","4","13163","8"
"Jenkins","2","44","Georgia","6/13/20","27","17","13165","62.96"
"Johnson","-1","77","Georgia","6/13/20","82","-5","13167","-6.1"
"Jones","0","51","Georgia","6/13/20","49","2","13169","4.08"
"Lamar","0","79","Georgia","6/13/20","76","3","13171","3.95"
"Lanier","9","96","Georgia","6/13/20","32","64","13173","200"
"Laurens","1","117","Georgia","6/13/20","109","8","13175","7.34"
"Lee","1","372","Georgia","6/13/20","365","7","13177","1.92"
"Liberty","1","95","Georgia","6/13/20","87","8","13179","9.2"
"Lincoln","0","17","Georgia","6/13/20","16","1","13181","6.25"
"Long","1","23","Georgia","6/13/20","16","7","13183","43.75"
"Lowndes","26","618","Georgia","6/13/20","434","184","13185","42.4"
"Lumpkin","1","107","Georgia","6/13/20","102","5","13187","4.9"
"Macon","1","109","Georgia","6/13/20","105","4","13193","3.81"
"Madison","1","73","Georgia","6/13/20","65","8","13195","12.31"
"Marion","0","62","Georgia","6/13/20","59","3","13197","5.08"
"McDuffie","0","73","Georgia","6/13/20","72","1","13189","1.39"
"McIntosh","1","19","Georgia","6/13/20","15","4","13191","26.67"
"Meriwether","3","125","Georgia","6/13/20","106","19","13199","17.92"
"Miller","0","45","Georgia","6/13/20","42","3","13201","7.14"
"Mitchell","2","428","Georgia","6/13/20","417","11","13205","2.64"
"Monroe","1","127","Georgia","6/13/20","123","4","13207","3.25"
"Montgomery","1","21","Georgia","6/13/20","13","8","13209","61.54"
"Morgan","0","40","Georgia","6/13/20","39","1","13211","2.56"
"Murray","5","135","Georgia","6/13/20","103","32","13213","31.07"
"Muscogee","30","988","Georgia","6/13/20","776","212","13215","27.32"
"Newton","4","415","Georgia","6/13/20","389","26","13217","6.68"
"Oconee","1","128","Georgia","6/13/20","123","5","13219","4.07"
"Oglethorpe","1","72","Georgia","6/13/20","66","6","13221","9.09"
"Out of GA","30","2623","Georgia","6/13/20","2416","207","80013","8.57"
"Paulding","7","402","Georgia","6/13/20","351","51","13223","14.53"
"Peach","1","86","Georgia","6/13/20","76","10","13225","13.16"
"Pickens","2","65","Georgia","6/13/20","51","14","13227","27.45"
"Pierce","2","128","Georgia","6/13/20","116","12","13229","10.34"
"Pike","1","69","Georgia","6/13/20","60","9","13231","15"
"Polk","4","164","Georgia","6/13/20","139","25","13233","17.99"
"Pulaski","0","46","Georgia","6/13/20","43","3","13235","6.98"
"Putnam","1","109","Georgia","6/13/20","100","9","13237","9"
"Quitman","0","14","Georgia","6/13/20","13","1","13239","7.69"
"Rabun","1","31","Georgia","6/13/20","26","5","13241","19.23"
"Randolph","1","190","Georgia","6/13/20","183","7","13243","3.83"
"Richmond","6","666","Georgia","6/13/20","627","39","13245","6.22"
"Rockdale","4","338","Georgia","6/13/20","308","30","13247","9.74"
"Schley","0","18","Georgia","6/13/20","19","-1","13249","-5.26"
"Screven","1","62","Georgia","6/13/20","57","5","13251","8.77"
"Seminole","0","48","Georgia","6/13/20","46","2","13253","4.35"
"Spalding","3","313","Georgia","6/13/20","294","19","13255","6.46"
"Stephens","1","152","Georgia","6/13/20","144","8","13257","5.56"
"Stewart","1","62","Georgia","6/13/20","56","6","13259","10.71"
"Sumter","2","506","Georgia","6/13/20","493","13","13261","2.64"
"Talbot","1","45","Georgia","6/13/20","41","4","13263","9.76"
"Taliaferro","0","2","Georgia","6/13/20","1","1","13265","100"
"Tattnall","2","46","Georgia","6/13/20","30","16","13267","53.33"
"Taylor","0","26","Georgia","6/13/20","23","3","13269","13.04"
"Telfair","2","51","Georgia","6/13/20","38","13","13271","34.21"
"Terrell","0","218","Georgia","6/13/20","217","1","13273","0.46"
"Thomas","1","361","Georgia","6/13/20","353","8","13275","2.27"
"Tift","11","385","Georgia","6/13/20","305","80","13277","26.23"
"Toombs","6","101","Georgia","6/13/20","62","39","13279","62.9"
"Towns","0","32","Georgia","6/13/20","30","2","13281","6.67"
"Treutlen","0","17","Georgia","6/13/20","14","3","13283","21.43"
"Troup","45","733","Georgia","6/13/20","416","317","13285","76.2"
"Turner","2","150","Georgia","6/13/20","139","11","13287","7.91"
"Twiggs","0","21","Georgia","6/13/20","18","3","13289","16.67"
"Union","1","53","Georgia","6/13/20","49","4","13291","8.16"
"Upson","1","295","Georgia","6/13/20","290","5","13293","1.72"
"Walker","4","219","Georgia","6/13/20","192","27","13295","14.06"
"Walton","4","324","Georgia","6/13/20","298","26","13297","8.72"
"Ware","3","267","Georgia","6/13/20","247","20","13299","8.1"
"Warren","0","19","Georgia","6/13/20","18","1","13301","5.56"
"Washington","0","76","Georgia","6/13/20","74","2","13303","2.7"
"Wayne","1","35","Georgia","6/13/20","25","10","13305","40"
"Webster","0","14","Georgia","6/13/20","14","0","13307","0"
"Wheeler","1","23","Georgia","6/13/20","14","9","13309","64.29"
"White","2","124","Georgia","6/13/20","113","11","13311","9.73"
"Whitfield","16","575","Georgia","6/13/20","462","113","13313","24.46"
"Wilcox","0","118","Georgia","6/13/20","117","1","13315","0.85"
"Wilkes","0","36","Georgia","6/13/20","34","2","13317","5.88"
"Wilkinson","0","73","Georgia","6/13/20","71","2","13319","2.82"
"Worth","3","256","Georgia","6/13/20","233","23","13321","9.87"
"","0","103","Grand Princess","6/13/20","103","0",,"0"
"","1","183","Guam","6/13/20","179","4",,"2.23"
"Hawaii","0","81","Hawaii","6/13/20","81","0","15001","0"
"Honolulu","7","489","Hawaii","6/13/20","439","50","15003","11.39"
"Kauai","0","21","Hawaii","6/13/20","21","0","15007","0"
"Maui","0","120","Hawaii","6/13/20","120","0","15009","0"
"Out of HI","0","12","Hawaii","6/13/20","12","0","80015","0"
"Ada","6","877","Idaho","6/13/20","838","39","16001","4.65"
"Adams","0","4","Idaho","6/13/20","3","1","16003","33.33"
"Bannock","2","59","Idaho","6/13/20","47","12","16005","25.53"
"Benewah","0","19","Idaho","6/13/20","18","1","16009","5.56"
"Bingham","0","23","Idaho","6/13/20","20","3","16011","15"
"Blaine","0","515","Idaho","6/13/20","514","1","16013","0.19"
"Bonner","0","7","Idaho","6/13/20","6","1","16017","16.67"
"Bonneville","2","73","Idaho","6/13/20","60","13","16019","21.67"
"Camas","0","1","Idaho","6/13/20","1","0","16025","0"
"Canyon","2","356","Idaho","6/13/20","340","16","16027","4.71"
"Caribou","0","3","Idaho","6/13/20","3","0","16029","0"
"Cassia","3","131","Idaho","6/13/20","112","19","16031","16.96"
"Custer","0","2","Idaho","6/13/20","2","0","16037","0"
"Elmore","0","34","Idaho","6/13/20","32","2","16039","6.25"
"Franklin","0","12","Idaho","6/13/20","9","3","16041","33.33"
"Fremont","0","4","Idaho","6/13/20","4","0","16043","0"
"Gem","0","17","Idaho","6/13/20","17","0","16045","0"
"Gooding","0","58","Idaho","6/13/20","56","2","16047","3.57"
"Idaho","0","3","Idaho","6/13/20","3","0","16049","0"
"Jefferson","0","10","Idaho","6/13/20","9","1","16051","11.11"
"Jerome","2","205","Idaho","6/13/20","194","11","16053","5.67"
"Kootenai","2","98","Idaho","6/13/20","82","16","16055","19.51"
"Latah","0","7","Idaho","6/13/20","7","0","16057","0"
"Lemhi","0","1","Idaho","6/13/20","1","0","16059","0"
"Lincoln","0","35","Idaho","6/13/20","34","1","16063","2.94"
"Madison","0","29","Idaho","6/13/20","27","2","16065","7.41"
"Minidoka","4","98","Idaho","6/13/20","72","26","16067","36.11"
"Nez Perce","0","84","Idaho","6/13/20","83","1","16069","1.2"
"Owyhee","0","8","Idaho","6/13/20","8","0","16073","0"
"Payette","0","27","Idaho","6/13/20","26","1","16075","3.85"
"Power","0","9","Idaho","6/13/20","7","2","16077","28.57"
"Teton","0","11","Idaho","6/13/20","11","0","16081","0"
"Twin Falls","5","480","Idaho","6/13/20","445","35","16083","7.87"
"Valley","0","3","Idaho","6/13/20","2","1","16085","50"
"Washington","1","50","Idaho","6/13/20","46","4","16087","8.7"
"Adams","0","45","Illinois","6/13/20","46","-1","17001","-2.17"
"Alexander","0","17","Illinois","6/13/20","15","2","17003","13.33"
"Bond","0","12","Illinois","6/13/20","12","0","17005","0"
"Boone","3","520","Illinois","6/13/20","500","20","17007","4"
"Brown","0","10","Illinois","6/13/20","10","0","17009","0"
"Bureau","0","23","Illinois","6/13/20","21","2","17011","9.52"
"Calhoun","0","1","Illinois","6/13/20","1","0","17013","0"
"Carroll","0","19","Illinois","6/13/20","17","2","17015","11.76"
"Cass","0","75","Illinois","6/13/20","73","2","17017","2.74"
"Champaign","6","724","Illinois","6/13/20","679","45","17019","6.63"
"Christian","0","35","Illinois","6/13/20","35","0","17021","0"
"Clark","0","12","Illinois","6/13/20","11","1","17023","9.09"
"Clay","0","2","Illinois","6/13/20","2","0","17025","0"
"Clinton","2","207","Illinois","6/13/20","193","14","17027","7.25"
"Coles","1","142","Illinois","6/13/20","138","4","17029","2.9"
"Cook","380","84581","Illinois","6/13/20","81924","2657","17031","3.24"
"Crawford","1","17","Illinois","6/13/20","11","6","17033","54.55"
"Cumberland","0","10","Illinois","6/13/20","10","0","17035","0"
"De Witt","0","4","Illinois","6/13/20","4","0","17039","0"
"DeKalb","3","472","Illinois","6/13/20","451","21","17037","4.66"
"Douglas","1","35","Illinois","6/13/20","28","7","17041","25"
"DuPage","49","8389","Illinois","6/13/20","8046","343","17043","4.26"
"Edgar","0","1","Illinois","6/13/20","1","0","17045","0"
"Edwards","0","2","Illinois","6/13/20","2","0","17047","0"
"Effingham","0","8","Illinois","6/13/20","8","0","17049","0"
"Fayette","0","22","Illinois","6/13/20","21","1","17051","4.76"
"Ford","0","22","Illinois","6/13/20","21","1","17053","4.76"
"Franklin","0","12","Illinois","6/13/20","12","0","17055","0"
"Fulton","0","12","Illinois","6/13/20","12","0","17057","0"
"Gallatin","0","2","Illinois","6/13/20","2","0","17059","0"
"Greene","0","7","Illinois","6/13/20","6","1","17061","16.67"
"Grundy","2","129","Illinois","6/13/20","113","16","17063","14.16"
"Hamilton","0","2","Illinois","6/13/20","2","0","17065","0"
"Hancock","0","18","Illinois","6/13/20","17","1","17067","5.88"
"Hardin","0","1","Illinois","6/13/20","1","0","17069","0"
"Henderson","0","8","Illinois","6/13/20","8","0","17071","0"
"Henry","0","72","Illinois","6/13/20","70","2","17073","2.86"
"Iroquois","0","137","Illinois","6/13/20","135","2","17075","1.48"
"Jackson","2","313","Illinois","6/13/20","300","13","17077","4.33"
"Jasper","0","46","Illinois","6/13/20","46","0","17079","0"
"Jefferson","0","103","Illinois","6/13/20","101","2","17081","1.98"
"Jersey","1","28","Illinois","6/13/20","24","4","17083","16.67"
"Jo Daviess","0","34","Illinois","6/13/20","33","1","17085","3.03"
"Johnson","1","19","Illinois","6/13/20","12","7","17087","58.33"
"Kane","46","7055","Illinois","6/13/20","6734","321","17089","4.77"
"Kankakee","10","1071","Illinois","6/13/20","999","72","17091","7.21"
"Kendall","4","873","Illinois","6/13/20","845","28","17093","3.31"
"Knox","1","111","Illinois","6/13/20","103","8","17095","7.77"
"Lake","49","9033","Illinois","6/13/20","8690","343","17097","3.95"
"LaSalle","2","177","Illinois","6/13/20","160","17","17099","10.62"
"Lawrence","0","4","Illinois","6/13/20","4","0","17101","0"
"Lee","0","88","Illinois","6/13/20","88","0","17103","0"
"Livingston","0","37","Illinois","6/13/20","36","1","17105","2.78"
"Logan","0","10","Illinois","6/13/20","10","0","17107","0"
"Macon","1","207","Illinois","6/13/20","202","5","17115","2.48"
"Macoupin","0","46","Illinois","6/13/20","46","0","17117","0"
"Madison","10","707","Illinois","6/13/20","634","73","17119","11.51"
"Marion","0","55","Illinois","6/13/20","55","0","17121","0"
"Marshall","0","5","Illinois","6/13/20","5","0","17123","0"
"Mason","0","18","Illinois","6/13/20","18","0","17125","0"
"Massac","0","7","Illinois","6/13/20","7","0","17127","0"
"McDonough","2","104","Illinois","6/13/20","92","12","17109","13.04"
"McHenry","17","1829","Illinois","6/13/20","1707","122","17111","7.15"
"McLean","2","241","Illinois","6/13/20","226","15","17113","6.64"
"Menard","0","22","Illinois","6/13/20","22","0","17129","0"
"Mercer","0","18","Illinois","6/13/20","18","0","17131","0"
"Monroe","1","109","Illinois","6/13/20","100","9","17133","9"
"Montgomery","0","41","Illinois","6/13/20","41","0","17135","0"
"Morgan","8","105","Illinois","6/13/20","46","59","17137","128.26"
"Moultrie","0","13","Illinois","6/13/20","12","1","17139","8.33"
"Ogle","1","227","Illinois","6/13/20","223","4","17141","1.79"
"Out of IL","0","118","Illinois","6/13/20","115","3","80017","2.61"
"Peoria","11","384","Illinois","6/13/20","309","75","17143","24.27"
"Perry","0","43","Illinois","6/13/20","42","1","17145","2.38"
"Piatt","0","11","Illinois","6/13/20","11","0","17147","0"
"Pike","0","2","Illinois","6/13/20","1","1","17149","100"
"Pope","0","1","Illinois","6/13/20","1","0","17151","0"
"Pulaski","0","59","Illinois","6/13/20","58","1","17153","1.72"
"Putnam","0","1","Illinois","6/13/20","1","0","17155","0"
"Randolph","1","278","Illinois","6/13/20","274","4","17157","1.46"
"Richland","0","4","Illinois","6/13/20","4","0","17159","0"
"Rock Island","6","752","Illinois","6/13/20","711","41","17161","5.77"
"Saline","0","7","Illinois","6/13/20","7","0","17165","0"
"Sangamon","2","376","Illinois","6/13/20","362","14","17167","3.87"
"Schuyler","0","13","Illinois","6/13/20","13","0","17169","0"
"Shelby","0","16","Illinois","6/13/20","16","0","17173","0"
"St. Clair","18","1422","Illinois","6/13/20","1296","126","17163","9.72"
"Stark","0","3","Illinois","6/13/20","3","0","17175","0"
"Stephenson","2","228","Illinois","6/13/20","214","14","17177","6.54"
"Tazewell","1","89","Illinois","6/13/20","81","8","17179","9.88"
"Union","0","172","Illinois","6/13/20","170","2","17181","1.18"
"Vermilion","0","44","Illinois","6/13/20","42","2","17183","4.76"
"Wabash","0","12","Illinois","6/13/20","12","0","17185","0"
"Warren","0","127","Illinois","6/13/20","125","2","17187","1.6"
"Washington","0","19","Illinois","6/13/20","20","-1","17189","-5"
"Wayne","0","9","Illinois","6/13/20","9","0","17191","0"
"White","0","3","Illinois","6/13/20","2","1","17193","50"
"Whiteside","1","162","Illinois","6/13/20","155","7","17195","4.52"
"Will","35","6106","Illinois","6/13/20","5858","248","17197","4.23"
"Williamson","1","82","Illinois","6/13/20","76","6","17199","7.89"
"Winnebago","27","2696","Illinois","6/13/20","2507","189","17201","7.54"
"Woodford","0","23","Illinois","6/13/20","21","2","17203","9.52"
"Adams","0","25","Indiana","6/13/20","22","3","18001","13.64"
"Allen","45","2168","Indiana","6/13/20","1851","317","18003","17.13"
"Bartholomew","2","549","Indiana","6/13/20","532","17","18005","3.2"
"Benton","1","37","Indiana","6/13/20","32","5","18007","15.62"
"Blackford","0","29","Indiana","6/13/20","28","1","18009","3.57"
"Boone","4","358","Indiana","6/13/20","328","30","18011","9.15"
"Brown","0","36","Indiana","6/13/20","34","2","18013","5.88"
"Carroll","0","98","Indiana","6/13/20","96","2","18015","2.08"
"Cass","1","1597","Indiana","6/13/20","1592","5","18017","0.31"
"Clark","3","565","Indiana","6/13/20","545","20","18019","3.67"
"Clay","0","56","Indiana","6/13/20","53","3","18021","5.66"
"Clinton","1","258","Indiana","6/13/20","248","10","18023","4.03"
"Crawford","0","27","Indiana","6/13/20","25","2","18025","8"
"Daviess","1","117","Indiana","6/13/20","107","10","18027","9.35"
"Dearborn","1","179","Indiana","6/13/20","173","6","18029","3.47"
"Decatur","1","236","Indiana","6/13/20","231","5","18031","2.16"
"DeKalb","7","103","Indiana","6/13/20","55","48","18033","87.27"
"Delaware","0","401","Indiana","6/13/20","399","2","18035","0.5"
"Dubois","3","238","Indiana","6/13/20","216","22","18037","10.19"
"Elkhart","56","2030","Indiana","6/13/20","1637","393","18039","24.01"
"Fayette","1","83","Indiana","6/13/20","79","4","18041","5.06"
"Floyd","1","333","Indiana","6/13/20","323","10","18043","3.1"
"Fountain","0","23","Indiana","6/13/20","22","1","18045","4.55"
"Franklin","0","119","Indiana","6/13/20","117","2","18047","1.71"
"Fulton","0","53","Indiana","6/13/20","51","2","18049","3.92"
"Gibson","0","22","Indiana","6/13/20","20","2","18051","10"
"Grant","3","259","Indiana","6/13/20","235","24","18053","10.21"
"Greene","0","177","Indiana","6/13/20","174","3","18055","1.72"
"Hamilton","8","1257","Indiana","6/13/20","1203","54","18057","4.49"
"Hancock","2","374","Indiana","6/13/20","360","14","18059","3.89"
"Harrison","0","198","Indiana","6/13/20","196","2","18061","1.02"
"Hendricks","8","1266","Indiana","6/13/20","1212","54","18063","4.46"
"Henry","2","201","Indiana","6/13/20","186","15","18065","8.06"
"Howard","3","463","Indiana","6/13/20","444","19","18067","4.28"
"Huntington","2","51","Indiana","6/13/20","39","12","18069","30.77"
"Jackson","2","416","Indiana","6/13/20","401","15","18071","3.74"
"Jasper","1","82","Indiana","6/13/20","75","7","18073","9.33"
"Jay","0","61","Indiana","6/13/20","58","3","18075","5.17"
"Jefferson","1","53","Indiana","6/13/20","49","4","18077","8.16"
"Jennings","1","140","Indiana","6/13/20","132","8","18079","6.06"
"Johnson","6","1168","Indiana","6/13/20","1129","39","18081","3.45"
"Knox","0","35","Indiana","6/13/20","32","3","18083","9.38"
"Kosciusko","12","294","Indiana","6/13/20","209","85","18085","40.67"
"LaGrange","16","248","Indiana","6/13/20","139","109","18087","78.42"
"Lake","28","4109","Indiana","6/13/20","3915","194","18089","4.96"
"LaPorte","2","467","Indiana","6/13/20","455","12","18091","2.64"
"Lawrence","1","176","Indiana","6/13/20","171","5","18093","2.92"
"Madison","1","612","Indiana","6/13/20","603","9","18095","1.49"
"Marion","49","10619","Indiana","6/13/20","10276","343","18097","3.34"
"Marshall","13","287","Indiana","6/13/20","196","91","18099","46.43"
"Martin","0","15","Indiana","6/13/20","14","1","18101","7.14"
"Miami","2","163","Indiana","6/13/20","149","14","18103","9.4"
"Monroe","2","185","Indiana","6/13/20","174","11","18105","6.32"
"Montgomery","2","263","Indiana","6/13/20","252","11","18107","4.37"
"Morgan","1","297","Indiana","6/13/20","287","10","18109","3.48"
"Newton","1","87","Indiana","6/13/20","81","6","18111","7.41"
"Noble","5","322","Indiana","6/13/20","286","36","18113","12.59"
"Ohio","0","13","Indiana","6/13/20","13","0","18115","0"
"Orange","0","132","Indiana","6/13/20","131","1","18117","0.76"
"Owen","0","37","Indiana","6/13/20","36","1","18119","2.78"
"Parke","0","20","Indiana","6/13/20","18","2","18121","11.11"
"Perry","6","83","Indiana","6/13/20","41","42","18123","102.44"
"Pike","0","6","Indiana","6/13/20","6","0","18125","0"
"Porter","3","586","Indiana","6/13/20","564","22","18127","3.9"
"Posey","0","18","Indiana","6/13/20","16","2","18129","12.5"
"Pulaski","0","52","Indiana","6/13/20","51","1","18131","1.96"
"Putnam","2","154","Indiana","6/13/20","142","12","18133","8.45"
"Randolph","2","65","Indiana","6/13/20","53","12","18135","22.64"
"Ripley","0","109","Indiana","6/13/20","108","1","18137","0.93"
"Rush","0","50","Indiana","6/13/20","49","1","18139","2.04"
"Scott","2","143","Indiana","6/13/20","128","15","18143","11.72"
"Shelby","1","405","Indiana","6/13/20","397","8","18145","2.02"
"Spencer","0","22","Indiana","6/13/20","22","0","18147","0"
"St. Joseph","19","1512","Indiana","6/13/20","1377","135","18141","9.8"
"Starke","1","51","Indiana","6/13/20","45","6","18149","13.33"
"Steuben","2","103","Indiana","6/13/20","90","13","18151","14.44"
"Sullivan","1","41","Indiana","6/13/20","37","4","18153","10.81"
"Switzerland","0","22","Indiana","6/13/20","21","1","18155","4.76"
"Tippecanoe","5","479","Indiana","6/13/20","441","38","18157","8.62"
"Tipton","0","27","Indiana","6/13/20","26","1","18159","3.85"
"Union","0","12","Indiana","6/13/20","10","2","18161","20"
"Vanderburgh","3","323","Indiana","6/13/20","299","24","18163","8.03"
"Vermillion","0","11","Indiana","6/13/20","10","1","18165","10"
"Vigo","2","198","Indiana","6/13/20","185","13","18167","7.03"
"Wabash","1","88","Indiana","6/13/20","83","5","18169","6.02"
"Warren","0","14","Indiana","6/13/20","13","1","18171","7.69"
"Warrick","1","172","Indiana","6/13/20","167","5","18173","2.99"
"Washington","1","56","Indiana","6/13/20","51","5","18175","9.8"
"Wayne","1","98","Indiana","6/13/20","90","8","18177","8.89"
"Wells","2","53","Indiana","6/13/20","38","15","18179","39.47"
"White","0","242","Indiana","6/13/20","243","-1","18181","-0.41"
"Whitley","2","61","Indiana","6/13/20","48","13","18183","27.08"
"Adair","0","11","Iowa","6/13/20","9","2","19001","22.22"
"Adams","0","7","Iowa","6/13/20","7","0","19003","0"
"Allamakee","0","121","Iowa","6/13/20","120","1","19005","0.83"
"Appanoose","0","16","Iowa","6/13/20","17","-1","19007","-5.88"
"Audubon","0","13","Iowa","6/13/20","13","0","19009","0"
"Benton","0","46","Iowa","6/13/20","43","3","19011","6.98"
"Black Hawk","5","1826","Iowa","6/13/20","1789","37","19013","2.07"
"Boone","3","95","Iowa","6/13/20","72","23","19015","31.94"
"Bremer","0","74","Iowa","6/13/20","71","3","19017","4.23"
"Buchanan","0","35","Iowa","6/13/20","34","1","19019","2.94"
"Buena Vista","64","1563","Iowa","6/13/20","1112","451","19021","40.56"
"Butler","1","20","Iowa","6/13/20","16","4","19023","25"
"Calhoun","1","20","Iowa","6/13/20","11","9","19025","81.82"
"Carroll","4","41","Iowa","6/13/20","16","25","19027","156.25"
"Cass","0","14","Iowa","6/13/20","13","1","19029","7.69"
"Cedar","0","53","Iowa","6/13/20","50","3","19031","6"
"Cerro Gordo","1","42","Iowa","6/13/20","34","8","19033","23.53"
"Cherokee","2","58","Iowa","6/13/20","46","12","19035","26.09"
"Chickasaw","0","15","Iowa","6/13/20","13","2","19037","15.38"
"Clarke","2","87","Iowa","6/13/20","71","16","19039","22.54"
"Clay","5","65","Iowa","6/13/20","29","36","19041","124.14"
"Clayton","0","35","Iowa","6/13/20","34","1","19043","2.94"
"Clinton","0","67","Iowa","6/13/20","65","2","19045","3.08"
"Crawford","6","611","Iowa","6/13/20","567","44","19047","7.76"
"Dallas","8","1016","Iowa","6/13/20","957","59","19049","6.17"
"Davis","1","33","Iowa","6/13/20","28","5","19051","17.86"
"Decatur","0","4","Iowa","6/13/20","2","2","19053","100"
"Delaware","1","27","Iowa","6/13/20","19","8","19055","42.11"
"Des Moines","0","67","Iowa","6/13/20","68","-1","19057","-1.47"
"Dickinson","13","130","Iowa","6/13/20","41","89","19059","217.07"
"Dubuque","3","384","Iowa","6/13/20","362","22","19061","6.08"
"Emmet","1","37","Iowa","6/13/20","28","9","19063","32.14"
"Fayette","0","28","Iowa","6/13/20","27","1","19065","3.7"
"Floyd","0","20","Iowa","6/13/20","19","1","19067","5.26"
"Franklin","3","44","Iowa","6/13/20","25","19","19069","76"
"Fremont","0","4","Iowa","6/13/20","4","0","19071","0"
"Greene","1","21","Iowa","6/13/20","15","6","19073","40"
"Grundy","1","23","Iowa","6/13/20","19","4","19075","21.05"
"Guthrie","0","58","Iowa","6/13/20","55","3","19077","5.45"
"Hamilton","5","118","Iowa","6/13/20","81","37","19079","45.68"
"Hancock","1","27","Iowa","6/13/20","18","9","19081","50"
"Hardin","2","42","Iowa","6/13/20","30","12","19083","40"
"Harrison","2","39","Iowa","6/13/20","26","13","19085","50"
"Henry","0","73","Iowa","6/13/20","74","-1","19087","-1.35"
"Howard","0","12","Iowa","6/13/20","12","0","19089","0"
"Humboldt","2","32","Iowa","6/13/20","20","12","19091","60"
"Ida","0","17","Iowa","6/13/20","15","2","19093","13.33"
"Iowa","0","34","Iowa","6/13/20","33","1","19095","3.03"
"Jackson","0","14","Iowa","6/13/20","14","0","19097","0"
"Jasper","1","279","Iowa","6/13/20","269","10","19099","3.72"
"Jefferson","1","44","Iowa","6/13/20","36","8","19101","22.22"
"Johnson","2","637","Iowa","6/13/20","624","13","19103","2.08"
"Jones","1","41","Iowa","6/13/20","37","4","19105","10.81"
"Keokuk","0","15","Iowa","6/13/20","15","0","19107","0"
"Kossuth","0","17","Iowa","6/13/20","16","1","19109","6.25"
"Lee","1","38","Iowa","6/13/20","30","8","19111","26.67"
"Linn","5","1016","Iowa","6/13/20","981","35","19113","3.57"
"Louisa","1","355","Iowa","6/13/20","350","5","19115","1.43"
"Lucas","0","23","Iowa","6/13/20","22","1","19117","4.55"
"Lyon","1","30","Iowa","6/13/20","25","5","19119","20"
"Madison","1","33","Iowa","6/13/20","29","4","19121","13.79"
"Mahaska","1","107","Iowa","6/13/20","99","8","19123","8.08"
"Marion","1","42","Iowa","6/13/20","35","7","19125","20"
"Marshall","3","941","Iowa","6/13/20","919","22","19127","2.39"
"Mills","0","23","Iowa","6/13/20","20","3","19129","15"
"Mitchell","0","7","Iowa","6/13/20","4","3","19131","75"
"Monona","2","43","Iowa","6/13/20","27","16","19133","59.26"
"Monroe","1","47","Iowa","6/13/20","43","4","19135","9.3"
"Montgomery","0","9","Iowa","6/13/20","9","0","19137","0"
"Muscatine","1","572","Iowa","6/13/20","568","4","19139","0.7"
"O'Brien","3","64","Iowa","6/13/20","46","18","19141","39.13"
"Osceola","2","49","Iowa","6/13/20","37","12","19143","32.43"
"Page","0","16","Iowa","6/13/20","16","0","19145","0"
"Palo Alto","1","13","Iowa","6/13/20","7","6","19147","85.71"
"Plymouth","6","196","Iowa","6/13/20","155","41","19149","26.45"
"Pocahontas","1","30","Iowa","6/13/20","20","10","19151","50"
"Polk","59","5090","Iowa","6/13/20","4679","411","19153","8.78"
"Pottawattamie","23","500","Iowa","6/13/20","341","159","19155","46.63"
"Poweshiek","0","95","Iowa","6/13/20","92","3","19157","3.26"
"Ringgold","1","8","Iowa","6/13/20","4","4","19159","100"
"Sac","1","37","Iowa","6/13/20","30","7","19161","23.33"
"Scott","3","405","Iowa","6/13/20","384","21","19163","5.47"
"Shelby","1","47","Iowa","6/13/20","38","9","19165","23.68"
"Sioux","6","354","Iowa","6/13/20","311","43","19167","13.83"
"Story","13","233","Iowa","6/13/20","143","90","19169","62.94"
"Tama","2","427","Iowa","6/13/20","413","14","19171","3.39"
"Taylor","1","73","Iowa","6/13/20","66","7","19173","10.61"
"Union","0","10","Iowa","6/13/20","10","0","19175","0"
"Van Buren","0","11","Iowa","6/13/20","9","2","19177","22.22"
"Wapello","5","673","Iowa","6/13/20","641","32","19179","4.99"
"Warren","3","192","Iowa","6/13/20","173","19","19181","10.98"
"Washington","1","208","Iowa","6/13/20","199","9","19183","4.52"
"Wayne","0","4","Iowa","6/13/20","2","2","19185","100"
"Webster","3","96","Iowa","6/13/20","78","18","19187","23.08"
"Winnebago","0","12","Iowa","6/13/20","11","1","19189","9.09"
"Winneshiek","0","24","Iowa","6/13/20","24","0","19191","0"
"Woodbury","14","2998","Iowa","6/13/20","2900","98","19193","3.38"
"Worth","0","4","Iowa","6/13/20","3","1","19195","33.33"
"Wright","7","285","Iowa","6/13/20","235","50","19197","21.28"
"Allen","0","2","Kansas","6/13/20","1","1","20001","100"
"Anderson","0","1","Kansas","6/13/20","1","0","20003","0"
"Atchison","0","26","Kansas","6/13/20","23","3","20005","13.04"
"Barber","0","1","Kansas","6/13/20","1","0","20007","0"
"Barton","1","48","Kansas","6/13/20","44","4","20009","9.09"
"Bourbon","0","8","Kansas","6/13/20","8","0","20011","0"
"Brown","0","10","Kansas","6/13/20","7","3","20013","42.86"
"Butler","0","37","Kansas","6/13/20","37","0","20015","0"
"Chase","0","3","Kansas","6/13/20","4","-1","20017","-25"
"Chautauqua","0","4","Kansas","6/13/20","4","0","20019","0"
"Cherokee","1","16","Kansas","6/13/20","10","6","20021","60"
"Cheyenne","0","2","Kansas","6/13/20","2","0","20023","0"
"Clark","0","33","Kansas","6/13/20","33","0","20025","0"
"Clay","0","6","Kansas","6/13/20","5","1","20027","20"
"Cloud","0","5","Kansas","6/13/20","5","0","20029","0"
"Coffey","0","52","Kansas","6/13/20","51","1","20031","1.96"
"Comanche","0","2","Kansas","6/13/20","2","0","20033","0"
"Cowley","3","39","Kansas","6/13/20","17","22","20035","129.41"
"Crawford","2","24","Kansas","6/13/20","8","16","20037","200"
"Dickinson","0","6","Kansas","6/13/20","5","1","20041","20"
"Doniphan","0","20","Kansas","6/13/20","18","2","20043","11.11"
"Douglas","1","79","Kansas","6/13/20","70","9","20045","12.86"
"Edwards","0","5","Kansas","6/13/20","5","0","20047","0"
"Ellis","0","12","Kansas","6/13/20","10","2","20051","20"
"Ellsworth","0","3","Kansas","6/13/20","2","1","20053","50"
"Finney","2","1538","Kansas","6/13/20","1526","12","20055","0.79"
"Ford","3","1842","Kansas","6/13/20","1819","23","20057","1.26"
"Franklin","2","49","Kansas","6/13/20","35","14","20059","40"
"Geary","0","29","Kansas","6/13/20","26","3","20061","11.54"
"Gove","0","1","Kansas","6/13/20","1","0","20063","0"
"Grant","0","18","Kansas","6/13/20","18","0","20067","0"
"Gray","0","23","Kansas","6/13/20","23","0","20069","0"
"Greenwood","0","11","Kansas","6/13/20","9","2","20073","22.22"
"Hamilton","1","27","Kansas","6/13/20","20","7","20075","35"
"Harper","0","2","Kansas","6/13/20","2","0","20077","0"
"Harvey","0","12","Kansas","6/13/20","11","1","20079","9.09"
"Haskell","0","22","Kansas","6/13/20","22","0","20081","0"
"Hodgeman","0","5","Kansas","6/13/20","5","0","20083","0"
"Jackson","0","102","Kansas","6/13/20","102","0","20085","0"
"Jefferson","0","22","Kansas","6/13/20","22","0","20087","0"
"Jewell","0","4","Kansas","6/13/20","4","0","20089","0"
"Johnson","14","1031","Kansas","6/13/20","931","100","20091","10.74"
"Kearny","0","46","Kansas","6/13/20","45","1","20093","2.22"
"Kiowa","0","3","Kansas","6/13/20","3","0","20097","0"
"Labette","1","27","Kansas","6/13/20","22","5","20099","22.73"
"Lane","0","4","Kansas","6/13/20","4","0","20101","0"
"Leavenworth","1","1106","Kansas","6/13/20","1100","6","20103","0.55"
"Linn","0","11","Kansas","6/13/20","11","0","20107","0"
"Lyon","3","406","Kansas","6/13/20","387","19","20111","4.91"
"Marion","0","5","Kansas","6/13/20","5","0","20115","0"
"McPherson","1","38","Kansas","6/13/20","33","5","20113","15.15"
"Meade","0","30","Kansas","6/13/20","30","0","20119","0"
"Miami","1","16","Kansas","6/13/20","7","9","20121","128.57"
"Mitchell","0","4","Kansas","6/13/20","4","0","20123","0"
"Montgomery","0","22","Kansas","6/13/20","20","2","20125","10"
"Morris","0","5","Kansas","6/13/20","5","0","20127","0"
"Morton","0","6","Kansas","6/13/20","6","0","20129","0"
"Nemaha","0","20","Kansas","6/13/20","19","1","20131","5.26"
"Neosho","1","6","Kansas","6/13/20","2","4","20133","200"
"Ness","0","4","Kansas","6/13/20","4","0","20135","0"
"Norton","0","3","Kansas","6/13/20","2","1","20137","50"
"Osage","0","10","Kansas","6/13/20","9","1","20139","11.11"
"Osborne","0","2","Kansas","6/13/20","2","0","20141","0"
"Ottawa","0","4","Kansas","6/13/20","4","0","20143","0"
"Pawnee","0","3","Kansas","6/13/20","2","1","20145","50"
"Phillips","0","2","Kansas","6/13/20","2","0","20147","0"
"Pottawatomie","1","32","Kansas","6/13/20","27","5","20149","18.52"
"Pratt","0","2","Kansas","6/13/20","2","0","20151","0"
"Reno","1","49","Kansas","6/13/20","45","4","20155","8.89"
"Republic","0","4","Kansas","6/13/20","4","0","20157","0"
"Rice","0","4","Kansas","6/13/20","4","0","20159","0"
"Riley","1","74","Kansas","6/13/20","68","6","20161","8.82"
"Rooks","0","6","Kansas","6/13/20","7","-1","20163","-14.29"
"Saline","0","28","Kansas","6/13/20","25","3","20169","12"
"Scott","0","16","Kansas","6/13/20","14","2","20171","14.29"
"Sedgwick","14","739","Kansas","6/13/20","640","99","20173","15.47"
"Seward","5","924","Kansas","6/13/20","891","33","20175","3.7"
"Shawnee","9","438","Kansas","6/13/20","372","66","20177","17.74"
"Sheridan","0","2","Kansas","6/13/20","2","0","20179","0"
"Sherman","0","7","Kansas","6/13/20","7","0","20181","0"
"Smith","0","2","Kansas","6/13/20","2","0","20183","0"
"Stafford","0","1","Kansas","6/13/20","1","0","20185","0"
"Stanton","0","9","Kansas","6/13/20","10","-1","20187","-10"
"Stevens","0","31","Kansas","6/13/20","30","1","20189","3.33"
"Sumner","0","9","Kansas","6/13/20","8","1","20191","12.5"
"Trego","0","1","Kansas","6/13/20","1","0","20195","0"
"Wabaunsee","0","31","Kansas","6/13/20","31","0","20197","0"
"Washington","0","1","Kansas","6/13/20","0","1","20201","1"
"Wilson","0","1","Kansas","6/13/20","1","0","20205","0"
"Woodson","0","6","Kansas","6/13/20","6","0","20207","0"
"Wyandotte","22","1638","Kansas","6/13/20","1486","152","20209","10.23"
"Adair","0","101","Kentucky","6/13/20","99","2","21001","2.02"
"Allen","4","132","Kentucky","6/13/20","102","30","21003","29.41"
"Anderson","0","25","Kentucky","6/13/20","25","0","21005","0"
"Ballard","0","14","Kentucky","6/13/20","13","1","21007","7.69"
"Barren","2","65","Kentucky","6/13/20","53","12","21009","22.64"
"Bath","0","10","Kentucky","6/13/20","9","1","21011","11.11"
"Bell","0","4","Kentucky","6/13/20","2","2","21013","100"
"Boone","3","539","Kentucky","6/13/20","516","23","21015","4.46"
"Bourbon","1","24","Kentucky","6/13/20","14","10","21017","71.43"
"Boyd","0","44","Kentucky","6/13/20","42","2","21019","4.76"
"Boyle","0","30","Kentucky","6/13/20","28","2","21021","7.14"
"Bracken","0","14","Kentucky","6/13/20","14","0","21023","0"
"Breathitt","0","3","Kentucky","6/13/20","3","0","21025","0"
"Breckinridge","1","23","Kentucky","6/13/20","19","4","21027","21.05"
"Bullitt","1","131","Kentucky","6/13/20","121","10","21029","8.26"
"Butler","1","243","Kentucky","6/13/20","237","6","21031","2.53"
"Caldwell","0","12","Kentucky","6/13/20","12","0","21033","0"
"Calloway","0","57","Kentucky","6/13/20","55","2","21035","3.64"
"Campbell","2","207","Kentucky","6/13/20","196","11","21037","5.61"
"Carlisle","0","5","Kentucky","6/13/20","5","0","21039","0"
"Carroll","0","17","Kentucky","6/13/20","15","2","21041","13.33"
"Carter","0","18","Kentucky","6/13/20","17","1","21043","5.88"
"Casey","0","10","Kentucky","6/13/20","8","2","21045","25"
"Christian","2","138","Kentucky","6/13/20","127","11","21047","8.66"
"Clark","2","73","Kentucky","6/13/20","58","15","21049","25.86"
"Clay","1","13","Kentucky","6/13/20","8","5","21051","62.5"
"Clinton","0","5","Kentucky","6/13/20","5","0","21053","0"
"Crittenden","0","7","Kentucky","6/13/20","7","0","21055","0"
"Cumberland","0","5","Kentucky","6/13/20","5","0","21057","0"
"Daviess","2","353","Kentucky","6/13/20","340","13","21059","3.82"
"Edmonson","1","65","Kentucky","6/13/20","58","7","21061","12.07"
"Elliott","0","1","Kentucky","6/13/20","1","0","21063","0"
"Estill","1","5","Kentucky","6/13/20","1","4","21065","400"
"Fayette","25","1026","Kentucky","6/13/20","854","172","21067","20.14"
"Fleming","0","4","Kentucky","6/13/20","2","2","21069","100"
"Floyd","0","19","Kentucky","6/13/20","17","2","21071","11.76"
"Franklin","3","96","Kentucky","6/13/20","77","19","21073","24.68"
"Fulton","0","12","Kentucky","6/13/20","11","1","21075","9.09"
"Gallatin","2","57","Kentucky","6/13/20","46","11","21077","23.91"
"Garrard","1","10","Kentucky","6/13/20","5","5","21079","100"
"Grant","1","53","Kentucky","6/13/20","47","6","21081","12.77"
"Graves","1","173","Kentucky","6/13/20","166","7","21083","4.22"
"Grayson","0","137","Kentucky","6/13/20","135","2","21085","1.48"
"Green","0","3","Kentucky","6/13/20","2","1","21087","50"
"Greenup","0","16","Kentucky","6/13/20","14","2","21089","14.29"
"Hancock","0","9","Kentucky","6/13/20","7","2","21091","28.57"
"Hardin","2","133","Kentucky","6/13/20","120","13","21093","10.83"
"Harlan","1","11","Kentucky","6/13/20","4","7","21095","175"
"Harrison","1","34","Kentucky","6/13/20","28","6","21097","21.43"
"Hart","0","30","Kentucky","6/13/20","27","3","21099","11.11"
"Henderson","1","129","Kentucky","6/13/20","119","10","21101","8.4"
"Henry","0","26","Kentucky","6/13/20","24","2","21103","8.33"
"Hickman","0","5","Kentucky","6/13/20","5","0","21105","0"
"Hopkins","1","228","Kentucky","6/13/20","224","4","21107","1.79"
"Jackson","0","63","Kentucky","6/13/20","61","2","21109","3.28"
"Jefferson","40","3323","Kentucky","6/13/20","3043","280","21111","9.2"
"Jessamine","1","82","Kentucky","6/13/20","73","9","21113","12.33"
"Johnson","0","6","Kentucky","6/13/20","5","1","21115","20"
"Kenton","3","690","Kentucky","6/13/20","671","19","21117","2.83"
"Knott","0","4","Kentucky","6/13/20","4","0","21119","0"
"Knox","0","11","Kentucky","6/13/20","10","1","21121","10"
"Larue","0","11","Kentucky","6/13/20","11","0","21123","0"
"Laurel","1","29","Kentucky","6/13/20","21","8","21125","38.1"
"Lawrence","0","5","Kentucky","6/13/20","5","0","21127","0"
"Lee","0","1","Kentucky","6/13/20","1","0","21129","0"
"Leslie","0","6","Kentucky","6/13/20","6","0","21131","0"
"Letcher","0","3","Kentucky","6/13/20","3","0","21133","0"
"Lewis","1","13","Kentucky","6/13/20","7","6","21135","85.71"
"Lincoln","1","15","Kentucky","6/13/20","11","4","21137","36.36"
"Livingston","0","9","Kentucky","6/13/20","9","0","21139","0"
"Logan","4","195","Kentucky","6/13/20","168","27","21141","16.07"
"Lyon","0","18","Kentucky","6/13/20","17","1","21143","5.88"
"Madison","2","76","Kentucky","6/13/20","59","17","21151","28.81"
"Magoffin","0","4","Kentucky","6/13/20","2","2","21153","100"
"Marion","1","42","Kentucky","6/13/20","34","8","21155","23.53"
"Marshall","1","41","Kentucky","6/13/20","37","4","21157","10.81"
"Martin","0","3","Kentucky","6/13/20","3","0","21159","0"
"Mason","1","16","Kentucky","6/13/20","12","4","21161","33.33"
"McCracken","1","117","Kentucky","6/13/20","112","5","21145","4.46"
"McCreary","0","13","Kentucky","6/13/20","13","0","21147","0"
"McLean","0","23","Kentucky","6/13/20","22","1","21149","4.55"
"Meade","0","24","Kentucky","6/13/20","23","1","21163","4.35"
"Menifee","0","10","Kentucky","6/13/20","10","0","21165","0"
"Mercer","0","16","Kentucky","6/13/20","15","1","21167","6.67"
"Metcalfe","0","7","Kentucky","6/13/20","7","0","21169","0"
"Monroe","1","29","Kentucky","6/13/20","25","4","21171","16"
"Montgomery","1","37","Kentucky","6/13/20","30","7","21173","23.33"
"Morgan","0","6","Kentucky","6/13/20","3","3","21175","100"
"Muhlenberg","-1","481","Kentucky","6/13/20","485","-4","21177","-0.82"
"Nelson","0","48","Kentucky","6/13/20","45","3","21179","6.67"
"Nicholas","0","4","Kentucky","6/13/20","4","0","21181","0"
"Ohio","2","162","Kentucky","6/13/20","151","11","21183","7.28"
"Oldham","1","113","Kentucky","6/13/20","109","4","21185","3.67"
"Owen","0","4","Kentucky","6/13/20","3","1","21187","33.33"
"Owsley","0","2","Kentucky","6/13/20","2","0","21189","0"
"Pendleton","0","14","Kentucky","6/13/20","14","0","21191","0"
"Perry","0","23","Kentucky","6/13/20","22","1","21193","4.55"
"Pike","2","47","Kentucky","6/13/20","36","11","21195","30.56"
"Powell","0","4","Kentucky","6/13/20","1","3","21197","300"
"Pulaski","1","71","Kentucky","6/13/20","65","6","21199","9.23"
"Rockcastle","0","14","Kentucky","6/13/20","13","1","21203","7.69"
"Rowan","1","13","Kentucky","6/13/20","8","5","21205","62.5"
"Russell","1","37","Kentucky","6/13/20","30","7","21207","23.33"
"Scott","1","41","Kentucky","6/13/20","37","4","21209","10.81"
"Shelby","7","268","Kentucky","6/13/20","216","52","21211","24.07"
"Simpson","1","59","Kentucky","6/13/20","54","5","21213","9.26"
"Spencer","0","26","Kentucky","6/13/20","25","1","21215","4"
"Taylor","0","16","Kentucky","6/13/20","13","3","21217","23.08"
"Todd","0","23","Kentucky","6/13/20","23","0","21219","0"
"Trigg","1","17","Kentucky","6/13/20","11","6","21221","54.55"
"Trimble","0","4","Kentucky","6/13/20","6","-2","21223","-33.33"
"Union","0","17","Kentucky","6/13/20","15","2","21225","13.33"
"Warren","19","1248","Kentucky","6/13/20","1112","136","21227","12.23"
"Washington","1","14","Kentucky","6/13/20","8","6","21229","75"
"Wayne","0","10","Kentucky","6/13/20","9","1","21231","11.11"
"Webster","0","36","Kentucky","6/13/20","34","2","21233","5.88"
"Whitley","1","17","Kentucky","6/13/20","13","4","21235","30.77"
"Wolfe","0","1","Kentucky","6/13/20","1","0","21237","0"
"Woodford","2","48","Kentucky","6/13/20","33","15","21239","45.45"
"Acadia","11","577","Louisiana","6/13/20","500","77","22001","15.4"
"Allen","3","210","Louisiana","6/13/20","186","24","22003","12.9"
"Ascension","8","931","Louisiana","6/13/20","876","55","22005","6.28"
"Assumption","1","263","Louisiana","6/13/20","254","9","22007","3.54"
"Avoyelles","4","184","Louisiana","6/13/20","155","29","22009","18.71"
"Beauregard","5","134","Louisiana","6/13/20","102","32","22011","31.37"
"Bienville","3","172","Louisiana","6/13/20","152","20","22013","13.16"
"Bossier","6","494","Louisiana","6/13/20","453","41","22015","9.05"
"Caddo","17","2830","Louisiana","6/13/20","2713","117","22017","4.31"
"Calcasieu","16","741","Louisiana","6/13/20","632","109","22019","17.25"
"Caldwell","1","79","Louisiana","6/13/20","71","8","22021","11.27"
"Cameron","0","11","Louisiana","6/13/20","9","2","22023","22.22"
"Catahoula","1","130","Louisiana","6/13/20","120","10","22025","8.33"
"Claiborne","1","76","Louisiana","6/13/20","66","10","22027","15.15"
"Concordia","1","105","Louisiana","6/13/20","96","9","22029","9.38"
"De Soto","1","270","Louisiana","6/13/20","262","8","22031","3.05"
"East Baton Rouge","41","4197","Louisiana","6/13/20","3911","286","22033","7.31"
"East Carroll","5","222","Louisiana","6/13/20","187","35","22035","18.72"
"East Feliciana","3","225","Louisiana","6/13/20","201","24","22037","11.94"
"Evangeline","1","89","Louisiana","6/13/20","82","7","22039","8.54"
"Franklin","4","415","Louisiana","6/13/20","384","31","22041","8.07"
"Grant","3","58","Louisiana","6/13/20","36","22","22043","61.11"
"Iberia","5","459","Louisiana","6/13/20","424","35","22045","8.25"
"Iberville","2","610","Louisiana","6/13/20","593","17","22047","2.87"
"Jackson","4","158","Louisiana","6/13/20","130","28","22049","21.54"
"Jefferson","73","8339","Louisiana","6/13/20","7831","508","22051","6.49"
"Jefferson Davis","6","131","Louisiana","6/13/20","89","42","22053","47.19"
"Lafayette","39","1140","Louisiana","6/13/20","866","274","22055","31.64"
"Lafourche","10","968","Louisiana","6/13/20","896","72","22057","8.04"
"LaSalle","2","76","Louisiana","6/13/20","59","17","22059","28.81"
"Lincoln","8","227","Louisiana","6/13/20","169","58","22061","34.32"
"Livingston","9","525","Louisiana","6/13/20","460","65","22063","14.13"
"Madison","9","261","Louisiana","6/13/20","199","62","22065","31.16"
"Morehouse","3","153","Louisiana","6/13/20","133","20","22067","15.04"
"Natchitoches","2","191","Louisiana","6/13/20","175","16","22069","9.14"
"Orleans","22","7374","Louisiana","6/13/20","7222","152","22071","2.1"
"Ouachita","45","1744","Louisiana","6/13/20","1432","312","22073","21.79"
"Plaquemines","1","228","Louisiana","6/13/20","218","10","22075","4.59"
"Pointe Coupee","1","218","Louisiana","6/13/20","212","6","22077","2.83"
"Rapides","29","1132","Louisiana","6/13/20","926","206","22079","22.25"
"Red River","0","52","Louisiana","6/13/20","51","1","22081","1.96"
"Richland","2","163","Louisiana","6/13/20","149","14","22083","9.4"
"Sabine","1","59","Louisiana","6/13/20","51","8","22085","15.69"
"St. Bernard","3","568","Louisiana","6/13/20","549","19","22087","3.46"
"St. Charles","1","656","Louisiana","6/13/20","649","7","22089","1.08"
"St. Helena","0","58","Louisiana","6/13/20","55","3","22091","5.45"
"St. James","1","308","Louisiana","6/13/20","304","4","22093","1.32"
"St. John the Baptist","2","889","Louisiana","6/13/20","875","14","22095","1.6"
"St. Landry","7","358","Louisiana","6/13/20","309","49","22097","15.86"
"St. Martin","8","340","Louisiana","6/13/20","285","55","22099","19.3"
"St. Mary","2","353","Louisiana","6/13/20","337","16","22101","4.75"
"St. Tammany","13","1931","Louisiana","6/13/20","1837","94","22103","5.12"
"Tangipahoa","15","1039","Louisiana","6/13/20","935","104","22105","11.12"
"Tensas","0","22","Louisiana","6/13/20","21","1","22107","4.76"
"Terrebonne","8","792","Louisiana","6/13/20","738","54","22109","7.32"
"Union","9","409","Louisiana","6/13/20","344","65","22111","18.9"
"Vermilion","3","79","Louisiana","6/13/20","61","18","22113","29.51"
"Vernon","3","51","Louisiana","6/13/20","33","18","22115","54.55"
"Washington","9","528","Louisiana","6/13/20","462","66","22117","14.29"
"Webster","9","242","Louisiana","6/13/20","179","63","22119","35.2"
"West Baton Rouge","3","202","Louisiana","6/13/20","183","19","22121","10.38"
"West Carroll","4","104","Louisiana","6/13/20","74","30","22123","40.54"
"West Feliciana","1","229","Louisiana","6/13/20","220","9","22125","4.09"
"Winn","4","211","Louisiana","6/13/20","183","28","22127","15.3"
"Androscoggin","10","419","Maine","6/13/20","346","73","23001","21.1"
"Aroostook","0","10","Maine","6/13/20","10","0","23003","0"
"Cumberland","18","1414","Maine","6/13/20","1290","124","23005","9.61"
"Franklin","0","37","Maine","6/13/20","36","1","23007","2.78"
"Hancock","0","13","Maine","6/13/20","12","1","23009","8.33"
"Kennebec","1","136","Maine","6/13/20","130","6","23011","4.62"
"Knox","0","22","Maine","6/13/20","21","1","23013","4.76"
"Lincoln","0","21","Maine","6/13/20","20","1","23015","5"
"Oxford","0","31","Maine","6/13/20","32","-1","23017","-3.12"
"Penobscot","0","102","Maine","6/13/20","101","1","23019","0.99"
"Piscataquis","0","1","Maine","6/13/20","1","0","23021","0"
"Sagadahoc","0","30","Maine","6/13/20","30","0","23023","0"
"Somerset","0","25","Maine","6/13/20","22","3","23025","13.64"
"Waldo","0","55","Maine","6/13/20","52","3","23027","5.77"
"Washington","0","1","Maine","6/13/20","1","0","23029","0"
"York","3","438","Maine","6/13/20","420","18","23031","4.29"
"Allegany","0","187","Maryland","6/13/20","184","3","24001","1.63"
"Anne Arundel","45","4522","Maryland","6/13/20","4210","312","24003","7.41"
"Baltimore","59","7107","Maryland","6/13/20","6696","411","24005","6.14"
"Baltimore City","70","6633","Maryland","6/13/20","6141","492","24510","8.01"
"Calvert","3","373","Maryland","6/13/20","354","19","24009","5.37"
"Caroline","2","282","Maryland","6/13/20","270","12","24011","4.44"
"Carroll","5","983","Maryland","6/13/20","950","33","24013","3.47"
"Cecil","6","439","Maryland","6/13/20","399","40","24015","10.03"
"Charles","10","1264","Maryland","6/13/20","1196","68","24017","5.69"
"Dorchester","1","161","Maryland","6/13/20","154","7","24019","4.55"
"Frederick","22","2251","Maryland","6/13/20","2100","151","24021","7.19"
"Garrett","0","10","Maryland","6/13/20","10","0","24023","0"
"Harford","8","1004","Maryland","6/13/20","947","57","24025","6.02"
"Howard","40","2371","Maryland","6/13/20","2094","277","24027","13.23"
"Kent","1","192","Maryland","6/13/20","185","7","24029","3.78"
"Montgomery","130","13534","Maryland","6/13/20","12624","910","24031","7.21"
"Prince George's","129","17216","Maryland","6/13/20","16316","900","24033","5.52"
"Queen Anne's","2","179","Maryland","6/13/20","168","11","24035","6.55"
"Somerset","0","79","Maryland","6/13/20","76","3","24039","3.95"
"St. Mary's","4","578","Maryland","6/13/20","548","30","24037","5.47"
"Talbot","0","107","Maryland","6/13/20","108","-1","24041","-0.93"
"Washington","4","570","Maryland","6/13/20","545","25","24043","4.59"
"Wicomico","5","1010","Maryland","6/13/20","975","35","24045","3.59"
"Worcester","3","253","Maryland","6/13/20","232","21","24047","9.05"
"Barnstable","5","1486","Massachusetts","6/13/20","1450","36","25001","2.48"
"Berkshire","1","580","Massachusetts","6/13/20","573","7","25003","1.22"
"Bristol","39","7906","Massachusetts","6/13/20","7635","271","25005","3.55"
"Dukes and Nantucket","0","55","Massachusetts","6/13/20","55","0","00000","0"
"Essex","58","15573","Massachusetts","6/13/20","15170","403","25009","2.66"
"Franklin","2","353","Massachusetts","6/13/20","338","15","25011","4.44"
"Hampden","18","6460","Massachusetts","6/13/20","6337","123","25013","1.94"
"Hampshire","2","921","Massachusetts","6/13/20","904","17","25015","1.88"
"Middlesex","67","23156","Massachusetts","6/13/20","22686","470","25017","2.07"
"Norfolk","24","8860","Massachusetts","6/13/20","8689","171","25021","1.97"
"Plymouth","19","8478","Massachusetts","6/13/20","8347","131","25023","1.57"
"Suffolk","49","19299","Massachusetts","6/13/20","18955","344","25025","1.81"
"Worcester","38","11961","Massachusetts","6/13/20","11696","265","25027","2.27"
"Alcona","0","21","Michigan","6/13/20","20","1","26001","5"
"Alger","0","1","Michigan","6/13/20","0","1","26003","1"
"Allegan","1","283","Michigan","6/13/20","273","10","26005","3.66"
"Alpena","0","114","Michigan","6/13/20","112","2","26007","1.79"
"Antrim","0","14","Michigan","6/13/20","14","0","26009","0"
"Arenac","0","38","Michigan","6/13/20","38","0","26011","0"
"Baraga","0","1","Michigan","6/13/20","1","0","26013","0"
"Barry","1","91","Michigan","6/13/20","87","4","26015","4.6"
"Bay","1","376","Michigan","6/13/20","370","6","26017","1.62"
"Benzie","0","5","Michigan","6/13/20","5","0","26019","0"
"Berrien","3","822","Michigan","6/13/20","802","20","26021","2.49"
"Branch","2","164","Michigan","6/13/20","153","11","26023","7.19"
"Calhoun","3","484","Michigan","6/13/20","466","18","26025","3.86"
"Cass","1","114","Michigan","6/13/20","110","4","26027","3.64"
"Charlevoix","0","20","Michigan","6/13/20","19","1","26029","5.26"
"Cheboygan","0","26","Michigan","6/13/20","26","0","26031","0"
"Chippewa","0","3","Michigan","6/13/20","3","0","26033","0"
"Clare","0","24","Michigan","6/13/20","24","0","26035","0"
"Clinton","1","188","Michigan","6/13/20","184","4","26037","2.17"
"Crawford","0","63","Michigan","6/13/20","63","0","26039","0"
"Delta","0","21","Michigan","6/13/20","20","1","26041","5"
"Dickinson","0","7","Michigan","6/13/20","6","1","26043","16.67"
"Eaton","1","256","Michigan","6/13/20","251","5","26045","1.99"
"Emmet","0","26","Michigan","6/13/20","26","0","26047","0"
"Federal Correctional Institution (FCI)","1","164","Michigan","6/13/20","156","8","00000","5.13"
"Genesee","3","2573","Michigan","6/13/20","2551","22","26049","0.86"
"Gladwin","0","20","Michigan","6/13/20","19","1","26051","5.26"
"Gogebic","0","5","Michigan","6/13/20","5","0","26053","0"
"Grand Traverse","0","36","Michigan","6/13/20","34","2","26055","5.88"
"Gratiot","0","91","Michigan","6/13/20","88","3","26057","3.41"
"Hillsdale","0","179","Michigan","6/13/20","179","0","26059","0"
"Houghton","0","8","Michigan","6/13/20","7","1","26061","14.29"
"Huron","0","60","Michigan","6/13/20","58","2","26063","3.45"
"Ingham","2","824","Michigan","6/13/20","807","17","26065","2.11"
"Ionia","0","179","Michigan","6/13/20","176","3","26067","1.7"
"Iosco","0","112","Michigan","6/13/20","110","2","26069","1.82"
"Iron","0","2","Michigan","6/13/20","2","0","26071","0"
"Isabella","0","96","Michigan","6/13/20","94","2","26073","2.13"
"Jackson","1","486","Michigan","6/13/20","482","4","26075","0.83"
"Kalamazoo","3","952","Michigan","6/13/20","934","18","26077","1.93"
"Kalkaska","0","30","Michigan","6/13/20","30","0","26079","0"
"Kent","29","4427","Michigan","6/13/20","4222","205","26081","4.86"
"Keweenaw","0","1","Michigan","6/13/20","0","1","26083","1"
"Lake","0","7","Michigan","6/13/20","7","0","26085","0"
"Lapeer","0","228","Michigan","6/13/20","225","3","26087","1.33"
"Leelanau","0","12","Michigan","6/13/20","11","1","26089","9.09"
"Lenawee","1","195","Michigan","6/13/20","191","4","26091","2.09"
"Livingston","0","520","Michigan","6/13/20","517","3","26093","0.58"
"Luce","0","3","Michigan","6/13/20","3","0","26095","0"
"Mackinac","0","8","Michigan","6/13/20","8","0","26097","0"
"Macomb","7","7035","Michigan","6/13/20","6989","46","26099","0.66"
"Manistee","0","12","Michigan","6/13/20","12","0","26101","0"
"Marquette","0","59","Michigan","6/13/20","59","0","26103","0"
"Mason","0","38","Michigan","6/13/20","38","0","26105","0"
"Mecosta","0","25","Michigan","6/13/20","24","1","26107","4.17"
"Menominee","0","9","Michigan","6/13/20","9","0","26109","0"
"Michigan Department of Corrections (MDOC)","1","4128","Michigan","6/13/20","4120","8","00000","0.19"
"Midland","2","152","Michigan","6/13/20","137","15","26111","10.95"
"Missaukee","0","23","Michigan","6/13/20","22","1","26113","4.55"
"Monroe","1","568","Michigan","6/13/20","559","9","26115","1.61"
"Montcalm","0","80","Michigan","6/13/20","79","1","26117","1.27"
"Montmorency","0","5","Michigan","6/13/20","5","0","26119","0"
"Muskegon","3","734","Michigan","6/13/20","715","19","26121","2.66"
"Newaygo","1","126","Michigan","6/13/20","122","4","26123","3.28"
"Oakland","12","11298","Michigan","6/13/20","11215","83","26125","0.74"
"Oceana","1","107","Michigan","6/13/20","102","5","26127","4.9"
"Ogemaw","0","32","Michigan","6/13/20","31","1","26129","3.23"
"Osceola","0","21","Michigan","6/13/20","18","3","26133","16.67"
"Oscoda","0","8","Michigan","6/13/20","8","0","26135","0"
"Otsego","0","120","Michigan","6/13/20","120","0","26137","0"
"Ottawa","4","927","Michigan","6/13/20","899","28","26139","3.11"
"Out of MI","3","44","Michigan","6/13/20","22","22","80026","100"
"Presque Isle","0","12","Michigan","6/13/20","11","1","26141","9.09"
"Roscommon","0","25","Michigan","6/13/20","24","1","26143","4.17"
"Saginaw","2","1151","Michigan","6/13/20","1136","15","26145","1.32"
"Sanilac","0","44","Michigan","6/13/20","42","2","26151","4.76"
"Schoolcraft","0","4","Michigan","6/13/20","4","0","26153","0"
"Shiawassee","0","264","Michigan","6/13/20","261","3","26155","1.15"
"St. Clair","0","516","Michigan","6/13/20","513","3","26147","0.58"
"St. Joseph","2","175","Michigan","6/13/20","158","17","26149","10.76"
"Tuscola","1","209","Michigan","6/13/20","205","4","26157","1.95"
"Van Buren","2","202","Michigan","6/13/20","189","13","26159","6.88"
"Washtenaw","3","1567","Michigan","6/13/20","1545","22","26161","1.42"
"Wayne","28","21711","Michigan","6/13/20","21512","199","26163","0.93"
"Wexford","0","16","Michigan","6/13/20","14","2","26165","14.29"
"Aitkin","0","13","Minnesota","6/13/20","12","1","27001","8.33"
"Anoka","23","1716","Minnesota","6/13/20","1555","161","27003","10.35"
"Becker","1","49","Minnesota","6/13/20","44","5","27005","11.36"
"Beltrami","0","21","Minnesota","6/13/20","20","1","27007","5"
"Benton","0","190","Minnesota","6/13/20","187","3","27009","1.6"
"Big Stone","0","13","Minnesota","6/13/20","11","2","27011","18.18"
"Blue Earth","1","161","Minnesota","6/13/20","151","10","27013","6.62"
"Brown","0","19","Minnesota","6/13/20","17","2","27015","11.76"
"Carlton","1","80","Minnesota","6/13/20","75","5","27017","6.67"
"Carver","3","269","Minnesota","6/13/20","247","22","27019","8.91"
"Cass","0","11","Minnesota","6/13/20","11","0","27021","0"
"Chippewa","0","55","Minnesota","6/13/20","52","3","27023","5.77"
"Chisago","1","78","Minnesota","6/13/20","70","8","27025","11.43"
"Clay","7","507","Minnesota","6/13/20","457","50","27027","10.94"
"Clearwater","0","3","Minnesota","6/13/20","3","0","27029","0"
"Cook","0","1","Minnesota","6/13/20","0","1","27031","1"
"Cottonwood","3","104","Minnesota","6/13/20","86","18","27033","20.93"
"Crow Wing","1","90","Minnesota","6/13/20","82","8","27035","9.76"
"Dakota","29","1682","Minnesota","6/13/20","1481","201","27037","13.57"
"Dodge","1","59","Minnesota","6/13/20","55","4","27039","7.27"
"Douglas","0","49","Minnesota","6/13/20","46","3","27041","6.52"
"Faribault","0","26","Minnesota","6/13/20","23","3","27043","13.04"
"Fillmore","0","20","Minnesota","6/13/20","18","2","27045","11.11"
"Freeborn","7","218","Minnesota","6/13/20","170","48","27047","28.24"
"Goodhue","2","93","Minnesota","6/13/20","76","17","27049","22.37"
"Grant","0","6","Minnesota","6/13/20","4","2","27051","50"
"Hennepin","116","10069","Minnesota","6/13/20","9255","814","27053","8.8"
"Houston","0","5","Minnesota","6/13/20","3","2","27055","66.67"
"Hubbard","0","5","Minnesota","6/13/20","3","2","27057","66.67"
"Isanti","2","49","Minnesota","6/13/20","37","12","27059","32.43"
"Itasca","0","58","Minnesota","6/13/20","56","2","27061","3.57"
"Jackson","1","46","Minnesota","6/13/20","42","4","27063","9.52"
"Kanabec","0","13","Minnesota","6/13/20","12","1","27065","8.33"
"Kandiyohi","4","544","Minnesota","6/13/20","517","27","27067","5.22"
"Kittson","0","1","Minnesota","6/13/20","1","0","27069","0"
"Koochiching","0","9","Minnesota","6/13/20","9","0","27071","0"
"Lac qui Parle","0","3","Minnesota","6/13/20","3","0","27073","0"
"Lake","0","1","Minnesota","6/13/20","1","0","27075","0"
"Le Sueur","1","52","Minnesota","6/13/20","48","4","27079","8.33"
"Lincoln","0","6","Minnesota","6/13/20","6","0","27081","0"
"Lyon","13","199","Minnesota","6/13/20","110","89","27083","80.91"
"Mahnomen","0","6","Minnesota","6/13/20","6","0","27087","0"
"Marshall","0","12","Minnesota","6/13/20","12","0","27089","0"
"Martin","1","143","Minnesota","6/13/20","137","6","27091","4.38"
"McLeod","2","54","Minnesota","6/13/20","43","11","27085","25.58"
"Meeker","0","49","Minnesota","6/13/20","46","3","27093","6.52"
"Mille Lacs","1","28","Minnesota","6/13/20","24","4","27095","16.67"
"Morrison","1","54","Minnesota","6/13/20","49","5","27097","10.2"
"Mower","23","640","Minnesota","6/13/20","482","158","27099","32.78"
"Murray","0","43","Minnesota","6/13/20","41","2","27101","4.88"
"Nicollet","1","95","Minnesota","6/13/20","89","6","27103","6.74"
"Nobles","5","1618","Minnesota","6/13/20","1585","33","27105","2.08"
"Norman","0","17","Minnesota","6/13/20","15","2","27107","13.33"
"Olmsted","11","775","Minnesota","6/13/20","699","76","27109","10.87"
"Otter Tail","1","83","Minnesota","6/13/20","75","8","27111","10.67"
"Pennington","3","50","Minnesota","6/13/20","31","19","27113","61.29"
"Pine","0","95","Minnesota","6/13/20","93","2","27115","2.15"
"Pipestone","0","15","Minnesota","6/13/20","13","2","27117","15.38"
"Polk","1","67","Minnesota","6/13/20","63","4","27119","6.35"
"Pope","0","10","Minnesota","6/13/20","10","0","27121","0"
"Ramsey","62","3882","Minnesota","6/13/20","3445","437","27123","12.69"
"Red Lake","0","4","Minnesota","6/13/20","4","0","27125","0"
"Redwood","0","10","Minnesota","6/13/20","7","3","27127","42.86"
"Renville","1","11","Minnesota","6/13/20","7","4","27129","57.14"
"Rice","18","688","Minnesota","6/13/20","565","123","27131","21.77"
"Rock","0","23","Minnesota","6/13/20","23","0","27133","0"
"Roseau","0","6","Minnesota","6/13/20","3","3","27135","100"
"Scott","6","526","Minnesota","6/13/20","483","43","27139","8.9"
"Sherburne","2","267","Minnesota","6/13/20","253","14","27141","5.53"
"Sibley","1","25","Minnesota","6/13/20","17","8","27143","47.06"
"St. Louis","1","123","Minnesota","6/13/20","119","4","27137","3.36"
"Stearns","5","2100","Minnesota","6/13/20","2063","37","27145","1.79"
"Steele","1","175","Minnesota","6/13/20","171","4","27147","2.34"
"Stevens","0","1","Minnesota","6/13/20","1","0","27149","0"
"Swift","0","19","Minnesota","6/13/20","19","0","27151","0"
"Todd","4","372","Minnesota","6/13/20","346","26","27153","7.51"
"Traverse","0","5","Minnesota","6/13/20","5","0","27155","0"
"Wabasha","0","21","Minnesota","6/13/20","20","1","27157","5"
"Wadena","0","10","Minnesota","6/13/20","10","0","27159","0"
"Waseca","0","33","Minnesota","6/13/20","31","2","27161","6.45"
"Washington","11","787","Minnesota","6/13/20","712","75","27163","10.53"
"Watonwan","3","98","Minnesota","6/13/20","80","18","27165","22.5"
"Wilkin","0","14","Minnesota","6/13/20","11","3","27167","27.27"
"Winona","0","84","Minnesota","6/13/20","83","1","27169","1.2"
"Wright","3","375","Minnesota","6/13/20","351","24","27171","6.84"
"Yellow Medicine","0","9","Minnesota","6/13/20","7","2","27173","28.57"
"Adams","3","225","Mississippi","6/13/20","204","21","28001","10.29"
"Alcorn","1","29","Mississippi","6/13/20","20","9","28003","45"
"Amite","1","70","Mississippi","6/13/20","65","5","28005","7.69"
"Attala","2","328","Mississippi","6/13/20","315","13","28007","4.13"
"Benton","0","17","Mississippi","6/13/20","15","2","28009","13.33"
"Bolivar","2","185","Mississippi","6/13/20","170","15","28011","8.82"
"Calhoun","1","78","Mississippi","6/13/20","68","10","28013","14.71"
"Carroll","0","122","Mississippi","6/13/20","119","3","28015","2.52"
"Chickasaw","3","165","Mississippi","6/13/20","146","19","28017","13.01"
"Choctaw","2","65","Mississippi","6/13/20","52","13","28019","25"
"Claiborne","3","138","Mississippi","6/13/20","119","19","28021","15.97"
"Clarke","1","165","Mississippi","6/13/20","157","8","28023","5.1"
"Clay","6","173","Mississippi","6/13/20","130","43","28025","33.08"
"Coahoma","2","146","Mississippi","6/13/20","132","14","28027","10.61"
"Copiah","9","397","Mississippi","6/13/20","337","60","28029","17.8"
"Covington","2","203","Mississippi","6/13/20","186","17","28031","9.14"
"DeSoto","15","713","Mississippi","6/13/20","605","108","28033","17.85"
"Forrest","10","678","Mississippi","6/13/20","607","71","28035","11.7"
"Franklin","0","30","Mississippi","6/13/20","29","1","28037","3.45"
"George","1","35","Mississippi","6/13/20","30","5","28039","16.67"
"Greene","2","51","Mississippi","6/13/20","36","15","28041","41.67"
"Grenada","6","157","Mississippi","6/13/20","112","45","28043","40.18"
"Hancock","1","100","Mississippi","6/13/20","92","8","28045","8.7"
"Harrison","9","335","Mississippi","6/13/20","274","61","28047","22.26"
"Hinds","22","1263","Mississippi","6/13/20","1111","152","28049","13.68"
"Holmes","3","465","Mississippi","6/13/20","444","21","28051","4.73"
"Humphreys","2","80","Mississippi","6/13/20","69","11","28053","15.94"
"Itawamba","1","99","Mississippi","6/13/20","89","10","28057","11.24"
"Jackson","5","350","Mississippi","6/13/20","317","33","28059","10.41"
"Jasper","3","193","Mississippi","6/13/20","175","18","28061","10.29"
"Jefferson","1","53","Mississippi","6/13/20","46","7","28063","15.22"
"Jefferson Davis","0","84","Mississippi","6/13/20","84","0","28065","0"
"Jones","20","852","Mississippi","6/13/20","715","137","28067","19.16"
"Kemper","1","167","Mississippi","6/13/20","159","8","28069","5.03"
"Lafayette","2","171","Mississippi","6/13/20","156","15","28071","9.62"
"Lamar","5","288","Mississippi","6/13/20","254","34","28073","13.39"
"Lauderdale","4","801","Mississippi","6/13/20","775","26","28075","3.35"
"Lawrence","1","115","Mississippi","6/13/20","108","7","28077","6.48"
"Leake","3","483","Mississippi","6/13/20","460","23","28079","5"
"Lee","10","292","Mississippi","6/13/20","220","72","28081","32.73"
"Leflore","9","352","Mississippi","6/13/20","287","65","28083","22.65"
"Lincoln","5","320","Mississippi","6/13/20","286","34","28085","11.89"
"Lowndes","7","311","Mississippi","6/13/20","263","48","28087","18.25"
"Madison","13","877","Mississippi","6/13/20","788","89","28089","11.29"
"Marion","3","140","Mississippi","6/13/20","117","23","28091","19.66"
"Marshall","2","101","Mississippi","6/13/20","89","12","28093","13.48"
"Monroe","3","291","Mississippi","6/13/20","273","18","28095","6.59"
"Montgomery","1","94","Mississippi","6/13/20","85","9","28097","10.59"
"Neshoba","19","877","Mississippi","6/13/20","747","130","28099","17.4"
"Newton","3","321","Mississippi","6/13/20","297","24","28101","8.08"
"Noxubee","2","212","Mississippi","6/13/20","196","16","28103","8.16"
"Oktibbeha","9","351","Mississippi","6/13/20","290","61","28105","21.03"
"Panola","4","121","Mississippi","6/13/20","93","28","28107","30.11"
"Pearl River","1","221","Mississippi","6/13/20","213","8","28109","3.76"
"Perry","0","54","Mississippi","6/13/20","51","3","28111","5.88"
"Pike","3","224","Mississippi","6/13/20","204","20","28113","9.8"
"Pontotoc","3","71","Mississippi","6/13/20","52","19","28115","36.54"
"Prentiss","1","65","Mississippi","6/13/20","55","10","28117","18.18"
"Quitman","2","48","Mississippi","6/13/20","32","16","28119","50"
"Rankin","9","536","Mississippi","6/13/20","473","63","28121","13.32"
"Scott","3","688","Mississippi","6/13/20","670","18","28123","2.69"
"Sharkey","0","8","Mississippi","6/13/20","7","1","28125","14.29"
"Simpson","2","117","Mississippi","6/13/20","105","12","28127","11.43"
"Smith","2","175","Mississippi","6/13/20","164","11","28129","6.71"
"Stone","0","34","Mississippi","6/13/20","32","2","28131","6.25"
"Sunflower","3","117","Mississippi","6/13/20","96","21","28133","21.88"
"Tallahatchie","1","40","Mississippi","6/13/20","31","9","28135","29.03"
"Tate","5","128","Mississippi","6/13/20","95","33","28137","34.74"
"Tippah","2","93","Mississippi","6/13/20","79","14","28139","17.72"
"Tishomingo","1","46","Mississippi","6/13/20","37","9","28141","24.32"
"Tunica","1","64","Mississippi","6/13/20","58","6","28143","10.34"
"Union","1","97","Mississippi","6/13/20","91","6","28145","6.59"
"Walthall","4","100","Mississippi","6/13/20","70","30","28147","42.86"
"Warren","7","248","Mississippi","6/13/20","201","47","28149","23.38"
"Washington","7","246","Mississippi","6/13/20","200","46","28151","23"
"Wayne","11","373","Mississippi","6/13/20","295","78","28153","26.44"
"Webster","2","109","Mississippi","6/13/20","93","16","28155","17.2"
"Wilkinson","0","85","Mississippi","6/13/20","85","0","28157","0"
"Winston","3","148","Mississippi","6/13/20","125","23","28159","18.4"
"Yalobusha","4","137","Mississippi","6/13/20","112","25","28161","22.32"
"Yazoo","7","347","Mississippi","6/13/20","300","47","28163","15.67"
"Adair","2","80","Missouri","6/13/20","68","12","29001","17.65"
"Andrew","0","35","Missouri","6/13/20","33","2","29003","6.06"
"Atchison","0","3","Missouri","6/13/20","3","0","29005","0"
"Audrain","2","122","Missouri","6/13/20","111","11","29007","9.91"
"Barry","0","10","Missouri","6/13/20","9","1","29009","11.11"
"Barton","0","1","Missouri","6/13/20","0","1","29011","1"
"Bates","0","12","Missouri","6/13/20","12","0","29013","0"
"Benton","0","14","Missouri","6/13/20","13","1","29015","7.69"
"Bollinger","0","9","Missouri","6/13/20","7","2","29017","28.57"
"Boone","3","208","Missouri","6/13/20","185","23","29019","12.43"
"Buchanan","6","784","Missouri","6/13/20","744","40","29021","5.38"
"Butler","-1","41","Missouri","6/13/20","47","-6","29023","-12.77"
"Caldwell","0","7","Missouri","6/13/20","8","-1","29025","-12.5"
"Callaway","1","36","Missouri","6/13/20","32","4","29027","12.5"
"Camden","0","38","Missouri","6/13/20","38","0","29029","0"
"Cape Girardeau","3","104","Missouri","6/13/20","85","19","29031","22.35"
"Carroll","0","10","Missouri","6/13/20","9","1","29033","11.11"
"Carter","0","5","Missouri","6/13/20","5","0","29035","0"
"Cass","1","111","Missouri","6/13/20","102","9","29037","8.82"
"Cedar","0","9","Missouri","6/13/20","9","0","29039","0"
"Chariton","0","6","Missouri","6/13/20","6","0","29041","0"
"Christian","0","29","Missouri","6/13/20","29","0","29043","0"
"Clark","0","1","Missouri","6/13/20","1","0","29045","0"
"Clay","9","288","Missouri","6/13/20","226","62","29047","27.43"
"Clinton","0","20","Missouri","6/13/20","20","0","29049","0"
"Cole","-1","57","Missouri","6/13/20","61","-4","29051","-6.56"
"Cooper","0","9","Missouri","6/13/20","9","0","29053","0"
"Crawford","0","8","Missouri","6/13/20","9","-1","29055","-11.11"
"Dallas","0","6","Missouri","6/13/20","4","2","29059","50"
"Daviess","0","7","Missouri","6/13/20","5","2","29061","40"
"DeKalb","0","8","Missouri","6/13/20","7","1","29063","14.29"
"Dent","0","1","Missouri","6/13/20","0","1","29065","1"
"Douglas","0","3","Missouri","6/13/20","0","3","29067","1"
"Dunklin","1","55","Missouri","6/13/20","48","7","29069","14.58"
"Franklin","2","166","Missouri","6/13/20","150","16","29071","10.67"
"Gasconade","0","2","Missouri","6/13/20","2","0","29073","0"
"Gentry","0","54","Missouri","6/13/20","52","2","29075","3.85"
"Greene","2","188","Missouri","6/13/20","174","14","29077","8.05"
"Grundy","2","12","Missouri","6/13/20","0","12","29079","1"
"Harrison","0","9","Missouri","6/13/20","9","0","29081","0"
"Henry","1","16","Missouri","6/13/20","12","4","29083","33.33"
"Holt","0","1","Missouri","6/13/20","2","-1","29087","-50"
"Howard","0","3","Missouri","6/13/20","3","0","29089","0"
"Howell","1","20","Missouri","6/13/20","12","8","29091","66.67"
"Iron","0","2","Missouri","6/13/20","3","-1","29093","-33.33"
"Jackson","18","819","Missouri","6/13/20","696","123","29095","17.67"
"Jasper","10","122","Missouri","6/13/20","50","72","29097","144"
"Jefferson","-3","376","Missouri","6/13/20","398","-22","29099","-5.53"
"Johnson","0","80","Missouri","6/13/20","77","3","29101","3.9"
"Kansas City","27","1690","Missouri","6/13/20","1501","189","00000","12.59"
"Knox","0","2","Missouri","6/13/20","0","2","29103","1"
"Laclede","0","9","Missouri","6/13/20","7","2","29105","28.57"
"Lafayette","1","85","Missouri","6/13/20","81","4","29107","4.94"
"Lawrence","0","7","Missouri","6/13/20","8","-1","29109","-12.5"
"Lewis","0","7","Missouri","6/13/20","7","0","29111","0"
"Lincoln","-5","87","Missouri","6/13/20","121","-34","29113","-28.1"
"Linn","0","11","Missouri","6/13/20","10","1","29115","10"
"Livingston","0","7","Missouri","6/13/20","5","2","29117","40"
"Macon","0","7","Missouri","6/13/20","6","1","29121","16.67"
"Madison","0","3","Missouri","6/13/20","3","0","29123","0"
"Maries","0","2","Missouri","6/13/20","2","0","29125","0"
"Marion","0","8","Missouri","6/13/20","5","3","29127","60"
"McDonald","6","70","Missouri","6/13/20","25","45","29119","180"
"Mercer","1","5","Missouri","6/13/20","0","5","29129","1"
"Miller","0","4","Missouri","6/13/20","4","0","29131","0"
"Mississippi","1","71","Missouri","6/13/20","61","10","29133","16.39"
"Moniteau","0","49","Missouri","6/13/20","49","0","29135","0"
"Monroe","0","3","Missouri","6/13/20","0","3","29137","1"
"Montgomery","0","12","Missouri","6/13/20","11","1","29139","9.09"
"Morgan","0","9","Missouri","6/13/20","9","0","29141","0"
"New Madrid","2","35","Missouri","6/13/20","21","14","29143","66.67"
"Newton","5","62","Missouri","6/13/20","26","36","29145","138.46"
"Nodaway","0","15","Missouri","6/13/20","14","1","29147","7.14"
"Oregon","0","4","Missouri","6/13/20","2","2","29149","100"
"Osage","0","5","Missouri","6/13/20","5","0","29151","0"
"Pemiscot","2","102","Missouri","6/13/20","91","11","29155","12.09"
"Perry","2","84","Missouri","6/13/20","69","15","29157","21.74"
"Pettis","1","85","Missouri","6/13/20","79","6","29159","7.59"
"Phelps","0","6","Missouri","6/13/20","5","1","29161","20"
"Pike","0","31","Missouri","6/13/20","28","3","29163","10.71"
"Platte","3","97","Missouri","6/13/20","77","20","29165","25.97"
"Polk","1","8","Missouri","6/13/20","4","4","29167","100"
"Pulaski","0","106","Missouri","6/13/20","107","-1","29169","-0.93"
"Putnam","0","1","Missouri","6/13/20","0","1","29171","1"
"Ralls","0","5","Missouri","6/13/20","5","0","29173","0"
"Randolph","0","10","Missouri","6/13/20","10","0","29175","0"
"Ray","0","25","Missouri","6/13/20","23","2","29177","8.7"
"Reynolds","0","2","Missouri","6/13/20","2","0","29179","0"
"Ripley","0","11","Missouri","6/13/20","11","0","29181","0"
"Saline","-2","271","Missouri","6/13/20","283","-12","29195","-4.24"
"Schuyler","0","1","Missouri","6/13/20","0","1","29197","1"
"Scotland","0","8","Missouri","6/13/20","9","-1","29199","-11.11"
"Scott","3","139","Missouri","6/13/20","121","18","29201","14.88"
"Shannon","1","6","Missouri","6/13/20","0","6","29203","1"
"Shelby","0","1","Missouri","6/13/20","1","0","29205","0"
"St. Charles","8","890","Missouri","6/13/20","836","54","29183","6.46"
"St. Clair","0","2","Missouri","6/13/20","3","-1","29185","-33.33"
"St. Francois","0","40","Missouri","6/13/20","39","1","29187","2.56"
"St. Louis","29","5506","Missouri","6/13/20","5305","201","29189","3.79"
"St. Louis City","18","2195","Missouri","6/13/20","2068","127","29510","6.14"
"Ste. Genevieve","0","14","Missouri","6/13/20","12","2","29186","16.67"
"Stoddard","2","118","Missouri","6/13/20","106","12","29207","11.32"
"Stone","0","7","Missouri","6/13/20","10","-3","29209","-30"
"Sullivan","2","77","Missouri","6/13/20","65","12","29211","18.46"
"Taney","0","15","Missouri","6/13/20","14","1","29213","7.14"
"Texas","0","1","Missouri","6/13/20","1","0","29215","0"
"Vernon","0","12","Missouri","6/13/20","10","2","29217","20"
"Warren","0","30","Missouri","6/13/20","29","1","29219","3.45"
"Washington","0","13","Missouri","6/13/20","13","0","29221","0"
"Webster","0","18","Missouri","6/13/20","18","0","29225","0"
"Worth","0","4","Missouri","6/13/20","4","0","29227","0"
"Wright","0","14","Missouri","6/13/20","13","1","29229","7.69"
"Beaverhead","0","1","Montana","6/13/20","1","0","30001","0"
"Big Horn","1","44","Montana","6/13/20","36","8","30003","22.22"
"Broadwater","0","4","Montana","6/13/20","4","0","30007","0"
"Carbon","0","6","Montana","6/13/20","6","0","30009","0"
"Cascade","0","17","Montana","6/13/20","17","0","30013","0"
"Custer","0","3","Montana","6/13/20","0","3","30017","1"
"Deer Lodge","0","3","Montana","6/13/20","3","0","30023","0"
"Flathead","0","37","Montana","6/13/20","37","0","30029","0"
"Gallatin","4","187","Montana","6/13/20","161","26","30031","16.15"
"Glacier","0","6","Montana","6/13/20","6","0","30035","0"
"Golden Valley","0","3","Montana","6/13/20","3","0","30037","0"
"Hill","0","1","Montana","6/13/20","1","0","30041","0"
"Jefferson","0","3","Montana","6/13/20","3","0","30043","0"
"Lake","1","9","Montana","6/13/20","5","4","30047","80"
"Lewis and Clark","0","19","Montana","6/13/20","18","1","30049","5.56"
"Liberty","0","1","Montana","6/13/20","1","0","30051","0"
"Lincoln","0","7","Montana","6/13/20","7","0","30053","0"
"Madison","0","8","Montana","6/13/20","8","0","30057","0"
"Meagher","0","1","Montana","6/13/20","1","0","30059","0"
"Missoula","0","40","Montana","6/13/20","40","0","30063","0"
"Musselshell","0","1","Montana","6/13/20","1","0","30065","0"
"Park","0","8","Montana","6/13/20","8","0","30067","0"
"Pondera","0","2","Montana","6/13/20","2","0","30073","0"
"Ravalli","0","15","Montana","6/13/20","14","1","30081","7.14"
"Richland","0","3","Montana","6/13/20","3","0","30083","0"
"Roosevelt","0","7","Montana","6/13/20","7","0","30085","0"
"Rosebud","0","1","Montana","6/13/20","1","0","30087","0"
"Silver Bow","0","11","Montana","6/13/20","11","0","30093","0"
"Stillwater","0","2","Montana","6/13/20","1","1","30095","100"
"Toole","0","29","Montana","6/13/20","29","0","30101","0"
"Wheatland","0","1","Montana","6/13/20","1","0","30107","0"
"Yellowstone","1","108","Montana","6/13/20","104","4","30111","3.85"
"Adams","0","278","Nebraska","6/13/20","275","3","31001","1.09"
"Antelope","0","8","Nebraska","6/13/20","8","0","31003","0"
"Banner","0","1","Nebraska","6/13/20","0","1","31007","1"
"Boone","0","7","Nebraska","6/13/20","7","0","31011","0"
"Box Butte","0","3","Nebraska","6/13/20","2","1","31013","50"
"Boyd","0","1","Nebraska","6/13/20","1","0","31015","0"
"Buffalo","0","177","Nebraska","6/13/20","174","3","31019","1.72"
"Burt","0","9","Nebraska","6/13/20","10","-1","31021","-10"
"Butler","0","51","Nebraska","6/13/20","51","0","31023","0"
"Cass","1","60","Nebraska","6/13/20","54","6","31025","11.11"
"Cedar","0","8","Nebraska","6/13/20","8","0","31027","0"
"Chase","0","1","Nebraska","6/13/20","1","0","31029","0"
"Cherry","0","1","Nebraska","6/13/20","1","0","31031","0"
"Cheyenne","0","10","Nebraska","6/13/20","10","0","31033","0"
"Clay","0","24","Nebraska","6/13/20","24","0","31035","0"
"Colfax","2","646","Nebraska","6/13/20","635","11","31037","1.73"
"Cuming","0","34","Nebraska","6/13/20","34","0","31039","0"
"Custer","0","34","Nebraska","6/13/20","34","0","31041","0"
"Dakota","2","1719","Nebraska","6/13/20","1702","17","31043","1"
"Dawes","0","1","Nebraska","6/13/20","1","0","31045","0"
"Dawson","0","844","Nebraska","6/13/20","842","2","31047","0.24"
"Dixon","1","39","Nebraska","6/13/20","32","7","31051","21.88"
"Dodge","8","621","Nebraska","6/13/20","565","56","31053","9.91"
"Douglas","90","5611","Nebraska","6/13/20","4982","629","31055","12.63"
"Fillmore","0","9","Nebraska","6/13/20","7","2","31059","28.57"
"Franklin","0","6","Nebraska","6/13/20","6","0","31061","0"
"Frontier","0","1","Nebraska","6/13/20","1","0","31063","0"
"Furnas","0","9","Nebraska","6/13/20","9","0","31065","0"
"Gage","0","45","Nebraska","6/13/20","45","0","31067","0"
"Garden","0","4","Nebraska","6/13/20","4","0","31069","0"
"Garfield","0","1","Nebraska","6/13/20","1","0","31071","0"
"Gosper","0","13","Nebraska","6/13/20","13","0","31073","0"
"Greeley","0","3","Nebraska","6/13/20","3","0","31077","0"
"Hall","3","1561","Nebraska","6/13/20","1542","19","31079","1.23"
"Hamilton","0","56","Nebraska","6/13/20","56","0","31081","0"
"Hitchcock","0","1","Nebraska","6/13/20","1","0","31087","0"
"Holt","0","1","Nebraska","6/13/20","1","0","31089","0"
"Howard","0","45","Nebraska","6/13/20","43","2","31093","4.65"
"Jefferson","0","9","Nebraska","6/13/20","7","2","31095","28.57"
"Johnson","0","6","Nebraska","6/13/20","6","0","31097","0"
"Kearney","0","12","Nebraska","6/13/20","12","0","31099","0"
"Keith","0","2","Nebraska","6/13/20","2","0","31101","0"
"Kimball","0","8","Nebraska","6/13/20","8","0","31105","0"
"Knox","0","11","Nebraska","6/13/20","11","0","31107","0"
"Lancaster","17","1460","Nebraska","6/13/20","1340","120","31109","8.96"
"Lincoln","1","53","Nebraska","6/13/20","49","4","31111","8.16"
"Madison","1","331","Nebraska","6/13/20","323","8","31119","2.48"
"Merrick","0","37","Nebraska","6/13/20","34","3","31121","8.82"
"Morrill","0","12","Nebraska","6/13/20","11","1","31123","9.09"
"Nance","0","4","Nebraska","6/13/20","4","0","31125","0"
"Nemaha","0","4","Nebraska","6/13/20","4","0","31127","0"
"Nuckolls","0","1","Nebraska","6/13/20","1","0","31129","0"
"Otoe","0","12","Nebraska","6/13/20","11","1","31131","9.09"
"Phelps","0","20","Nebraska","6/13/20","20","0","31137","0"
"Pierce","0","6","Nebraska","6/13/20","6","0","31139","0"
"Platte","3","642","Nebraska","6/13/20","621","21","31141","3.38"
"Polk","0","12","Nebraska","6/13/20","11","1","31143","9.09"
"Red Willow","0","5","Nebraska","6/13/20","5","0","31145","0"
"Richardson","0","1","Nebraska","6/13/20","1","0","31147","0"
"Saline","0","518","Nebraska","6/13/20","515","3","31151","0.58"
"Sarpy","17","882","Nebraska","6/13/20","765","117","31153","15.29"
"Saunders","1","56","Nebraska","6/13/20","51","5","31155","9.8"
"Scotts Bluff","5","172","Nebraska","6/13/20","140","32","31157","22.86"
"Seward","0","31","Nebraska","6/13/20","29","2","31159","6.9"
"Sherman","0","4","Nebraska","6/13/20","5","-1","31163","-20"
"Sioux","0","2","Nebraska","6/13/20","0","2","31165","1"
"Stanton","0","21","Nebraska","6/13/20","21","0","31167","0"
"Thayer","0","1","Nebraska","6/13/20","1","0","31169","0"
"Thomas","0","1","Nebraska","6/13/20","1","0","31171","0"
"Thurston","2","65","Nebraska","6/13/20","50","15","31173","30"
"Valley","0","7","Nebraska","6/13/20","5","2","31175","40"
"Washington","1","40","Nebraska","6/13/20","34","6","31177","17.65"
"Wayne","0","26","Nebraska","6/13/20","24","2","31179","8.33"
"Webster","0","6","Nebraska","6/13/20","5","1","31181","20"
"York","0","37","Nebraska","6/13/20","37","0","31185","0"
"Carson City","1","118","Nevada","6/13/20","109","9","32510","8.26"
"Churchill","0","10","Nevada","6/13/20","8","2","32001","25"
"Clark","175","8556","Nevada","6/13/20","7331","1225","32003","16.71"
"Douglas","1","42","Nevada","6/13/20","38","4","32005","10.53"
"Elko","1","37","Nevada","6/13/20","27","10","32007","37.04"
"Humboldt","0","78","Nevada","6/13/20","78","0","32013","0"
"Lander","0","22","Nevada","6/13/20","21","1","32015","4.76"
"Lincoln","0","2","Nevada","6/13/20","2","0","32017","0"
"Lyon","1","91","Nevada","6/13/20","82","9","32019","10.98"
"Mineral","0","4","Nevada","6/13/20","4","0","32021","0"
"Nye","1","73","Nevada","6/13/20","66","7","32023","10.61"
"Pershing","0","5","Nevada","6/13/20","2","3","32027","150"
"Storey","0","1","Nevada","6/13/20","1","0","32029","0"
"Washoe","34","1955","Nevada","6/13/20","1719","236","32031","13.73"
"White Pine","0","3","Nevada","6/13/20","3","0","32033","0"
"Belknap","1","74","New Hampshire","6/13/20","67","7","33001","10.45"
"Carroll","0","49","New Hampshire","6/13/20","48","1","33003","2.08"
"Cheshire","0","60","New Hampshire","6/13/20","57","3","33005","5.26"
"Coos","0","6","New Hampshire","6/13/20","5","1","33007","20"
"Grafton","0","76","New Hampshire","6/13/20","77","-1","33009","-1.3"
"Hillsborough","31","2925","New Hampshire","6/13/20","2709","216","33011","7.97"
"Merrimack","3","391","New Hampshire","6/13/20","371","20","33013","5.39"
"Rockingham","5","1410","New Hampshire","6/13/20","1378","32","33015","2.32"
"Strafford","0","278","New Hampshire","6/13/20","277","1","33017","0.36"
"Sullivan","1","25","New Hampshire","6/13/20","20","5","33019","25"
"Atlantic","21","2475","New Jersey","6/13/20","2330","145","34001","6.22"
"Bergen","45","18805","New Jersey","6/13/20","18492","313","34003","1.69"
"Burlington","14","4866","New Jersey","6/13/20","4769","97","34005","2.03"
"Camden","29","6986","New Jersey","6/13/20","6785","201","34007","2.96"
"Cape May","4","669","New Jersey","6/13/20","643","26","34009","4.04"
"Cumberland","15","2661","New Jersey","6/13/20","2557","104","34011","4.07"
"Essex","39","18336","New Jersey","6/13/20","18066","270","34013","1.49"
"Gloucester","12","2402","New Jersey","6/13/20","2319","83","34015","3.58"
"Hudson","33","19149","New Jersey","6/13/20","18916","233","34017","1.23"
"Hunterdon","2","1038","New Jersey","6/13/20","1022","16","34019","1.57"
"Mercer","25","7323","New Jersey","6/13/20","7148","175","34021","2.45"
"Middlesex","26","16385","New Jersey","6/13/20","16203","182","34023","1.12"
"Monmouth","38","8720","New Jersey","6/13/20","8454","266","34025","3.15"
"Morris","-2","6568","New Jersey","6/13/20","6584","-16","34027","-0.24"
"Ocean","35","9222","New Jersey","6/13/20","8979","243","34029","2.71"
"Passaic","25","16612","New Jersey","6/13/20","16436","176","34031","1.07"
"Salem","5","705","New Jersey","6/13/20","670","35","34033","5.22"
"Somerset","13","4756","New Jersey","6/13/20","4664","92","34035","1.97"
"Sussex","4","1190","New Jersey","6/13/20","1160","30","34037","2.59"
"Union","32","16337","New Jersey","6/13/20","16116","221","34039","1.37"
"Warren","2","1202","New Jersey","6/13/20","1190","12","34041","1.01"
"Bernalillo","15","1682","New Mexico","6/13/20","1575","107","35001","6.79"
"Catron","0","2","New Mexico","6/13/20","2","0","35003","0"
"Chaves","1","56","New Mexico","6/13/20","49","7","35005","14.29"
"Cibola","3","183","New Mexico","6/13/20","159","24","35006","15.09"
"Colfax","0","7","New Mexico","6/13/20","5","2","35007","40"
"Curry","2","77","New Mexico","6/13/20","62","15","35009","24.19"
"Dona Ana","12","645","New Mexico","6/13/20","558","87","35013","15.59"
"Eddy","2","46","New Mexico","6/13/20","30","16","35015","53.33"
"Grant","0","16","New Mexico","6/13/20","15","1","35017","6.67"
"Guadalupe","0","20","New Mexico","6/13/20","20","0","35019","0"
"Harding","0","1","New Mexico","6/13/20","1","0","35021","0"
"Hidalgo","0","3","New Mexico","6/13/20","1","2","35023","200"
"Lea","2","41","New Mexico","6/13/20","29","12","35025","41.38"
"Lincoln","0","5","New Mexico","6/13/20","5","0","35027","0"
"Los Alamos","0","6","New Mexico","6/13/20","6","0","35028","0"
"Luna","2","26","New Mexico","6/13/20","11","15","35029","136.36"
"McKinley","34","2896","New Mexico","6/13/20","2657","239","35031","9"
"Otero","1","30","New Mexico","6/13/20","25","5","35035","20"
"Quay","0","4","New Mexico","6/13/20","5","-1","35037","-20"
"Rio Arriba","1","60","New Mexico","6/13/20","54","6","35039","11.11"
"Roosevelt","2","53","New Mexico","6/13/20","42","11","35041","26.19"
"San Juan","23","2083","New Mexico","6/13/20","1923","160","35045","8.32"
"San Miguel","0","16","New Mexico","6/13/20","15","1","35047","6.67"
"Sandoval","4","616","New Mexico","6/13/20","585","31","35043","5.3"
"Santa Fe","3","170","New Mexico","6/13/20","150","20","35049","13.33"
"Sierra","0","4","New Mexico","6/13/20","1","3","35051","300"
"Socorro","0","55","New Mexico","6/13/20","55","0","35053","0"
"Taos","0","32","New Mexico","6/13/20","31","1","35055","3.23"
"Torrance","0","34","New Mexico","6/13/20","35","-1","35057","-2.86"
"Union","0","5","New Mexico","6/13/20","5","0","35059","0"
"Valencia","1","87","New Mexico","6/13/20","81","6","35061","7.41"
"Albany","9","2016","New York","6/13/20","1953","63","36001","3.23"
"Allegany","0","54","New York","6/13/20","51","3","36003","5.88"
"Broome","5","647","New York","6/13/20","613","34","36007","5.55"
"Cattaraugus","1","101","New York","6/13/20","92","9","36009","9.78"
"Cayuga","0","103","New York","6/13/20","100","3","36011","3"
"Chautauqua","1","106","New York","6/13/20","99","7","36013","7.07"
"Chemung","0","138","New York","6/13/20","137","1","36015","0.73"
"Chenango","1","138","New York","6/13/20","133","5","36017","3.76"
"Clinton","0","98","New York","6/13/20","97","1","36019","1.03"
"Columbia","3","431","New York","6/13/20","412","19","36021","4.61"
"Cortland","0","42","New York","6/13/20","41","1","36023","2.44"
"Delaware","0","88","New York","6/13/20","85","3","36025","3.53"
"Dutchess","8","4049","New York","6/13/20","3995","54","36027","1.35"
"Erie","46","6753","New York","6/13/20","6429","324","36029","5.04"
"Essex","0","40","New York","6/13/20","38","2","36031","5.26"
"Franklin","0","25","New York","6/13/20","23","2","36033","8.7"
"Fulton","1","232","New York","6/13/20","222","10","36035","4.5"
"Genesee","1","212","New York","6/13/20","206","6","36037","2.91"
"Greene","1","250","New York","6/13/20","246","4","36039","1.63"
"Hamilton","0","5","New York","6/13/20","5","0","36041","0"
"Herkimer","1","128","New York","6/13/20","122","6","36043","4.92"
"Jefferson","1","81","New York","6/13/20","75","6","36045","8"
"Lewis","0","20","New York","6/13/20","20","0","36049","0"
"Livingston","0","122","New York","6/13/20","121","1","36051","0.83"
"Madison","1","333","New York","6/13/20","325","8","36053","2.46"
"Monroe","25","3340","New York","6/13/20","3167","173","36055","5.46"
"Montgomery","1","103","New York","6/13/20","98","5","36057","5.1"
"Nassau","46","41172","New York","6/13/20","40853","319","36059","0.78"
"New York","426","209493","New York","6/13/20","206511","2982","36061","1.44"
"Niagara","6","1154","New York","6/13/20","1109","45","36063","4.06"
"Oneida","18","1253","New York","6/13/20","1127","126","36065","11.18"
"Onondaga","18","2498","New York","6/13/20","2375","123","36067","5.18"
"Ontario","1","230","New York","6/13/20","220","10","36069","4.55"
"Orange","8","10563","New York","6/13/20","10508","55","36071","0.52"
"Orleans","1","261","New York","6/13/20","254","7","36073","2.76"
"Oswego","1","122","New York","6/13/20","114","8","36075","7.02"
"Otsego","1","80","New York","6/13/20","74","6","36077","8.11"
"Putnam","2","1285","New York","6/13/20","1274","11","36079","0.86"
"Rensselaer","2","511","New York","6/13/20","499","12","36083","2.4"
"Rockland","14","13411","New York","6/13/20","13315","96","36087","0.72"
"Saratoga","2","514","New York","6/13/20","501","13","36091","2.59"
"Schenectady","2","723","New York","6/13/20","710","13","36093","1.83"
"Schoharie","0","54","New York","6/13/20","54","0","36095","0"
"Schuyler","0","12","New York","6/13/20","12","0","36097","0"
"Seneca","0","63","New York","6/13/20","61","2","36099","3.28"
"St. Lawrence","1","214","New York","6/13/20","209","5","36089","2.39"
"Steuben","1","255","New York","6/13/20","251","4","36101","1.59"
"Suffolk","48","40615","New York","6/13/20","40278","337","36103","0.84"
"Sullivan","3","1430","New York","6/13/20","1411","19","36105","1.35"
"Tioga","0","137","New York","6/13/20","134","3","36107","2.24"
"Tompkins","0","173","New York","6/13/20","171","2","36109","1.17"
"Ulster","4","1739","New York","6/13/20","1714","25","36111","1.46"
"Warren","0","257","New York","6/13/20","257","0","36113","0"
"Washington","0","242","New York","6/13/20","240","2","36115","0.83"
"Wayne","1","131","New York","6/13/20","123","8","36117","6.5"
"Westchester","47","34253","New York","6/13/20","33924","329","36119","0.97"
"Wyoming","0","91","New York","6/13/20","89","2","36121","2.25"
"Yates","0","39","New York","6/13/20","39","0","36123","0"
"Alamance","35","700","North Carolina","6/13/20","458","242","37001","52.84"
"Alexander","1","48","North Carolina","6/13/20","43","5","37003","11.63"
"Alleghany","0","30","North Carolina","6/13/20","28","2","37005","7.14"
"Anson","2","85","North Carolina","6/13/20","71","14","37007","19.72"
"Ashe","0","43","North Carolina","6/13/20","40","3","37009","7.5"
"Avery","0","6","North Carolina","6/13/20","3","3","37011","100"
"Beaufort","1","51","North Carolina","6/13/20","43","8","37013","18.6"
"Bertie","0","135","North Carolina","6/13/20","133","2","37015","1.5"
"Bladen","5","188","North Carolina","6/13/20","153","35","37017","22.88"
"Brunswick","10","206","North Carolina","6/13/20","133","73","37019","54.89"
"Buncombe","7","439","North Carolina","6/13/20","389","50","37021","12.85"
"Burke","34","775","North Carolina","6/13/20","540","235","37023","43.52"
"Cabarrus","16","686","North Carolina","6/13/20","571","115","37025","20.14"
"Caldwell","6","240","North Carolina","6/13/20","196","44","37027","22.45"
"Camden","0","6","North Carolina","6/13/20","3","3","37029","100"
"Carteret","1","46","North Carolina","6/13/20","39","7","37031","17.95"
"Caswell","1","101","North Carolina","6/13/20","96","5","37033","5.21"
"Catawba","16","399","North Carolina","6/13/20","284","115","37035","40.49"
"Chatham","9","784","North Carolina","6/13/20","720","64","37037","8.89"
"Cherokee","0","30","North Carolina","6/13/20","30","0","37039","0"
"Chowan","0","19","North Carolina","6/13/20","17","2","37041","11.76"
"Clay","0","9","North Carolina","6/13/20","8","1","37043","12.5"
"Cleveland","6","152","North Carolina","6/13/20","113","39","37045","34.51"
"Columbus","8","415","North Carolina","6/13/20","361","54","37047","14.96"
"Craven","5","256","North Carolina","6/13/20","223","33","37049","14.8"
"Cumberland","15","874","North Carolina","6/13/20","768","106","37051","13.8"
"Currituck","0","16","North Carolina","6/13/20","15","1","37053","6.67"
"Dare","0","25","North Carolina","6/13/20","22","3","37055","13.64"
"Davidson","16","620","North Carolina","6/13/20","505","115","37057","22.77"
"Davie","3","134","North Carolina","6/13/20","115","19","37059","16.52"
"Duplin","25","1150","North Carolina","6/13/20","976","174","37061","17.83"
"Durham","78","2569","North Carolina","6/13/20","2025","544","37063","26.86"
"Edgecombe","3","244","North Carolina","6/13/20","221","23","37065","10.41"
"Forsyth","58","2128","North Carolina","6/13/20","1721","407","37067","23.65"
"Franklin","5","221","North Carolina","6/13/20","185","36","37069","19.46"
"Gaston","20","484","North Carolina","6/13/20","347","137","37071","39.48"
"Gates","0","24","North Carolina","6/13/20","24","0","37073","0"
"Graham","0","6","North Carolina","6/13/20","4","2","37075","50"
"Granville","28","657","North Carolina","6/13/20","462","195","37077","42.21"
"Greene","4","117","North Carolina","6/13/20","92","25","37079","27.17"
"Guilford","59","1983","North Carolina","6/13/20","1573","410","37081","26.06"
"Halifax","5","238","North Carolina","6/13/20","200","38","37083","19"
"Harnett","9","391","North Carolina","6/13/20","330","61","37085","18.48"
"Haywood","1","65","North Carolina","6/13/20","59","6","37087","10.17"
"Henderson","8","427","North Carolina","6/13/20","369","58","37089","15.72"
"Hertford","2","149","North Carolina","6/13/20","134","15","37091","11.19"
"Hoke","4","298","North Carolina","6/13/20","271","27","37093","9.96"
"Hyde","0","2","North Carolina","6/13/20","2","0","37095","0"
"Iredell","13","419","North Carolina","6/13/20","325","94","37097","28.92"
"Jackson","2","59","North Carolina","6/13/20","44","15","37099","34.09"
"Johnston","29","802","North Carolina","6/13/20","601","201","37101","33.44"
"Jones","0","28","North Carolina","6/13/20","28","0","37103","0"
"Lee","9","581","North Carolina","6/13/20","515","66","37105","12.82"
"Lenoir","8","286","North Carolina","6/13/20","233","53","37107","22.75"
"Lincoln","3","125","North Carolina","6/13/20","101","24","37109","23.76"
"Macon","9","185","North Carolina","6/13/20","120","65","37113","54.17"
"Madison","0","5","North Carolina","6/13/20","4","1","37115","25"
"Martin","2","94","North Carolina","6/13/20","77","17","37117","22.08"
"McDowell","7","142","North Carolina","6/13/20","95","47","37111","49.47"
"Mecklenburg","215","6862","North Carolina","6/13/20","5358","1504","37119","28.07"
"Mitchell","0","17","North Carolina","6/13/20","17","0","37121","0"
"Montgomery","6","205","North Carolina","6/13/20","162","43","37123","26.54"
"Moore","6","298","North Carolina","6/13/20","253","45","37125","17.79"
"Nash","7","277","North Carolina","6/13/20","228","49","37127","21.49"
"New Hanover","12","334","North Carolina","6/13/20","252","82","37129","32.54"
"Northampton","1","170","North Carolina","6/13/20","165","5","37131","3.03"
"Onslow","5","156","North Carolina","6/13/20","121","35","37133","28.93"
"Orange","9","453","North Carolina","6/13/20","388","65","37135","16.75"
"Pamlico","1","15","North Carolina","6/13/20","10","5","37137","50"
"Pasquotank","2","131","North Carolina","6/13/20","119","12","37139","10.08"
"Pender","4","129","North Carolina","6/13/20","103","26","37141","25.24"
"Perquimans","0","29","North Carolina","6/13/20","26","3","37143","11.54"
"Person","2","73","North Carolina","6/13/20","57","16","37145","28.07"
"Pitt","12","464","North Carolina","6/13/20","382","82","37147","21.47"
"Polk","1","55","North Carolina","6/13/20","47","8","37149","17.02"
"Randolph","18","908","North Carolina","6/13/20","779","129","37151","16.56"
"Richmond","3","201","North Carolina","6/13/20","182","19","37153","10.44"
"Robeson","19","1040","North Carolina","6/13/20","905","135","37155","14.92"
"Rockingham","2","130","North Carolina","6/13/20","113","17","37157","15.04"
"Rowan","18","862","North Carolina","6/13/20","735","127","37159","17.28"
"Rutherford","3","217","North Carolina","6/13/20","194","23","37161","11.86"
"Sampson","22","728","North Carolina","6/13/20","571","157","37163","27.5"
"Scotland","2","107","North Carolina","6/13/20","95","12","37165","12.63"
"Stanly","5","150","North Carolina","6/13/20","115","35","37167","30.43"
"Stokes","1","92","North Carolina","6/13/20","83","9","37169","10.84"
"Surry","8","327","North Carolina","6/13/20","273","54","37171","19.78"
"Swain","2","39","North Carolina","6/13/20","25","14","37173","56"
"Transylvania","0","16","North Carolina","6/13/20","16","0","37175","0"
"Tyrrell","0","5","North Carolina","6/13/20","4","1","37177","25"
"Union","18","690","North Carolina","6/13/20","567","123","37179","21.69"
"Vance","6","408","North Carolina","6/13/20","364","44","37181","12.09"
"Wake","105","2892","North Carolina","6/13/20","2155","737","37183","34.2"
"Warren","6","129","North Carolina","6/13/20","89","40","37185","44.94"
"Washington","0","34","North Carolina","6/13/20","32","2","37187","6.25"
"Watauga","1","43","North Carolina","6/13/20","38","5","37189","13.16"
"Wayne","28","1467","North Carolina","6/13/20","1268","199","37191","15.69"
"Wilkes","5","542","North Carolina","6/13/20","507","35","37193","6.9"
"Wilson","10","496","North Carolina","6/13/20","426","70","37195","16.43"
"Yadkin","3","233","North Carolina","6/13/20","215","18","37197","8.37"
"Yancey","0","24","North Carolina","6/13/20","21","3","37199","14.29"
"Barnes","0","9","North Dakota","6/13/20","9","0","38003","0"
"Benson","0","3","North Dakota","6/13/20","2","1","38005","50"
"Bottineau","0","4","North Dakota","6/13/20","3","1","38009","33.33"
"Bowman","0","1","North Dakota","6/13/20","1","0","38011","0"
"Burke","0","5","North Dakota","6/13/20","5","0","38013","0"
"Burleigh","3","159","North Dakota","6/13/20","141","18","38015","12.77"
"Cass","22","2037","North Dakota","6/13/20","1880","157","38017","8.35"
"Dickey","0","3","North Dakota","6/13/20","1","2","38021","200"
"Divide","0","1","North Dakota","6/13/20","1","0","38023","0"
"Dunn","0","11","North Dakota","6/13/20","11","0","38025","0"
"Eddy","0","5","North Dakota","6/13/20","4","1","38027","25"
"Emmons","0","4","North Dakota","6/13/20","4","0","38029","0"
"Foster","0","1","North Dakota","6/13/20","1","0","38031","0"
"Grand Forks","1","342","North Dakota","6/13/20","336","6","38035","1.79"
"Grant","0","2","North Dakota","6/13/20","2","0","38037","0"
"Griggs","0","1","North Dakota","6/13/20","1","0","38039","0"
"Kidder","0","2","North Dakota","6/13/20","0","2","38043","1"
"LaMoure","1","9","North Dakota","6/13/20","1","8","38045","800"
"McHenry","0","2","North Dakota","6/13/20","2","0","38049","0"
"McIntosh","0","1","North Dakota","6/13/20","1","0","38051","0"
"McKenzie","0","21","North Dakota","6/13/20","18","3","38053","16.67"
"McLean","0","9","North Dakota","6/13/20","7","2","38055","28.57"
"Mercer","0","6","North Dakota","6/13/20","6","0","38057","0"
"Morton","0","63","North Dakota","6/13/20","60","3","38059","5"
"Mountrail","0","43","North Dakota","6/13/20","42","1","38061","2.38"
"Nelson","0","1","North Dakota","6/13/20","1","0","38063","0"
"Oliver","0","1","North Dakota","6/13/20","1","0","38065","0"
"Pembina","0","6","North Dakota","6/13/20","6","0","38067","0"
"Pierce","0","3","North Dakota","6/13/20","3","0","38069","0"
"Ramsey","0","8","North Dakota","6/13/20","8","0","38071","0"
"Ransom","0","12","North Dakota","6/13/20","11","1","38073","9.09"
"Renville","0","3","North Dakota","6/13/20","3","0","38075","0"
"Richland","1","36","North Dakota","6/13/20","27","9","38077","33.33"
"Rolette","0","7","North Dakota","6/13/20","6","1","38079","16.67"
"Sargent","0","4","North Dakota","6/13/20","4","0","38081","0"
"Sheridan","0","1","North Dakota","6/13/20","1","0","38083","0"
"Sioux","0","3","North Dakota","6/13/20","2","1","38085","50"
"Slope","0","3","North Dakota","6/13/20","3","0","38087","0"
"Stark","0","63","North Dakota","6/13/20","62","1","38089","1.61"
"Steele","0","1","North Dakota","6/13/20","1","0","38091","0"
"Stutsman","2","51","North Dakota","6/13/20","35","16","38093","45.71"
"Traill","0","15","North Dakota","6/13/20","14","1","38097","7.14"
"Walsh","0","16","North Dakota","6/13/20","16","0","38099","0"
"Ward","0","46","North Dakota","6/13/20","43","3","38101","6.98"
"Wells","0","8","North Dakota","6/13/20","5","3","38103","60"
"Williams","0","26","North Dakota","6/13/20","25","1","38105","4"
"","1","30","Northern Mariana Islands","6/13/20","26","4",,"15.38"
"Adams","0","14","Ohio","6/13/20","11","3","39001","27.27"
"Allen","2","238","Ohio","6/13/20","222","16","39003","7.21"
"Ashland","1","28","Ohio","6/13/20","24","4","39005","16.67"
"Ashtabula","1","382","Ohio","6/13/20","372","10","39007","2.69"
"Athens","1","23","Ohio","6/13/20","18","5","39009","27.78"
"Auglaize","1","84","Ohio","6/13/20","78","6","39011","7.69"
"Belmont","2","466","Ohio","6/13/20","450","16","39013","3.56"
"Brown","1","38","Ohio","6/13/20","31","7","39015","22.58"
"Butler","14","1080","Ohio","6/13/20","985","95","39017","9.64"
"Carroll","0","37","Ohio","6/13/20","36","1","39019","2.78"
"Champaign","1","34","Ohio","6/13/20","29","5","39021","17.24"
"Clark","10","403","Ohio","6/13/20","336","67","39023","19.94"
"Clermont","2","237","Ohio","6/13/20","224","13","39025","5.8"
"Clinton","1","52","Ohio","6/13/20","47","5","39027","10.64"
"Columbiana","3","916","Ohio","6/13/20","894","22","39029","2.46"
"Coshocton","0","51","Ohio","6/13/20","48","3","39031","6.25"
"Crawford","1","122","Ohio","6/13/20","118","4","39033","3.39"
"Cuyahoga","45","5144","Ohio","6/13/20","4827","317","39035","6.57"
"Darke","4","222","Ohio","6/13/20","191","31","39037","16.23"
"Defiance","1","40","Ohio","6/13/20","35","5","39039","14.29"
"Delaware","4","394","Ohio","6/13/20","366","28","39041","7.65"
"Erie","4","209","Ohio","6/13/20","184","25","39043","13.59"
"Fairfield","6","360","Ohio","6/13/20","321","39","39045","12.15"
"Fayette","0","44","Ohio","6/13/20","42","2","39047","4.76"
"Franklin","89","7030","Ohio","6/13/20","6406","624","39049","9.74"
"Fulton","1","52","Ohio","6/13/20","45","7","39051","15.56"
"Gallia","0","9","Ohio","6/13/20","9","0","39053","0"
"Geauga","4","331","Ohio","6/13/20","306","25","39055","8.17"
"Greene","4","133","Ohio","6/13/20","108","25","39057","23.15"
"Guernsey","0","44","Ohio","6/13/20","41","3","39059","7.32"
"Hamilton","43","3130","Ohio","6/13/20","2831","299","39061","10.56"
"Hancock","1","61","Ohio","6/13/20","54","7","39063","12.96"
"Hardin","3","92","Ohio","6/13/20","73","19","39065","26.03"
"Harrison","0","10","Ohio","6/13/20","10","0","39067","0"
"Henry","0","20","Ohio","6/13/20","19","1","39069","5.26"
"Highland","1","33","Ohio","6/13/20","29","4","39071","13.79"
"Hocking","0","73","Ohio","6/13/20","71","2","39073","2.82"
"Holmes","4","87","Ohio","6/13/20","60","27","39075","45"
"Huron","2","74","Ohio","6/13/20","62","12","39077","19.35"
"Jackson","0","16","Ohio","6/13/20","15","1","39079","6.67"
"Jefferson","0","70","Ohio","6/13/20","68","2","39081","2.94"
"Knox","1","31","Ohio","6/13/20","26","5","39083","19.23"
"Lake","3","346","Ohio","6/13/20","327","19","39085","5.81"
"Lawrence","0","32","Ohio","6/13/20","30","2","39087","6.67"
"Licking","4","305","Ohio","6/13/20","275","30","39089","10.91"
"Logan","1","48","Ohio","6/13/20","43","5","39091","11.63"
"Lorain","7","786","Ohio","6/13/20","737","49","39093","6.65"
"Lucas","11","2419","Ohio","6/13/20","2340","79","39095","3.38"
"Madison","1","168","Ohio","6/13/20","164","4","39097","2.44"
"Mahoning","12","1586","Ohio","6/13/20","1502","84","39099","5.59"
"Marion","2","2704","Ohio","6/13/20","2689","15","39101","0.56"
"Medina","2","397","Ohio","6/13/20","382","15","39103","3.93"
"Meigs","0","6","Ohio","6/13/20","6","0","39105","0"
"Mercer","2","244","Ohio","6/13/20","230","14","39107","6.09"
"Miami","2","384","Ohio","6/13/20","373","11","39109","2.95"
"Monroe","0","83","Ohio","6/13/20","80","3","39111","3.75"
"Montgomery","24","934","Ohio","6/13/20","766","168","39113","21.93"
"Morgan","0","6","Ohio","6/13/20","6","0","39115","0"
"Morrow","0","110","Ohio","6/13/20","108","2","39117","1.85"
"Muskingum","0","57","Ohio","6/13/20","56","1","39119","1.79"
"Noble","0","6","Ohio","6/13/20","6","0","39121","0"
"Ottawa","1","116","Ohio","6/13/20","109","7","39123","6.42"
"Paulding","0","14","Ohio","6/13/20","14","0","39125","0"
"Perry","0","23","Ohio","6/13/20","20","3","39127","15"
"Pickaway","3","2123","Ohio","6/13/20","2099","24","39129","1.14"
"Pike","0","9","Ohio","6/13/20","9","0","39131","0"
"Portage","2","352","Ohio","6/13/20","338","14","39133","4.14"
"Preble","0","42","Ohio","6/13/20","39","3","39135","7.69"
"Putnam","1","101","Ohio","6/13/20","96","5","39137","5.21"
"Richland","3","246","Ohio","6/13/20","223","23","39139","10.31"
"Ross","1","79","Ohio","6/13/20","73","6","39141","8.22"
"Sandusky","1","102","Ohio","6/13/20","94","8","39143","8.51"
"Scioto","0","21","Ohio","6/13/20","18","3","39145","16.67"
"Seneca","0","29","Ohio","6/13/20","27","2","39147","7.41"
"Shelby","0","49","Ohio","6/13/20","47","2","39149","4.26"
"Stark","6","855","Ohio","6/13/20","813","42","39151","5.17"
"Summit","16","1655","Ohio","6/13/20","1540","115","39153","7.47"
"Trumbull","6","652","Ohio","6/13/20","607","45","39155","7.41"
"Tuscarawas","3","398","Ohio","6/13/20","376","22","39157","5.85"
"Union","1","62","Ohio","6/13/20","58","4","39159","6.9"
"Van Wert","0","10","Ohio","6/13/20","8","2","39161","25"
"Vinton","0","22","Ohio","6/13/20","20","2","39163","10"
"Warren","14","508","Ohio","6/13/20","413","95","39165","23"
"Washington","0","118","Ohio","6/13/20","118","0","39167","0"
"Wayne","1","304","Ohio","6/13/20","296","8","39169","2.7"
"Williams","0","58","Ohio","6/13/20","58","0","39171","0"
"Wood","2","320","Ohio","6/13/20","308","12","39173","3.9"
"Wyandot","0","48","Ohio","6/13/20","48","0","39175","0"
"Adair","0","96","Oklahoma","6/13/20","93","3","40001","3.23"
"Alfalfa","0","1","Oklahoma","6/13/20","1","0","40003","0"
"Atoka","1","8","Oklahoma","6/13/20","4","4","40005","100"
"Beaver","1","30","Oklahoma","6/13/20","24","6","40007","25"
"Beckham","0","7","Oklahoma","6/13/20","7","0","40009","0"
"Blaine","0","9","Oklahoma","6/13/20","9","0","40011","0"
"Bryan","2","48","Oklahoma","6/13/20","35","13","40013","37.14"
"Caddo","1","175","Oklahoma","6/13/20","168","7","40015","4.17"
"Canadian","1","148","Oklahoma","6/13/20","141","7","40017","4.96"
"Carter","1","57","Oklahoma","6/13/20","51","6","40019","11.76"
"Cherokee","2","43","Oklahoma","6/13/20","31","12","40021","38.71"
"Choctaw","1","102","Oklahoma","6/13/20","98","4","40023","4.08"
"Cimarron","0","1","Oklahoma","6/13/20","1","0","40025","0"
"Cleveland","4","544","Oklahoma","6/13/20","519","25","40027","4.82"
"Coal","0","6","Oklahoma","6/13/20","5","1","40029","20"
"Comanche","3","333","Oklahoma","6/13/20","309","24","40031","7.77"
"Cotton","0","5","Oklahoma","6/13/20","5","0","40033","0"
"Craig","0","16","Oklahoma","6/13/20","15","1","40035","6.67"
"Creek","1","105","Oklahoma","6/13/20","99","6","40037","6.06"
"Custer","1","41","Oklahoma","6/13/20","32","9","40039","28.12"
"Delaware","1","107","Oklahoma","6/13/20","100","7","40041","7"
"Dewey","0","2","Oklahoma","6/13/20","2","0","40043","0"
"Garfield","2","46","Oklahoma","6/13/20","29","17","40047","58.62"
"Garvin","0","20","Oklahoma","6/13/20","18","2","40049","11.11"
"Grady","1","116","Oklahoma","6/13/20","107","9","40051","8.41"
"Grant","0","2","Oklahoma","6/13/20","2","0","40053","0"
"Greer","0","66","Oklahoma","6/13/20","66","0","40055","0"
"Harper","0","1","Oklahoma","6/13/20","1","0","40059","0"
"Haskell","0","6","Oklahoma","6/13/20","6","0","40061","0"
"Hughes","0","3","Oklahoma","6/13/20","3","0","40063","0"
"Jackson","0","30","Oklahoma","6/13/20","27","3","40065","11.11"
"Jefferson","0","4","Oklahoma","6/13/20","4","0","40067","0"
"Johnston","0","4","Oklahoma","6/13/20","3","1","40069","33.33"
"Kay","1","65","Oklahoma","6/13/20","59","6","40071","10.17"
"Kingfisher","0","12","Oklahoma","6/13/20","12","0","40073","0"
"Kiowa","0","6","Oklahoma","6/13/20","6","0","40075","0"
"Latimer","0","6","Oklahoma","6/13/20","5","1","40077","20"
"Le Flore","1","19","Oklahoma","6/13/20","15","4","40079","26.67"
"Lincoln","0","22","Oklahoma","6/13/20","22","0","40081","0"
"Logan","1","23","Oklahoma","6/13/20","19","4","40083","21.05"
"Love","1","22","Oklahoma","6/13/20","16","6","40085","37.5"
"Major","0","6","Oklahoma","6/13/20","6","0","40093","0"
"Marshall","1","15","Oklahoma","6/13/20","9","6","40095","66.67"
"Mayes","4","56","Oklahoma","6/13/20","31","25","40097","80.65"
"McClain","1","113","Oklahoma","6/13/20","109","4","40087","3.67"
"McCurtain","9","143","Oklahoma","6/13/20","81","62","40089","76.54"
"McIntosh","0","16","Oklahoma","6/13/20","14","2","40091","14.29"
"Murray","0","6","Oklahoma","6/13/20","5","1","40099","20"
"Muskogee","2","74","Oklahoma","6/13/20","61","13","40101","21.31"
"Noble","0","9","Oklahoma","6/13/20","7","2","40103","28.57"
"Nowata","0","25","Oklahoma","6/13/20","23","2","40105","8.7"
"Okfuskee","0","6","Oklahoma","6/13/20","5","1","40107","20"
"Oklahoma","29","1561","Oklahoma","6/13/20","1360","201","40109","14.78"
"Okmulgee","0","29","Oklahoma","6/13/20","26","3","40111","11.54"
"Osage","1","106","Oklahoma","6/13/20","101","5","40113","4.95"
"Ottawa","0","37","Oklahoma","6/13/20","35","2","40115","5.71"
"Pawnee","1","41","Oklahoma","6/13/20","33","8","40117","24.24"
"Payne","7","97","Oklahoma","6/13/20","48","49","40119","102.08"
"Pittsburg","0","43","Oklahoma","6/13/20","41","2","40121","4.88"
"Pontotoc","0","21","Oklahoma","6/13/20","18","3","40123","16.67"
"Pottawatomie","1","67","Oklahoma","6/13/20","63","4","40125","6.35"
"Pushmataha","0","7","Oklahoma","6/13/20","5","2","40127","40"
"Rogers","1","95","Oklahoma","6/13/20","85","10","40131","11.76"
"Seminole","0","31","Oklahoma","6/13/20","30","1","40133","3.33"
"Sequoyah","0","20","Oklahoma","6/13/20","17","3","40135","17.65"
"Stephens","0","44","Oklahoma","6/13/20","41","3","40137","7.32"
"Texas","3","968","Oklahoma","6/13/20","944","24","40139","2.54"
"Tillman","0","23","Oklahoma","6/13/20","23","0","40141","0"
"Tulsa","51","1525","Oklahoma","6/13/20","1165","360","40143","30.9"
"Wagoner","2","168","Oklahoma","6/13/20","153","15","40145","9.8"
"Washington","1","348","Oklahoma","6/13/20","340","8","40147","2.35"
"Washita","0","2","Oklahoma","6/13/20","2","0","40149","0"
"Woods","0","5","Oklahoma","6/13/20","4","1","40151","25"
"Woodward","1","9","Oklahoma","6/13/20","5","4","40153","80"
"Baker","0","1","Oregon","6/13/20","1","0","41001","0"
"Benton","0","63","Oregon","6/13/20","62","1","41003","1.61"
"Clackamas","17","455","Oregon","6/13/20","339","116","41005","34.22"
"Clatsop","0","46","Oregon","6/13/20","45","1","41007","2.22"
"Columbia","1","20","Oregon","6/13/20","16","4","41009","25"
"Coos","0","32","Oregon","6/13/20","32","0","41011","0"
"Crook","0","8","Oregon","6/13/20","6","2","41013","33.33"
"Curry","0","7","Oregon","6/13/20","7","0","41015","0"
"Deschutes","0","137","Oregon","6/13/20","134","3","41017","2.24"
"Douglas","0","29","Oregon","6/13/20","29","0","41019","0"
"Grant","0","1","Oregon","6/13/20","1","0","41023","0"
"Harney","0","1","Oregon","6/13/20","1","0","41025","0"
"Hood River","5","71","Oregon","6/13/20","37","34","41027","91.89"
"Jackson","1","78","Oregon","6/13/20","69","9","41029","13.04"
"Jefferson","1","65","Oregon","6/13/20","55","10","41031","18.18"
"Josephine","0","23","Oregon","6/13/20","23","0","41033","0"
"Klamath","0","48","Oregon","6/13/20","45","3","41035","6.67"
"Lake","0","4","Oregon","6/13/20","2","2","41037","100"
"Lane","1","85","Oregon","6/13/20","80","5","41039","6.25"
"Lincoln","22","184","Oregon","6/13/20","27","157","41041","581.48"
"Linn","0","124","Oregon","6/13/20","124","0","41043","0"
"Malheur","0","33","Oregon","6/13/20","33","0","41045","0"
"Marion","15","1134","Oregon","6/13/20","1028","106","41047","10.31"
"Morrow","0","13","Oregon","6/13/20","12","1","41049","8.33"
"Multnomah","29","1440","Oregon","6/13/20","1236","204","41051","16.5"
"Polk","2","117","Oregon","6/13/20","100","17","41053","17"
"Sherman","0","1","Oregon","6/13/20","1","0","41055","0"
"Tillamook","0","6","Oregon","6/13/20","6","0","41057","0"
"Umatilla","5","157","Oregon","6/13/20","125","32","41059","25.6"
"Union","1","12","Oregon","6/13/20","6","6","41061","100"
"Wallowa","0","4","Oregon","6/13/20","2","2","41063","100"
"Wasco","1","38","Oregon","6/13/20","32","6","41065","18.75"
"Washington","11","849","Oregon","6/13/20","775","74","41067","9.55"
"Yamhill","2","91","Oregon","6/13/20","79","12","41071","15.19"
"Adams","3","289","Pennsylvania","6/13/20","269","20","42001","7.43"
"Allegheny","12","2076","Pennsylvania","6/13/20","1989","87","42003","4.37"
"Armstrong","0","66","Pennsylvania","6/13/20","65","1","42005","1.54"
"Beaver","2","611","Pennsylvania","6/13/20","598","13","42007","2.17"
"Bedford","0","46","Pennsylvania","6/13/20","43","3","42009","6.98"
"Berks","17","4303","Pennsylvania","6/13/20","4184","119","42011","2.84"
"Blair","0","55","Pennsylvania","6/13/20","53","2","42013","3.77"
"Bradford","0","47","Pennsylvania","6/13/20","46","1","42015","2.17"
"Bucks","25","5419","Pennsylvania","6/13/20","5243","176","42017","3.36"
"Butler","2","257","Pennsylvania","6/13/20","244","13","42019","5.33"
"Cambria","0","61","Pennsylvania","6/13/20","59","2","42021","3.39"
"Cameron","0","2","Pennsylvania","6/13/20","2","0","42023","0"
"Carbon","1","257","Pennsylvania","6/13/20","248","9","42025","3.63"
"Centre","2","167","Pennsylvania","6/13/20","155","12","42027","7.74"
"Chester","36","3269","Pennsylvania","6/13/20","3014","255","42029","8.46"
"Clarion","1","31","Pennsylvania","6/13/20","27","4","42031","14.81"
"Clearfield","1","52","Pennsylvania","6/13/20","44","8","42033","18.18"
"Clinton","0","63","Pennsylvania","6/13/20","60","3","42035","5"
"Columbia","2","376","Pennsylvania","6/13/20","361","15","42037","4.16"
"Crawford","1","35","Pennsylvania","6/13/20","30","5","42039","16.67"
"Cumberland","9","725","Pennsylvania","6/13/20","665","60","42041","9.02"
"Dauphin","22","1606","Pennsylvania","6/13/20","1451","155","42043","10.68"
"Delaware","30","6868","Pennsylvania","6/13/20","6659","209","42045","3.14"
"Elk","0","6","Pennsylvania","6/13/20","6","0","42047","0"
"Erie","13","451","Pennsylvania","6/13/20","363","88","42049","24.24"
"Fayette","0","95","Pennsylvania","6/13/20","95","0","42051","0"
"Forest","0","7","Pennsylvania","6/13/20","7","0","42053","0"
"Franklin","7","843","Pennsylvania","6/13/20","792","51","42055","6.44"
"Fulton","0","16","Pennsylvania","6/13/20","16","0","42057","0"
"Greene","0","30","Pennsylvania","6/13/20","27","3","42059","11.11"
"Huntingdon","0","239","Pennsylvania","6/13/20","236","3","42061","1.27"
"Indiana","0","93","Pennsylvania","6/13/20","91","2","42063","2.2"
"Jefferson","0","18","Pennsylvania","6/13/20","16","2","42065","12.5"
"Juniata","2","107","Pennsylvania","6/13/20","96","11","42067","11.46"
"Lackawanna","3","1600","Pennsylvania","6/13/20","1579","21","42069","1.33"
"Lancaster","45","3719","Pennsylvania","6/13/20","3404","315","42071","9.25"
"Lawrence","0","87","Pennsylvania","6/13/20","84","3","42073","3.57"
"Lebanon","20","1162","Pennsylvania","6/13/20","1021","141","42075","13.81"
"Lehigh","13","3939","Pennsylvania","6/13/20","3846","93","42077","2.42"
"Luzerne","5","2824","Pennsylvania","6/13/20","2791","33","42079","1.18"
"Lycoming","1","171","Pennsylvania","6/13/20","166","5","42081","3.01"
"McKean","0","13","Pennsylvania","6/13/20","13","0","42083","0"
"Mercer","0","114","Pennsylvania","6/13/20","111","3","42085","2.7"
"Mifflin","0","59","Pennsylvania","6/13/20","59","0","42087","0"
"Monroe","1","1347","Pennsylvania","6/13/20","1338","9","42089","0.67"
"Montgomery","46","7865","Pennsylvania","6/13/20","7542","323","42091","4.28"
"Montour","2","64","Pennsylvania","6/13/20","53","11","42093","20.75"
"Northampton","13","3232","Pennsylvania","6/13/20","3144","88","42095","2.8"
"Northumberland","2","222","Pennsylvania","6/13/20","208","14","42097","6.73"
"Perry","1","71","Pennsylvania","6/13/20","67","4","42099","5.97"
"Philadelphia","116","24338","Pennsylvania","6/13/20","23529","809","42101","3.44"
"Pike","0","482","Pennsylvania","6/13/20","481","1","42103","0.21"
"Potter","0","13","Pennsylvania","6/13/20","11","2","42105","18.18"
"Schuylkill","4","681","Pennsylvania","6/13/20","656","25","42107","3.81"
"Snyder","1","59","Pennsylvania","6/13/20","54","5","42109","9.26"
"Somerset","0","40","Pennsylvania","6/13/20","39","1","42111","2.56"
"Sullivan","0","3","Pennsylvania","6/13/20","3","0","42113","0"
"Susquehanna","5","169","Pennsylvania","6/13/20","133","36","42115","27.07"
"Tioga","0","20","Pennsylvania","6/13/20","19","1","42117","5.26"
"Union","1","81","Pennsylvania","6/13/20","71","10","42119","14.08"
"Venango","0","17","Pennsylvania","6/13/20","15","2","42121","13.33"
"Warren","0","5","Pennsylvania","6/13/20","5","0","42123","0"
"Washington","1","155","Pennsylvania","6/13/20","146","9","42125","6.16"
"Wayne","0","126","Pennsylvania","6/13/20","123","3","42127","2.44"
"Westmoreland","4","487","Pennsylvania","6/13/20","457","30","42129","6.56"
"Wyoming","0","36","Pennsylvania","6/13/20","34","2","42131","5.88"
"York","15","1157","Pennsylvania","6/13/20","1049","108","42133","10.3"
"","111","5690","Puerto Rico","6/13/20","4915","775",,"15.77"
"Bristol","1","231","Rhode Island","6/13/20","224","7","44001","3.12"
"Kent","8","1105","Rhode Island","6/13/20","1052","53","44003","5.04"
"Newport","4","269","Rhode Island","6/13/20","244","25","44005","10.25"
"Providence","130","11959","Rhode Island","6/13/20","11052","907","44007","8.21"
"Washington","2","513","Rhode Island","6/13/20","499","14","44009","2.81"
"Abbeville","2","63","South Carolina","6/13/20","47","16","45001","34.04"
"Aiken","2","228","South Carolina","6/13/20","216","12","45003","5.56"
"Allendale","0","40","South Carolina","6/13/20","39","1","45005","2.56"
"Anderson","8","316","South Carolina","6/13/20","263","53","45007","20.15"
"Bamberg","1","41","South Carolina","6/13/20","33","8","45009","24.24"
"Barnwell","0","54","South Carolina","6/13/20","52","2","45011","3.85"
"Beaufort","21","566","South Carolina","6/13/20","417","149","45013","35.73"
"Berkeley","15","364","South Carolina","6/13/20","257","107","45015","41.63"
"Calhoun","2","30","South Carolina","6/13/20","19","11","45017","57.89"
"Charleston","44","1015","South Carolina","6/13/20","709","306","45019","43.16"
"Cherokee","6","91","South Carolina","6/13/20","49","42","45021","85.71"
"Chester","3","116","South Carolina","6/13/20","96","20","45023","20.83"
"Chesterfield","7","284","South Carolina","6/13/20","236","48","45025","20.34"
"Clarendon","3","327","South Carolina","6/13/20","304","23","45027","7.57"
"Colleton","9","190","South Carolina","6/13/20","128","62","45029","48.44"
"Darlington","4","347","South Carolina","6/13/20","316","31","45031","9.81"
"Dillon","3","200","South Carolina","6/13/20","177","23","45033","12.99"
"Dorchester","8","245","South Carolina","6/13/20","189","56","45035","29.63"
"Edgefield","1","59","South Carolina","6/13/20","54","5","45037","9.26"
"Fairfield","3","225","South Carolina","6/13/20","203","22","45039","10.84"
"Florence","12","793","South Carolina","6/13/20","707","86","45041","12.16"
"Georgetown","10","150","South Carolina","6/13/20","82","68","45043","82.93"
"Greenville","121","2779","South Carolina","6/13/20","1934","845","45045","43.69"
"Greenwood","16","273","South Carolina","6/13/20","160","113","45047","70.62"
"Hampton","2","50","South Carolina","6/13/20","38","12","45049","31.58"
"Horry","72","1037","South Carolina","6/13/20","536","501","45051","93.47"
"Jasper","1","54","South Carolina","6/13/20","45","9","45053","20"
"Kershaw","9","430","South Carolina","6/13/20","368","62","45055","16.85"
"Lancaster","7","239","South Carolina","6/13/20","189","50","45057","26.46"
"Laurens","7","129","South Carolina","6/13/20","77","52","45059","67.53"
"Lee","1","233","South Carolina","6/13/20","227","6","45061","2.64"
"Lexington","47","1098","South Carolina","6/13/20","766","332","45063","43.34"
"Marion","3","95","South Carolina","6/13/20","74","21","45067","28.38"
"Marlboro","5","231","South Carolina","6/13/20","198","33","45069","16.67"
"McCormick","0","11","South Carolina","6/13/20","10","1","45065","10"
"Newberry","3","95","South Carolina","6/13/20","71","24","45071","33.8"
"Oconee","3","76","South Carolina","6/13/20","55","21","45073","38.18"
"Orangeburg","13","330","South Carolina","6/13/20","242","88","45075","36.36"
"Pickens","14","281","South Carolina","6/13/20","186","95","45077","51.08"
"Richland","68","2140","South Carolina","6/13/20","1666","474","45079","28.45"
"Saluda","1","158","South Carolina","6/13/20","151","7","45081","4.64"
"Spartanburg","34","938","South Carolina","6/13/20","701","237","45083","33.81"
"Sumter","24","594","South Carolina","6/13/20","426","168","45085","39.44"
"Union","1","45","South Carolina","6/13/20","40","5","45087","12.5"
"Williamsburg","4","282","South Carolina","6/13/20","254","28","45089","11.02"
"York","24","613","South Carolina","6/13/20","446","167","45091","37.44"
"Aurora","1","33","South Dakota","6/13/20","29","4","46003","13.79"
"Beadle","10","434","South Dakota","6/13/20","361","73","46005","20.22"
"Bon Homme","0","8","South Dakota","6/13/20","8","0","46009","0"
"Brookings","1","26","South Dakota","6/13/20","22","4","46011","18.18"
"Brown","2","310","South Dakota","6/13/20","295","15","46013","5.08"
"Brule","1","9","South Dakota","6/13/20","2","7","46015","350"
"Buffalo","3","47","South Dakota","6/13/20","24","23","46017","95.83"
"Charles Mix","1","30","South Dakota","6/13/20","20","10","46023","50"
"Clark","1","9","South Dakota","6/13/20","4","5","46025","125"
"Clay","5","65","South Dakota","6/13/20","27","38","46027","140.74"
"Codington","1","45","South Dakota","6/13/20","41","4","46029","9.76"
"Corson","1","10","South Dakota","6/13/20","4","6","46031","150"
"Custer","0","2","South Dakota","6/13/20","1","1","46033","100"
"Davison","1","32","South Dakota","6/13/20","27","5","46035","18.52"
"Day","0","13","South Dakota","6/13/20","13","0","46037","0"
"Deuel","0","1","South Dakota","6/13/20","1","0","46039","0"
"Dewey","0","2","South Dakota","6/13/20","1","1","46041","100"
"Douglas","0","4","South Dakota","6/13/20","3","1","46043","33.33"
"Edmunds","0","4","South Dakota","6/13/20","3","1","46045","33.33"
"Fall River","0","6","South Dakota","6/13/20","6","0","46047","0"
"Faulk","3","19","South Dakota","6/13/20","1","18","46049","1800"
"Grant","0","13","South Dakota","6/13/20","13","0","46051","0"
"Gregory","0","1","South Dakota","6/13/20","1","0","46053","0"
"Hamlin","1","10","South Dakota","6/13/20","5","5","46057","100"
"Hand","0","6","South Dakota","6/13/20","5","1","46059","20"
"Hanson","0","3","South Dakota","6/13/20","2","1","46061","50"
"Hughes","0","21","South Dakota","6/13/20","19","2","46065","10.53"
"Hutchinson","0","8","South Dakota","6/13/20","6","2","46067","33.33"
"Hyde","0","3","South Dakota","6/13/20","1","2","46069","200"
"Jackson","0","5","South Dakota","6/13/20","4","1","46071","25"
"Jerauld","0","40","South Dakota","6/13/20","39","1","46073","2.56"
"Kingsbury","0","5","South Dakota","6/13/20","4","1","46077","25"
"Lake","0","14","South Dakota","6/13/20","13","1","46079","7.69"
"Lawrence","0","12","South Dakota","6/13/20","12","0","46081","0"
"Lincoln","2","265","South Dakota","6/13/20","250","15","46083","6"
"Lyman","2","33","South Dakota","6/13/20","22","11","46085","50"
"Marshall","0","4","South Dakota","6/13/20","4","0","46091","0"
"McCook","0","8","South Dakota","6/13/20","6","2","46087","33.33"
"McPherson","0","3","South Dakota","6/13/20","2","1","46089","50"
"Meade","1","33","South Dakota","6/13/20","24","9","46093","37.5"
"Mellette","0","1","South Dakota","6/13/20","0","1","46095","1"
"Miner","0","3","South Dakota","6/13/20","2","1","46097","50"
"Minnehaha","10","3467","South Dakota","6/13/20","3397","70","46099","2.06"
"Moody","0","20","South Dakota","6/13/20","19","1","46101","5.26"
"Oglala Lakota","1","45","South Dakota","6/13/20","35","10","46102","28.57"
"Pennington","12","378","South Dakota","6/13/20","297","81","46103","27.27"
"Roberts","0","40","South Dakota","6/13/20","38","2","46109","5.26"
"Sanborn","0","13","South Dakota","6/13/20","13","0","46111","0"
"Spink","0","5","South Dakota","6/13/20","5","0","46115","0"
"Stanley","0","11","South Dakota","6/13/20","10","1","46117","10"
"Sully","0","1","South Dakota","6/13/20","1","0","46119","0"
"Todd","2","47","South Dakota","6/13/20","36","11","46121","30.56"
"Tripp","0","7","South Dakota","6/13/20","6","1","46123","16.67"
"Turner","0","25","South Dakota","6/13/20","25","0","46125","0"
"Union","2","109","South Dakota","6/13/20","98","11","46127","11.22"
"Walworth","0","5","South Dakota","6/13/20","5","0","46129","0"
"Yankton","1","58","South Dakota","6/13/20","53","5","46135","9.43"
"Ziebach","0","2","South Dakota","6/13/20","2","0","46137","0"
"Anderson","2","60","Tennessee","6/13/20","45","15","47001","33.33"
"Bedford","9","379","Tennessee","6/13/20","314","65","47003","20.7"
"Benton","0","8","Tennessee","6/13/20","8","0","47005","0"
"Bledsoe","0","614","Tennessee","6/13/20","614","0","47007","0"
"Blount","2","104","Tennessee","6/13/20","93","11","47009","11.83"
"Bradley","13","272","Tennessee","6/13/20","184","88","47011","47.83"
"Campbell","1","24","Tennessee","6/13/20","18","6","47013","33.33"
"Cannon","0","34","Tennessee","6/13/20","32","2","47015","6.25"
"Carroll","1","35","Tennessee","6/13/20","28","7","47017","25"
"Carter","0","20","Tennessee","6/13/20","19","1","47019","5.26"
"Cheatham","2","153","Tennessee","6/13/20","141","12","47021","8.51"
"Chester","0","12","Tennessee","6/13/20","12","0","47023","0"
"Claiborne","0","15","Tennessee","6/13/20","12","3","47025","25"
"Clay","0","10","Tennessee","6/13/20","8","2","47027","25"
"Cocke","1","26","Tennessee","6/13/20","21","5","47029","23.81"
"Coffee","2","94","Tennessee","6/13/20","81","13","47031","16.05"
"Crockett","0","18","Tennessee","6/13/20","16","2","47033","12.5"
"Cumberland","1","131","Tennessee","6/13/20","124","7","47035","5.65"
"Davidson","99","6435","Tennessee","6/13/20","5742","693","47037","12.07"
"Decatur","1","14","Tennessee","6/13/20","6","8","47039","133.33"
"DeKalb","0","41","Tennessee","6/13/20","39","2","47041","5.13"
"Dickson","1","133","Tennessee","6/13/20","124","9","47043","7.26"
"Dyer","4","86","Tennessee","6/13/20","60","26","47045","43.33"
"Fayette","2","169","Tennessee","6/13/20","152","17","47047","11.18"
"Fentress","0","14","Tennessee","6/13/20","12","2","47049","16.67"
"Franklin","1","62","Tennessee","6/13/20","54","8","47051","14.81"
"Gibson","1","68","Tennessee","6/13/20","63","5","47053","7.94"
"Giles","1","22","Tennessee","6/13/20","17","5","47055","29.41"
"Grainger","0","19","Tennessee","6/13/20","16","3","47057","18.75"
"Greene","0","53","Tennessee","6/13/20","52","1","47059","1.92"
"Grundy","0","32","Tennessee","6/13/20","32","0","47061","0"
"Hamblen","4","75","Tennessee","6/13/20","45","30","47063","66.67"
"Hamilton","75","1536","Tennessee","6/13/20","1013","523","47065","51.63"
"Hancock","0","1","Tennessee","6/13/20","1","0","47067","0"
"Hardeman","1","215","Tennessee","6/13/20","208","7","47069","3.37"
"Hardin","1","31","Tennessee","6/13/20","23","8","47071","34.78"
"Hawkins","0","34","Tennessee","6/13/20","34","0","47073","0"
"Haywood","0","36","Tennessee","6/13/20","34","2","47075","5.88"
"Henderson","0","18","Tennessee","6/13/20","15","3","47077","20"
"Henry","0","34","Tennessee","6/13/20","32","2","47079","6.25"
"Hickman","0","61","Tennessee","6/13/20","62","-1","47081","-1.61"
"Houston","0","10","Tennessee","6/13/20","8","2","47083","25"
"Humphreys","0","18","Tennessee","6/13/20","16","2","47085","12.5"
"Jackson","0","20","Tennessee","6/13/20","19","1","47087","5.26"
"Jefferson","2","43","Tennessee","6/13/20","29","14","47089","48.28"
"Johnson","1","24","Tennessee","6/13/20","20","4","47091","20"
"Knox","11","539","Tennessee","6/13/20","461","78","47093","16.92"
"Lake","-21","691","Tennessee","6/13/20","835","-144","47095","-17.25"
"Lauderdale","0","61","Tennessee","6/13/20","60","1","47097","1.67"
"Lawrence","3","60","Tennessee","6/13/20","36","24","47099","66.67"
"Lewis","0","5","Tennessee","6/13/20","3","2","47101","66.67"
"Lincoln","2","44","Tennessee","6/13/20","32","12","47103","37.5"
"Loudon","4","196","Tennessee","6/13/20","168","28","47105","16.67"
"Macon","2","190","Tennessee","6/13/20","177","13","47111","7.34"
"Madison","1","182","Tennessee","6/13/20","174","8","47113","4.6"
"Marion","1","49","Tennessee","6/13/20","45","4","47115","8.89"
"Marshall","1","40","Tennessee","6/13/20","36","4","47117","11.11"
"Maury","5","149","Tennessee","6/13/20","115","34","47119","29.57"
"McMinn","2","165","Tennessee","6/13/20","150","15","47107","10"
"McNairy","1","27","Tennessee","6/13/20","19","8","47109","42.11"
"Meigs","0","29","Tennessee","6/13/20","27","2","47121","7.41"
"Monroe","2","86","Tennessee","6/13/20","75","11","47123","14.67"
"Montgomery","5","324","Tennessee","6/13/20","287","37","47125","12.89"
"Moore","0","5","Tennessee","6/13/20","5","0","47127","0"
"Morgan","0","19","Tennessee","6/13/20","18","1","47129","5.56"
"Obion","1","56","Tennessee","6/13/20","52","4","47131","7.69"
"Out of TN","5","463","Tennessee","6/13/20","426","37","80047","8.69"
"Overton","0","37","Tennessee","6/13/20","34","3","47133","8.82"
"Perry","0","27","Tennessee","6/13/20","24","3","47135","12.5"
"Pickett","0","4","Tennessee","6/13/20","4","0","47137","0"
"Polk","1","29","Tennessee","6/13/20","21","8","47139","38.1"
"Putnam","8","588","Tennessee","6/13/20","529","59","47141","11.15"
"Rhea","1","228","Tennessee","6/13/20","218","10","47143","4.59"
"Roane","2","33","Tennessee","6/13/20","19","14","47145","73.68"
"Robertson","9","609","Tennessee","6/13/20","545","64","47147","11.74"
"Rutherford","33","1675","Tennessee","6/13/20","1443","232","47149","16.08"
"Scott","0","14","Tennessee","6/13/20","13","1","47151","7.69"
"Sequatchie","0","22","Tennessee","6/13/20","20","2","47153","10"
"Sevier","17","229","Tennessee","6/13/20","109","120","47155","110.09"
"Shelby","104","6537","Tennessee","6/13/20","5812","725","47157","12.47"
"Smith","1","40","Tennessee","6/13/20","36","4","47159","11.11"
"Stewart","0","14","Tennessee","6/13/20","15","-1","47161","-6.67"
"Sullivan","1","70","Tennessee","6/13/20","62","8","47163","12.9"
"Sumner","15","1075","Tennessee","6/13/20","967","108","47165","11.17"
"Tipton","4","501","Tennessee","6/13/20","475","26","47167","5.47"
"Trousdale","9","1458","Tennessee","6/13/20","1394","64","47169","4.59"
"Unicoi","0","53","Tennessee","6/13/20","52","1","47171","1.92"
"Union","1","8","Tennessee","6/13/20","4","4","47173","100"
"Van Buren","0","4","Tennessee","6/13/20","4","0","47175","0"
"Warren","1","32","Tennessee","6/13/20","28","4","47177","14.29"
"Washington","1","90","Tennessee","6/13/20","86","4","47179","4.65"
"Wayne","0","64","Tennessee","6/13/20","64","0","47181","0"
"Weakley","1","30","Tennessee","6/13/20","26","4","47183","15.38"
"White","1","46","Tennessee","6/13/20","38","8","47185","21.05"
"Williamson","10","675","Tennessee","6/13/20","606","69","47187","11.39"
"Wilson","6","512","Tennessee","6/13/20","469","43","47189","9.17"
"Anderson","2","102","Texas","6/13/20","87","15","48001","17.24"
"Andrews","0","28","Texas","6/13/20","27","1","48003","3.7"
"Angelina","10","309","Texas","6/13/20","237","72","48005","30.38"
"Aransas","0","6","Texas","6/13/20","5","1","48007","20"
"Archer","0","3","Texas","6/13/20","2","1","48009","50"
"Armstrong","0","2","Texas","6/13/20","3","-1","48011","-33.33"
"Atascosa","0","42","Texas","6/13/20","41","1","48013","2.44"
"Austin","1","34","Texas","6/13/20","29","5","48015","17.24"
"Bailey","1","34","Texas","6/13/20","26","8","48017","30.77"
"Bandera","0","7","Texas","6/13/20","6","1","48019","16.67"
"Bastrop","6","293","Texas","6/13/20","250","43","48021","17.2"
"Baylor","0","1","Texas","6/13/20","1","0","48023","0"
"Bee","1","31","Texas","6/13/20","22","9","48025","40.91"
"Bell","23","605","Texas","6/13/20","446","159","48027","35.65"
"Bexar","124","4012","Texas","6/13/20","3143","869","48029","27.65"
"Blanco","0","11","Texas","6/13/20","11","0","48031","0"
"Bosque","0","7","Texas","6/13/20","7","0","48035","0"
"Bowie","8","370","Texas","6/13/20","312","58","48037","18.59"
"Brazoria","-25","813","Texas","6/13/20","990","-177","48039","-17.88"
"Brazos","22","721","Texas","6/13/20","565","156","48041","27.61"
"Brewster","0","4","Texas","6/13/20","1","3","48043","300"
"Briscoe","0","1","Texas","6/13/20","1","0","48045","0"
"Brooks","0","1","Texas","6/13/20","1","0","48047","0"
"Brown","0","60","Texas","6/13/20","59","1","48049","1.69"
"Burleson","1","41","Texas","6/13/20","32","9","48051","28.12"
"Burnet","1","61","Texas","6/13/20","51","10","48053","19.61"
"Caldwell","3","95","Texas","6/13/20","76","19","48055","25"
"Calhoun","1","46","Texas","6/13/20","38","8","48057","21.05"
"Callahan","0","13","Texas","6/13/20","10","3","48059","30"
"Cameron","31","1081","Texas","6/13/20","863","218","48061","25.26"
"Camp","2","105","Texas","6/13/20","91","14","48063","15.38"
"Carson","0","6","Texas","6/13/20","6","0","48065","0"
"Cass","0","34","Texas","6/13/20","31","3","48067","9.68"
"Castro","1","42","Texas","6/13/20","35","7","48069","20"
"Chambers","4","104","Texas","6/13/20","76","28","48071","36.84"
"Cherokee","0","54","Texas","6/13/20","52","2","48073","3.85"
"Childress","1","6","Texas","6/13/20","2","4","48075","200"
"Clay","0","5","Texas","6/13/20","5","0","48077","0"
"Cochran","0","1","Texas","6/13/20","1","0","48079","0"
"Coke","0","4","Texas","6/13/20","1","3","48081","300"
"Coleman","0","3","Texas","6/13/20","3","0","48083","0"
"Collin","27","1638","Texas","6/13/20","1447","191","48085","13.2"
"Collingsworth","0","5","Texas","6/13/20","5","0","48087","0"
"Colorado","1","33","Texas","6/13/20","24","9","48089","37.5"
"Comal","5","151","Texas","6/13/20","117","34","48091","29.06"
"Comanche","0","12","Texas","6/13/20","12","0","48093","0"
"Concho","0","1","Texas","6/13/20","1","0","48095","0"
"Cooke","0","23","Texas","6/13/20","20","3","48097","15"
"Coryell","1","299","Texas","6/13/20","290","9","48099","3.1"
"Cottle","0","4","Texas","6/13/20","4","0","48101","0"
"Crane","1","32","Texas","6/13/20","27","5","48103","18.52"
"Crockett","1","5","Texas","6/13/20","1","4","48105","400"
"Crosby","0","4","Texas","6/13/20","3","1","48107","33.33"
"Dallam","1","35","Texas","6/13/20","27","8","48111","29.63"
"Dallas","300","13930","Texas","6/13/20","11830","2100","48113","17.75"
"Dawson","0","45","Texas","6/13/20","45","0","48115","0"
"Deaf Smith","5","212","Texas","6/13/20","176","36","48117","20.45"
"Delta","0","2","Texas","6/13/20","2","0","48119","0"
"Denton","31","1687","Texas","6/13/20","1467","220","48121","15"
"DeWitt","1","28","Texas","6/13/20","18","10","48123","55.56"
"Dickens","0","2","Texas","6/13/20","1","1","48125","100"
"Dimmit","0","1","Texas","6/13/20","1","0","48127","0"
"Donley","0","28","Texas","6/13/20","27","1","48129","3.7"
"Duval","0","5","Texas","6/13/20","5","0","48131","0"
"Eastland","0","7","Texas","6/13/20","7","0","48133","0"
"Ector","7","238","Texas","6/13/20","187","51","48135","27.27"
"El Paso","71","3794","Texas","6/13/20","3298","496","48141","15.04"
"Ellis","9","448","Texas","6/13/20","388","60","48139","15.46"
"Erath","1","36","Texas","6/13/20","26","10","48143","38.46"
"Falls","0","14","Texas","6/13/20","11","3","48145","27.27"
"Fannin","2","54","Texas","6/13/20","43","11","48147","25.58"
"Fayette","1","43","Texas","6/13/20","38","5","48149","13.16"
"Fisher","0","2","Texas","6/13/20","2","0","48151","0"
"Floyd","0","16","Texas","6/13/20","16","0","48153","0"
"Fort Bend","34","2358","Texas","6/13/20","2117","241","48157","11.38"
"Franklin","1","27","Texas","6/13/20","19","8","48159","42.11"
"Freestone","1","15","Texas","6/13/20","11","4","48161","36.36"
"Frio","3","64","Texas","6/13/20","40","24","48163","60"
"Gaines","1","14","Texas","6/13/20","8","6","48165","75"
"Galveston","37","1166","Texas","6/13/20","906","260","48167","28.7"
"Garza","0","6","Texas","6/13/20","6","0","48169","0"
"Gillespie","0","6","Texas","6/13/20","5","1","48171","20"
"Glasscock","0","2","Texas","6/13/20","1","1","48173","100"
"Goliad","0","7","Texas","6/13/20","7","0","48175","0"
"Gonzales","2","165","Texas","6/13/20","149","16","48177","10.74"
"Gray","1","111","Texas","6/13/20","104","7","48179","6.73"
"Grayson","9","433","Texas","6/13/20","372","61","48181","16.4"
"Gregg","3","278","Texas","6/13/20","257","21","48183","8.17"
"Grimes","5","271","Texas","6/13/20","237","34","48185","14.35"
"Guadalupe","3","165","Texas","6/13/20","147","18","48187","12.24"
"Hale","2","76","Texas","6/13/20","60","16","48189","26.67"
"Hall","0","2","Texas","6/13/20","2","0","48191","0"
"Hamilton","0","11","Texas","6/13/20","9","2","48193","22.22"
"Hansford","0","21","Texas","6/13/20","20","1","48195","5"
"Hardeman","0","4","Texas","6/13/20","3","1","48197","33.33"
"Hardin","1","146","Texas","6/13/20","142","4","48199","2.82"
"Harris","306","16568","Texas","6/13/20","14423","2145","48201","14.87"
"Harrison","2","268","Texas","6/13/20","256","12","48203","4.69"
"Hartley","0","13","Texas","6/13/20","12","1","48205","8.33"
"Haskell","0","4","Texas","6/13/20","3","1","48207","33.33"
"Hays","41","673","Texas","6/13/20","385","288","48209","74.81"
"Hemphill","0","1","Texas","6/13/20","1","0","48211","0"
"Henderson","2","80","Texas","6/13/20","68","12","48213","17.65"
"Hidalgo","41","967","Texas","6/13/20","679","288","48215","42.42"
"Hill","1","36","Texas","6/13/20","27","9","48217","33.33"
"Hockley","0","28","Texas","6/13/20","27","1","48219","3.7"
"Hood","1","35","Texas","6/13/20","31","4","48221","12.9"
"Hopkins","2","41","Texas","6/13/20","29","12","48223","41.38"
"Houston","1","155","Texas","6/13/20","151","4","48225","2.65"
"Howard","1","18","Texas","6/13/20","9","9","48227","100"
"Hudspeth","1","13","Texas","6/13/20","4","9","48229","225"
"Hunt","10","185","Texas","6/13/20","114","71","48231","62.28"
"Hutchinson","0","45","Texas","6/13/20","44","1","48233","2.27"
"Irion","0","1","Texas","6/13/20","1","0","48235","0"
"Jack","0","4","Texas","6/13/20","4","0","48237","0"
"Jackson","0","20","Texas","6/13/20","19","1","48239","5.26"
"Jasper","0","32","Texas","6/13/20","30","2","48241","6.67"
"Jefferson","88","1233","Texas","6/13/20","619","614","48245","99.19"
"Jim Hogg","0","4","Texas","6/13/20","4","0","48247","0"
"Jim Wells","1","17","Texas","6/13/20","13","4","48249","30.77"
"Johnson","4","232","Texas","6/13/20","202","30","48251","14.85"
"Jones","-1","631","Texas","6/13/20","637","-6","48253","-0.94"
"Karnes","0","4","Texas","6/13/20","4","0","48255","0"
"Kaufman","9","330","Texas","6/13/20","269","61","48257","22.68"
"Kendall","0","35","Texas","6/13/20","33","2","48259","6.06"
"Kerr","0","20","Texas","6/13/20","20","0","48265","0"
"Kimble","0","1","Texas","6/13/20","1","0","48267","0"
"Kinney","0","1","Texas","6/13/20","1","0","48271","0"
"Kleberg","0","20","Texas","6/13/20","18","2","48273","11.11"
"Knox","0","1","Texas","6/13/20","1","0","48275","0"
"La Salle","0","4","Texas","6/13/20","4","0","48283","0"
"Lamar","1","163","Texas","6/13/20","155","8","48277","5.16"
"Lamb","0","18","Texas","6/13/20","17","1","48279","5.88"
"Lampasas","0","9","Texas","6/13/20","9","0","48281","0"
"Lavaca","0","22","Texas","6/13/20","19","3","48285","15.79"
"Lee","1","35","Texas","6/13/20","25","10","48287","40"
"Leon","0","11","Texas","6/13/20","11","0","48289","0"
"Liberty","3","121","Texas","6/13/20","101","20","48291","19.8"
"Limestone","1","38","Texas","6/13/20","32","6","48293","18.75"
"Lipscomb","0","7","Texas","6/13/20","5","2","48295","40"
"Live Oak","0","9","Texas","6/13/20","9","0","48297","0"
"Llano","0","4","Texas","6/13/20","3","1","48299","33.33"
"Lubbock","11","813","Texas","6/13/20","734","79","48303","10.76"
"Lynn","2","19","Texas","6/13/20","8","11","48305","137.5"
"Madison","1","20","Texas","6/13/20","10","10","48313","100"
"Marion","0","19","Texas","6/13/20","17","2","48315","11.76"
"Martin","0","3","Texas","6/13/20","3","0","48317","0"
"Mason","0","33","Texas","6/13/20","32","1","48319","3.12"
"Matagorda","1","80","Texas","6/13/20","71","9","48321","12.68"
"Maverick","4","160","Texas","6/13/20","133","27","48323","20.3"
"McCulloch","0","3","Texas","6/13/20","3","0","48307","0"
"McLennan","4","153","Texas","6/13/20","127","26","48309","20.47"
"Medina","1","221","Texas","6/13/20","216","5","48325","2.31"
"Midland","7","201","Texas","6/13/20","155","46","48329","29.68"
"Milam","1","42","Texas","6/13/20","35","7","48331","20"
"Mills","0","1","Texas","6/13/20","1","0","48333","0"
"Mitchell","0","2","Texas","6/13/20","1","1","48335","100"
"Montague","0","9","Texas","6/13/20","9","0","48337","0"
"Montgomery","28","1258","Texas","6/13/20","1064","194","48339","18.23"
"Moore","3","873","Texas","6/13/20","852","21","48341","2.46"
"Morris","0","30","Texas","6/13/20","27","3","48343","11.11"
"Motley","0","1","Texas","6/13/20","1","0","48345","0"
"Nacogdoches","3","324","Texas","6/13/20","301","23","48347","7.64"
"Navarro","3","87","Texas","6/13/20","66","21","48349","31.82"
"Newton","0","6","Texas","6/13/20","6","0","48351","0"
"Nolan","-1","4","Texas","6/13/20","9","-5","48353","-55.56"
"Nueces","7","336","Texas","6/13/20","289","47","48355","16.26"
"Ochiltree","0","53","Texas","6/13/20","51","2","48357","3.92"
"Oldham","0","4","Texas","6/13/20","4","0","48359","0"
"Orange","1","106","Texas","6/13/20","100","6","48361","6"
"Palo Pinto","0","14","Texas","6/13/20","13","1","48363","7.69"
"Panola","0","216","Texas","6/13/20","213","3","48365","1.41"
"Parker","3","112","Texas","6/13/20","92","20","48367","21.74"
"Parmer","4","120","Texas","6/13/20","89","31","48369","34.83"
"Pecos","0","107","Texas","6/13/20","104","3","48371","2.88"
"Polk","1","65","Texas","6/13/20","61","4","48373","6.56"
"Potter","4","2785","Texas","6/13/20","2754","31","48375","1.13"
"Presidio","0","2","Texas","6/13/20","2","0","48377","0"
"Rains","0","5","Texas","6/13/20","4","1","48379","25"
"Randall","3","749","Texas","6/13/20","727","22","48381","3.03"
"Reagan","0","2","Texas","6/13/20","2","0","48383","0"
"Real","0","1","Texas","6/13/20","1","0","48385","0"
"Red River","2","93","Texas","6/13/20","78","15","48387","19.23"
"Reeves","1","12","Texas","6/13/20","8","4","48389","50"
"Refugio","0","5","Texas","6/13/20","3","2","48391","66.67"
"Roberts","0","2","Texas","6/13/20","2","0","48393","0"
"Robertson","0","17","Texas","6/13/20","14","3","48395","21.43"
"Rockwall","5","233","Texas","6/13/20","200","33","48397","16.5"
"Runnels","0","2","Texas","6/13/20","3","-1","48399","-33.33"
"Rusk","1","70","Texas","6/13/20","63","7","48401","11.11"
"Sabine","0","15","Texas","6/13/20","15","0","48403","0"
"San Augustine","1","55","Texas","6/13/20","45","10","48405","22.22"
"San Jacinto","0","20","Texas","6/13/20","17","3","48407","17.65"
"San Patricio","0","41","Texas","6/13/20","38","3","48409","7.89"
"San Saba","0","2","Texas","6/13/20","1","1","48411","100"
"Schleicher","0","1","Texas","6/13/20","0","1","48413","1"
"Scurry","0","28","Texas","6/13/20","26","2","48415","7.69"
"Shackelford","0","1","Texas","6/13/20","1","0","48417","0"
"Shelby","2","227","Texas","6/13/20","213","14","48419","6.57"
"Sherman","0","28","Texas","6/13/20","28","0","48421","0"
"Smith","7","271","Texas","6/13/20","223","48","48423","21.52"
"Somervell","0","2","Texas","6/13/20","0","2","48425","1"
"Starr","9","115","Texas","6/13/20","50","65","48427","130"
"Stephens","0","5","Texas","6/13/20","4","1","48429","25"
"Swisher","0","21","Texas","6/13/20","18","3","48437","16.67"
"Tarrant","162","7120","Texas","6/13/20","5985","1135","48439","18.96"
"Taylor","1","252","Texas","6/13/20","246","6","48441","2.44"
"Terry","0","13","Texas","6/13/20","13","0","48445","0"
"Throckmorton","0","1","Texas","6/13/20","1","0","48447","0"
"Titus","10","655","Texas","6/13/20","583","72","48449","12.35"
"Tom Green","5","146","Texas","6/13/20","111","35","48451","31.53"
"Travis","100","4314","Texas","6/13/20","3616","698","48453","19.3"
"Trinity","0","22","Texas","6/13/20","20","2","48455","10"
"Tyler","0","16","Texas","6/13/20","15","1","48457","6.67"
"Upshur","1","37","Texas","6/13/20","31","6","48459","19.35"
"Uvalde","1","24","Texas","6/13/20","18","6","48463","33.33"
"Val Verde","2","33","Texas","6/13/20","21","12","48465","57.14"
"Van Zandt","1","46","Texas","6/13/20","39","7","48467","17.95"
"Victoria","4","197","Texas","6/13/20","170","27","48469","15.88"
"Walker","3","1870","Texas","6/13/20","1850","20","48471","1.08"
"Waller","2","85","Texas","6/13/20","68","17","48473","25"
"Ward","0","4","Texas","6/13/20","1","3","48475","300"
"Washington","2","218","Texas","6/13/20","206","12","48477","5.83"
"Webb","12","675","Texas","6/13/20","594","81","48479","13.64"
"Wharton","2","92","Texas","6/13/20","75","17","48481","22.67"
"Wheeler","0","15","Texas","6/13/20","15","0","48483","0"
"Wichita","2","99","Texas","6/13/20","87","12","48485","13.79"
"Wilbarger","0","7","Texas","6/13/20","7","0","48487","0"
"Willacy","3","54","Texas","6/13/20","35","19","48489","54.29"
"Williamson","25","862","Texas","6/13/20","684","178","48491","26.02"
"Wilson","1","52","Texas","6/13/20","44","8","48493","18.18"
"Winkler","0","4","Texas","6/13/20","3","1","48495","33.33"
"Wise","1","56","Texas","6/13/20","52","4","48497","7.69"
"Wood","1","53","Texas","6/13/20","49","4","48499","8.16"
"Yoakum","1","9","Texas","6/13/20","3","6","48501","200"
"Young","1","15","Texas","6/13/20","6","9","48503","150"
"Zapata","0","14","Texas","6/13/20","11","3","48505","27.27"
"Zavala","0","13","Texas","6/13/20","12","1","48507","8.33"
"Bear River","35","955","Utah","6/13/20","707","248","00000","35.08"
"Central Utah","4","70","Utah","6/13/20","45","25","00000","55.56"
"Davis","15","646","Utah","6/13/20","541","105","49011","19.41"
"Salt Lake","152","7148","Utah","6/13/20","6086","1062","49035","17.45"
"San Juan","3","351","Utah","6/13/20","333","18","49037","5.41"
"Southeast Utah","0","29","Utah","6/13/20","26","3","00000","11.54"
"Southwest Utah","28","780","Utah","6/13/20","584","196","00000","33.56"
"Summit","3","446","Utah","6/13/20","426","20","49043","4.69"
"Tooele","2","162","Utah","6/13/20","145","17","49045","11.72"
"TriCounty","1","29","Utah","6/13/20","20","9","00000","45"
"Utah","53","2551","Utah","6/13/20","2183","368","49049","16.86"
"Wasatch","2","343","Utah","6/13/20","326","17","49051","5.21"
"Weber-Morgan","14","471","Utah","6/13/20","376","95","00000","25.27"
"Addison","0","66","Vermont","6/13/20","65","1","50001","1.54"
"Bennington","0","67","Vermont","6/13/20","66","1","50003","1.52"
"Caledonia","0","16","Vermont","6/13/20","16","0","50005","0"
"Chittenden","9","568","Vermont","6/13/20","503","65","50007","12.92"
"Essex","0","3","Vermont","6/13/20","3","0","50009","0"
"Franklin","0","102","Vermont","6/13/20","100","2","50011","2"
"Grand Isle","0","8","Vermont","6/13/20","7","1","50013","14.29"
"Lamoille","0","29","Vermont","6/13/20","29","0","50015","0"
"Orange","0","9","Vermont","6/13/20","9","0","50017","0"
"Orleans","0","13","Vermont","6/13/20","10","3","50019","30"
"Rutland","0","58","Vermont","6/13/20","57","1","50021","1.75"
"Washington","0","41","Vermont","6/13/20","39","2","50023","5.13"
"Windham","0","85","Vermont","6/13/20","82","3","50025","3.66"
"Windsor","0","55","Vermont","6/13/20","55","0","50027","0"
"","0","72","Virgin Islands","6/13/20","71","1",,"1.41"
"Accomack","3","989","Virginia","6/13/20","970","19","51001","1.96"
"Albemarle","8","275","Virginia","6/13/20","221","54","51003","24.43"
"Alexandria","9","2134","Virginia","6/13/20","2070","64","51510","3.09"
"Alleghany","0","28","Virginia","6/13/20","26","2","51005","7.69"
"Amelia","1","38","Virginia","6/13/20","31","7","51007","22.58"
"Amherst","0","27","Virginia","6/13/20","27","0","51009","0"
"Appomattox","0","34","Virginia","6/13/20","33","1","51011","3.03"
"Arlington","18","2321","Virginia","6/13/20","2195","126","51013","5.74"
"Augusta","3","143","Virginia","6/13/20","125","18","51015","14.4"
"Bedford","2","91","Virginia","6/13/20","76","15","51019","19.74"
"Botetourt","1","47","Virginia","6/13/20","39","8","51023","20.51"
"Bristol","0","4","Virginia","6/13/20","4","0","51520","0"
"Brunswick","2","46","Virginia","6/13/20","32","14","51025","43.75"
"Buchanan","0","18","Virginia","6/13/20","18","0","51027","0"
"Buckingham","6","519","Virginia","6/13/20","477","42","51029","8.81"
"Buena Vista","0","12","Virginia","6/13/20","13","-1","51530","-7.69"
"Campbell","0","23","Virginia","6/13/20","20","3","51031","15"
"Caroline","3","106","Virginia","6/13/20","83","23","51033","27.71"
"Carroll","6","165","Virginia","6/13/20","125","40","51035","32"
"Charles City","0","29","Virginia","6/13/20","27","2","51036","7.41"
"Charlotte","0","30","Virginia","6/13/20","28","2","51037","7.14"
"Charlottesville","2","148","Virginia","6/13/20","131","17","51540","12.98"
"Chesapeake","10","650","Virginia","6/13/20","577","73","51550","12.65"
"Chesterfield","50","2150","Virginia","6/13/20","1797","353","51041","19.64"
"Clarke","1","37","Virginia","6/13/20","31","6","51043","19.35"
"Colonial Heights","3","115","Virginia","6/13/20","97","18","51570","18.56"
"Covington","0","4","Virginia","6/13/20","4","0","51580","0"
"Craig","0","6","Virginia","6/13/20","6","0","51045","0"
"Culpeper","5","777","Virginia","6/13/20","745","32","51047","4.3"
"Cumberland","1","47","Virginia","6/13/20","41","6","51049","14.63"
"Danville","0","63","Virginia","6/13/20","60","3","51590","5"
"Dinwiddie","1","107","Virginia","6/13/20","98","9","51053","9.18"
"Emporia","1","95","Virginia","6/13/20","88","7","51595","7.95"
"Essex","0","52","Virginia","6/13/20","53","-1","51057","-1.89"
"Fairfax","126","12939","Virginia","6/13/20","12056","883","51059","7.32"
"Fairfax City","0","67","Virginia","6/13/20","68","-1","51600","-1.47"
"Falls Church","0","56","Virginia","6/13/20","56","0","51610","0"
"Fauquier","5","380","Virginia","6/13/20","345","35","51061","10.14"
"Floyd","0","9","Virginia","6/13/20","6","3","51063","50"
"Fluvanna","1","101","Virginia","6/13/20","94","7","51065","7.45"
"Franklin","1","43","Virginia","6/13/20","39","4","51067","10.26"
"Franklin City","0","44","Virginia","6/13/20","42","2","51620","4.76"
"Frederick","5","428","Virginia","6/13/20","393","35","51069","8.91"
"Fredericksburg","1","201","Virginia","6/13/20","192","9","51630","4.69"
"Galax","7","193","Virginia","6/13/20","143","50","51640","34.97"
"Giles","0","5","Virginia","6/13/20","5","0","51071","0"
"Gloucester","1","36","Virginia","6/13/20","32","4","51073","12.5"
"Goochland","1","114","Virginia","6/13/20","105","9","51075","8.57"
"Grayson","3","66","Virginia","6/13/20","48","18","51077","37.5"
"Greene","1","45","Virginia","6/13/20","38","7","51079","18.42"
"Greensville","14","336","Virginia","6/13/20","239","97","51081","40.59"
"Halifax","1","35","Virginia","6/13/20","31","4","51083","12.9"
"Hampton","3","234","Virginia","6/13/20","215","19","51650","8.84"
"Hanover","4","368","Virginia","6/13/20","340","28","51085","8.24"
"Harrisonburg","3","847","Virginia","6/13/20","823","24","51660","2.92"
"Henrico","29","2234","Virginia","6/13/20","2033","201","51087","9.89"
"Henry","6","198","Virginia","6/13/20","159","39","51089","24.53"
"Highland","0","2","Virginia","6/13/20","3","-1","51091","-33.33"
"Hopewell","3","138","Virginia","6/13/20","114","24","51670","21.05"
"Isle of Wight","2","154","Virginia","6/13/20","142","12","51093","8.45"
"James City","3","231","Virginia","6/13/20","211","20","51095","9.48"
"King and Queen","0","24","Virginia","6/13/20","22","2","51097","9.09"
"King George","2","87","Virginia","6/13/20","73","14","51099","19.18"
"King William","0","33","Virginia","6/13/20","32","1","51101","3.12"
"Lancaster","0","11","Virginia","6/13/20","10","1","51103","10"
"Lee","0","9","Virginia","6/13/20","9","0","51105","0"
"Lexington","0","8","Virginia","6/13/20","7","1","51678","14.29"
"Loudoun","55","3321","Virginia","6/13/20","2939","382","51107","13"
"Louisa","1","98","Virginia","6/13/20","92","6","51109","6.52"
"Lunenburg","0","20","Virginia","6/13/20","17","3","51111","17.65"
"Lynchburg","1","92","Virginia","6/13/20","88","4","51680","4.55"
"Madison","0","42","Virginia","6/13/20","41","1","51113","2.44"
"Manassas","12","1299","Virginia","6/13/20","1214","85","51683","7"
"Manassas Park","3","372","Virginia","6/13/20","351","21","51685","5.98"
"Martinsville","1","54","Virginia","6/13/20","47","7","51690","14.89"
"Mathews","0","5","Virginia","6/13/20","5","0","51115","0"
"Mecklenburg","1","226","Virginia","6/13/20","222","4","51117","1.8"
"Middlesex","0","14","Virginia","6/13/20","14","0","51119","0"
"Montgomery","1","96","Virginia","6/13/20","91","5","51121","5.49"
"Nelson","0","18","Virginia","6/13/20","17","1","51125","5.88"
"New Kent","0","45","Virginia","6/13/20","43","2","51127","4.65"
"Newport News","6","357","Virginia","6/13/20","314","43","51700","13.69"
"Norfolk","12","643","Virginia","6/13/20","562","81","51710","14.41"
"Northampton","1","261","Virginia","6/13/20","251","10","51131","3.98"
"Northumberland","0","26","Virginia","6/13/20","25","1","51133","4"
"Norton","0","2","Virginia","6/13/20","2","0","51720","0"
"Nottoway","2","65","Virginia","6/13/20","48","17","51135","35.42"
"Orange","1","124","Virginia","6/13/20","117","7","51137","5.98"
"Page","2","251","Virginia","6/13/20","237","14","51139","5.91"
"Patrick","1","31","Virginia","6/13/20","27","4","51141","14.81"
"Petersburg","2","180","Virginia","6/13/20","163","17","51730","10.43"
"Pittsylvania","2","60","Virginia","6/13/20","47","13","51143","27.66"
"Poquoson","0","11","Virginia","6/13/20","8","3","51735","37.5"
"Portsmouth","6","375","Virginia","6/13/20","335","40","51740","11.94"
"Powhatan","1","51","Virginia","6/13/20","44","7","51145","15.91"
"Prince Edward","2","161","Virginia","6/13/20","148","13","51147","8.78"
"Prince George","2","162","Virginia","6/13/20","146","16","51149","10.96"
"Prince William","55","6509","Virginia","6/13/20","6121","388","51153","6.34"
"Pulaski","1","30","Virginia","6/13/20","24","6","51155","25"
"Radford","0","8","Virginia","6/13/20","7","1","51750","14.29"
"Rappahannock","0","17","Virginia","6/13/20","18","-1","51157","-5.56"
"Richmond","0","291","Virginia","6/13/20","291","0","51159","0"
"Richmond City","28","1789","Virginia","6/13/20","1592","197","51760","12.37"
"Roanoke","2","134","Virginia","6/13/20","122","12","51161","9.84"
"Roanoke City","7","247","Virginia","6/13/20","197","50","51770","25.38"
"Rockbridge","0","19","Virginia","6/13/20","18","1","51163","5.56"
"Rockingham","7","621","Virginia","6/13/20","572","49","51165","8.57"
"Russell","0","8","Virginia","6/13/20","8","0","51167","0"
"Salem","1","43","Virginia","6/13/20","38","5","51775","13.16"
"Scott","0","7","Virginia","6/13/20","7","0","51169","0"
"Shenandoah","5","509","Virginia","6/13/20","476","33","51171","6.93"
"Smyth","0","18","Virginia","6/13/20","15","3","51173","20"
"Southampton","0","155","Virginia","6/13/20","152","3","51175","1.97"
"Spotsylvania","17","752","Virginia","6/13/20","634","118","51177","18.61"
"Stafford","16","877","Virginia","6/13/20","765","112","51179","14.64"
"Staunton","1","60","Virginia","6/13/20","52","8","51790","15.38"
"Suffolk","3","341","Virginia","6/13/20","323","18","51800","5.57"
"Surry","0","13","Virginia","6/13/20","10","3","51181","30"
"Sussex","0","178","Virginia","6/13/20","175","3","51183","1.71"
"Tazewell","0","9","Virginia","6/13/20","10","-1","51185","-10"
"Virginia Beach","10","869","Virginia","6/13/20","798","71","51810","8.9"
"Warren","1","229","Virginia","6/13/20","222","7","51187","3.15"
"Washington","1","58","Virginia","6/13/20","53","5","51191","9.43"
"Waynesboro","1","53","Virginia","6/13/20","49","4","51820","8.16"
"Westmoreland","1","85","Virginia","6/13/20","81","4","51193","4.94"
"Williamsburg","1","49","Virginia","6/13/20","45","4","51830","8.89"
"Winchester","4","263","Virginia","6/13/20","232","31","51840","13.36"
"Wise","0","27","Virginia","6/13/20","27","0","51195","0"
"Wythe","1","42","Virginia","6/13/20","33","9","51197","27.27"
"York","1","91","Virginia","6/13/20","82","9","51199","10.98"
"Adams","2","90","Washington","6/13/20","79","11","53001","13.92"
"Asotin","0","20","Washington","6/13/20","19","1","53003","5.26"
"Benton","29","1106","Washington","6/13/20","906","200","53005","22.08"
"Chelan","2","272","Washington","6/13/20","261","11","53007","4.21"
"Clallam","0","29","Washington","6/13/20","27","2","53009","7.41"
"Clark","7","611","Washington","6/13/20","559","52","53011","9.3"
"Columbia","0","1","Washington","6/13/20","1","0","53013","0"
"Cowlitz","4","105","Washington","6/13/20","78","27","53015","34.62"
"Douglas","0","180","Washington","6/13/20","177","3","53017","1.69"
"Ferry","0","1","Washington","6/13/20","1","0","53019","0"
"Franklin","24","872","Washington","6/13/20","704","168","53021","23.86"
"Grant","5","253","Washington","6/13/20","215","38","53025","17.67"
"Grays Harbor","0","20","Washington","6/13/20","19","1","53027","5.26"
"Island","0","182","Washington","6/13/20","181","1","53029","0.55"
"Jefferson","0","31","Washington","6/13/20","31","0","53031","0"
"King","40","8694","Washington","6/13/20","8417","277","53033","3.29"
"Kitsap","2","176","Washington","6/13/20","165","11","53035","6.67"
"Kittitas","1","92","Washington","6/13/20","88","4","53037","4.55"
"Klickitat","2","45","Washington","6/13/20","33","12","53039","36.36"
"Lewis","0","38","Washington","6/13/20","37","1","53041","2.7"
"Lincoln","0","2","Washington","6/13/20","2","0","53043","0"
"Mason","0","39","Washington","6/13/20","37","2","53045","5.41"
"Okanogan","0","57","Washington","6/13/20","56","1","53047","1.79"
"Pacific","0","11","Washington","6/13/20","9","2","53049","22.22"
"Pend Oreille","0","3","Washington","6/13/20","3","0","53051","0"
"Pierce","13","2111","Washington","6/13/20","2019","92","53053","4.56"
"San Juan","0","15","Washington","6/13/20","15","0","53055","0"
"Skagit","1","457","Washington","6/13/20","449","8","53057","1.78"
"Skamania","0","3","Washington","6/13/20","3","0","53059","0"
"Snohomish","15","3129","Washington","6/13/20","3025","104","53061","3.44"
"Spokane","13","804","Washington","6/13/20","713","91","53063","12.76"
"Stevens","0","15","Washington","6/13/20","13","2","53065","15.38"
"Thurston","3","187","Washington","6/13/20","163","24","53067","14.72"
"Wahkiakum","0","4","Washington","6/13/20","4","0","53069","0"
"Walla Walla","1","118","Washington","6/13/20","113","5","53071","4.42"
"Whatcom","4","440","Washington","6/13/20","409","31","53073","7.58"
"Whitman","1","27","Washington","6/13/20","20","7","53075","35"
"Yakima","128","5265","Washington","6/13/20","4366","899","53077","20.59"
"Barbour","0","10","West Virginia","6/13/20","8","2","54001","25"
"Berkeley","6","386","West Virginia","6/13/20","343","43","54003","12.54"
"Boone","1","17","West Virginia","6/13/20","11","6","54005","54.55"
"Braxton","0","3","West Virginia","6/13/20","2","1","54007","50"
"Brooke","0","5","West Virginia","6/13/20","5","0","54009","0"
"Cabell","0","71","West Virginia","6/13/20","70","1","54011","1.43"
"Calhoun","0","2","West Virginia","6/13/20","2","0","54013","0"
"Clay","0","10","West Virginia","6/13/20","7","3","54015","42.86"
"Fayette","0","54","West Virginia","6/13/20","54","0","54019","0"
"Gilmer","0","10","West Virginia","6/13/20","10","0","54021","0"
"Grant","1","16","West Virginia","6/13/20","12","4","54023","33.33"
"Greenbrier","1","13","West Virginia","6/13/20","9","4","54025","44.44"
"Hampshire","1","39","West Virginia","6/13/20","34","5","54027","14.71"
"Hancock","0","20","West Virginia","6/13/20","20","0","54029","0"
"Hardy","0","40","West Virginia","6/13/20","40","0","54031","0"
"Harrison","1","46","West Virginia","6/13/20","40","6","54033","15"
"Jackson","0","141","West Virginia","6/13/20","138","3","54035","2.17"
"Jefferson","0","207","West Virginia","6/13/20","204","3","54037","1.47"
"Kanawha","1","245","West Virginia","6/13/20","236","9","54039","3.81"
"Lewis","0","8","West Virginia","6/13/20","8","0","54041","0"
"Lincoln","0","5","West Virginia","6/13/20","5","0","54043","0"
"Logan","0","21","West Virginia","6/13/20","20","1","54045","5"
"Marion","0","54","West Virginia","6/13/20","53","1","54049","1.89"
"Marshall","1","38","West Virginia","6/13/20","31","7","54051","22.58"
"Mason","0","15","West Virginia","6/13/20","15","0","54053","0"
"McDowell","0","6","West Virginia","6/13/20","6","0","54047","0"
"Mercer","0","14","West Virginia","6/13/20","13","1","54055","7.69"
"Mineral","0","51","West Virginia","6/13/20","51","0","54057","0"
"Mingo","1","12","West Virginia","6/13/20","8","4","54059","50"
"Monongalia","0","143","West Virginia","6/13/20","140","3","54061","2.14"
"Monroe","0","9","West Virginia","6/13/20","8","1","54063","12.5"
"Morgan","0","19","West Virginia","6/13/20","19","0","54065","0"
"Nicholas","0","7","West Virginia","6/13/20","8","-1","54067","-12.5"
"Ohio","1","54","West Virginia","6/13/20","48","6","54069","12.5"
"Pendleton","0","13","West Virginia","6/13/20","13","0","54071","0"
"Pleasants","0","4","West Virginia","6/13/20","4","0","54073","0"
"Pocahontas","0","21","West Virginia","6/13/20","21","0","54075","0"
"Preston","0","24","West Virginia","6/13/20","24","0","54077","0"
"Putnam","0","42","West Virginia","6/13/20","39","3","54079","7.69"
"Raleigh","1","23","West Virginia","6/13/20","17","6","54081","35.29"
"Randolph","1","141","West Virginia","6/13/20","132","9","54083","6.82"
"Ritchie","0","2","West Virginia","6/13/20","1","1","54085","100"
"Roane","0","10","West Virginia","6/13/20","9","1","54087","11.11"
"Summers","0","1","West Virginia","6/13/20","1","0","54089","0"
"Taylor","0","10","West Virginia","6/13/20","9","1","54091","11.11"
"Tucker","0","5","West Virginia","6/13/20","6","-1","54093","-16.67"
"Tyler","0","3","West Virginia","6/13/20","3","0","54095","0"
"Upshur","0","7","West Virginia","6/13/20","7","0","54097","0"
"Wayne","0","104","West Virginia","6/13/20","103","1","54099","0.97"
"Wetzel","0","9","West Virginia","6/13/20","9","0","54103","0"
"Wirt","0","4","West Virginia","6/13/20","4","0","54105","0"
"Wood","0","55","West Virginia","6/13/20","54","1","54107","1.85"
"Wyoming","0","5","West Virginia","6/13/20","2","3","54109","150"
"Adams","0","7","Wisconsin","6/13/20","5","2","55001","40"
"Ashland","0","3","Wisconsin","6/13/20","3","0","55003","0"
"Barron","1","24","Wisconsin","6/13/20","20","4","55005","20"
"Bayfield","0","3","Wisconsin","6/13/20","3","0","55007","0"
"Brown","12","2458","Wisconsin","6/13/20","2374","84","55009","3.54"
"Buffalo","0","7","Wisconsin","6/13/20","6","1","55011","16.67"
"Burnett","0","2","Wisconsin","6/13/20","1","1","55013","100"
"Calumet","1","86","Wisconsin","6/13/20","79","7","55015","8.86"
"Chippewa","1","63","Wisconsin","6/13/20","58","5","55017","8.62"
"Clark","1","50","Wisconsin","6/13/20","42","8","55019","19.05"
"Columbia","2","56","Wisconsin","6/13/20","44","12","55021","27.27"
"Crawford","0","26","Wisconsin","6/13/20","26","0","55023","0"
"Dane","17","933","Wisconsin","6/13/20","814","119","55025","14.62"
"Dodge","4","423","Wisconsin","6/13/20","395","28","55027","7.09"
"Door","0","39","Wisconsin","6/13/20","39","0","55029","0"
"Douglas","0","20","Wisconsin","6/13/20","20","0","55031","0"
"Dunn","0","29","Wisconsin","6/13/20","27","2","55033","7.41"
"Eau Claire","2","132","Wisconsin","6/13/20","121","11","55035","9.09"
"Florence","0","2","Wisconsin","6/13/20","2","0","55037","0"
"Fond du Lac","4","259","Wisconsin","6/13/20","233","26","55039","11.16"
"Forest","0","34","Wisconsin","6/13/20","33","1","55041","3.03"
"Grant","1","106","Wisconsin","6/13/20","98","8","55043","8.16"
"Green","1","75","Wisconsin","6/13/20","71","4","55045","5.63"
"Green Lake","0","24","Wisconsin","6/13/20","22","2","55047","9.09"
"Iowa","0","17","Wisconsin","6/13/20","16","1","55049","6.25"
"Iron","0","2","Wisconsin","6/13/20","2","0","55051","0"
"Jackson","0","21","Wisconsin","6/13/20","18","3","55053","16.67"
"Jefferson","4","155","Wisconsin","6/13/20","124","31","55055","25"
"Juneau","0","24","Wisconsin","6/13/20","23","1","55057","4.35"
"Kenosha","11","1343","Wisconsin","6/13/20","1267","76","55059","6"
"Kewaunee","0","37","Wisconsin","6/13/20","36","1","55061","2.78"
"La Crosse","6","110","Wisconsin","6/13/20","68","42","55063","61.76"
"Lafayette","2","41","Wisconsin","6/13/20","30","11","55065","36.67"
"Langlade","0","5","Wisconsin","6/13/20","4","1","55067","25"
"Lincoln","0","7","Wisconsin","6/13/20","7","0","55069","0"
"Manitowoc","0","42","Wisconsin","6/13/20","39","3","55071","7.69"
"Marathon","2","79","Wisconsin","6/13/20","63","16","55073","25.4"
"Marinette","1","39","Wisconsin","6/13/20","33","6","55075","18.18"
"Marquette","1","9","Wisconsin","6/13/20","5","4","55077","80"
"Menominee","0","3","Wisconsin","6/13/20","3","0","55078","0"
"Milwaukee","104","9418","Wisconsin","6/13/20","8688","730","55079","8.4"
"Monroe","2","30","Wisconsin","6/13/20","18","12","55081","66.67"
"Oconto","0","44","Wisconsin","6/13/20","41","3","55083","7.32"
"Oneida","0","14","Wisconsin","6/13/20","12","2","55085","16.67"
"Outagamie","10","331","Wisconsin","6/13/20","263","68","55087","25.86"
"Ozaukee","1","190","Wisconsin","6/13/20","180","10","55089","5.56"
"Pepin","0","1","Wisconsin","6/13/20","1","0","55091","0"
"Pierce","0","52","Wisconsin","6/13/20","50","2","55093","4"
"Polk","0","36","Wisconsin","6/13/20","33","3","55095","9.09"
"Portage","5","71","Wisconsin","6/13/20","33","38","55097","115.15"
"Price","0","2","Wisconsin","6/13/20","2","0","55099","0"
"Racine","11","1986","Wisconsin","6/13/20","1906","80","55101","4.2"
"Richland","0","14","Wisconsin","6/13/20","14","0","55103","0"
"Rock","10","752","Wisconsin","6/13/20","685","67","55105","9.78"
"Rusk","1","9","Wisconsin","6/13/20","5","4","55107","80"
"Sauk","1","86","Wisconsin","6/13/20","81","5","55111","6.17"
"Sawyer","0","9","Wisconsin","6/13/20","8","1","55113","12.5"
"Shawano","1","62","Wisconsin","6/13/20","56","6","55115","10.71"
"Sheboygan","5","147","Wisconsin","6/13/20","111","36","55117","32.43"
"St. Croix","1","111","Wisconsin","6/13/20","105","6","55109","5.71"
"Taylor","0","2","Wisconsin","6/13/20","2","0","55119","0"
"Trempealeau","3","56","Wisconsin","6/13/20","38","18","55121","47.37"
"Vernon","0","24","Wisconsin","6/13/20","21","3","55123","14.29"
"Vilas","0","8","Wisconsin","6/13/20","8","0","55125","0"
"Walworth","5","471","Wisconsin","6/13/20","435","36","55127","8.28"
"Washburn","0","3","Wisconsin","6/13/20","3","0","55129","0"
"Washington","2","290","Wisconsin","6/13/20","277","13","55131","4.69"
"Waukesha","14","894","Wisconsin","6/13/20","795","99","55133","12.45"
"Waupaca","3","71","Wisconsin","6/13/20","51","20","55135","39.22"
"Waushara","1","16","Wisconsin","6/13/20","10","6","55137","60"
"Winnebago","22","506","Wisconsin","6/13/20","354","152","55139","42.94"
"Wood","1","17","Wisconsin","6/13/20","11","6","55141","54.55"
"Albany","0","26","Wyoming","6/13/20","26","0","56001","0"
"Big Horn","1","11","Wyoming","6/13/20","6","5","56003","83.33"
"Campbell","1","41","Wyoming","6/13/20","32","9","56005","28.12"
"Carbon","1","22","Wyoming","6/13/20","16","6","56007","37.5"
"Converse","0","24","Wyoming","6/13/20","24","0","56009","0"
"Crook","0","5","Wyoming","6/13/20","5","0","56011","0"
"Fremont","1","304","Wyoming","6/13/20","295","9","56013","3.05"
"Goshen","0","5","Wyoming","6/13/20","5","0","56015","0"
"Hot Springs","0","12","Wyoming","6/13/20","12","0","56017","0"
"Johnson","0","18","Wyoming","6/13/20","18","0","56019","0"
"Laramie","1","195","Wyoming","6/13/20","188","7","56021","3.72"
"Lincoln","0","15","Wyoming","6/13/20","15","0","56023","0"
"Natrona","1","87","Wyoming","6/13/20","82","5","56025","6.1"
"Niobrara","0","2","Wyoming","6/13/20","2","0","56027","0"
"Park","0","5","Wyoming","6/13/20","2","3","56029","150"
"Platte","0","1","Wyoming","6/13/20","1","0","56031","0"
"Sheridan","0","19","Wyoming","6/13/20","16","3","56033","18.75"
"Sublette","0","3","Wyoming","6/13/20","3","0","56035","0"
"Sweetwater","1","40","Wyoming","6/13/20","32","8","56037","25"
"Teton","1","104","Wyoming","6/13/20","100","4","56039","4"
"Uinta","7","71","Wyoming","6/13/20","19","52","56041","273.68"
"Washakie","0","39","Wyoming","6/13/20","39","0","56043","0"
"Weston","0","1","Wyoming","6/13/20","1","0","56045","0"
