"Locality","DailyAvgNewCasesPast7Days","TotalCases","State","Date","TotalCases7DaysAgo","NewCasesPast7Days","FIPS-Code","PercentIncreaseTotalCasesPast7Days"
"Autauga","13","364","Alabama","6/15/20","272","92","01001","33.82"
"Baldwin","7","368","Alabama","6/15/20","320","48","01003","15"
"Barbour","6","237","Alabama","6/15/20","197","40","01005","20.3"
"Bibb","4","108","Alabama","6/15/20","79","29","01007","36.71"
"Blount","6","114","Alabama","6/15/20","73","41","01009","56.16"
"Bullock","10","305","Alabama","6/15/20","238","67","01011","28.15"
"Butler","12","541","Alabama","6/15/20","455","86","01013","18.9"
"Calhoun","3","196","Alabama","6/15/20","178","18","01015","10.11"
"Chambers","11","461","Alabama","6/15/20","383","78","01017","20.37"
"Cherokee","1","51","Alabama","6/15/20","42","9","01019","21.43"
"Chilton","3","135","Alabama","6/15/20","111","24","01021","21.62"
"Choctaw","3","175","Alabama","6/15/20","156","19","01023","12.18"
"Clarke","5","191","Alabama","6/15/20","158","33","01025","20.89"
"Clay","0","30","Alabama","6/15/20","29","1","01027","3.45"
"Cleburne","0","22","Alabama","6/15/20","19","3","01029","15.79"
"Coffee","6","290","Alabama","6/15/20","248","42","01031","16.94"
"Colbert","8","265","Alabama","6/15/20","212","53","01033","25"
"Conecuh","7","100","Alabama","6/15/20","52","48","01035","92.31"
"Coosa","1","46","Alabama","6/15/20","40","6","01037","15"
"Covington","12","171","Alabama","6/15/20","88","83","01039","94.32"
"Crenshaw","3","112","Alabama","6/15/20","88","24","01041","27.27"
"Cullman","11","273","Alabama","6/15/20","199","74","01043","37.19"
"Dale","6","178","Alabama","6/15/20","135","43","01045","31.85"
"Dallas","23","503","Alabama","6/15/20","339","164","01047","48.38"
"DeKalb","7","322","Alabama","6/15/20","272","50","01049","18.38"
"Elmore","17","547","Alabama","6/15/20","427","120","01051","28.1"
"Escambia","3","107","Alabama","6/15/20","88","19","01053","21.59"
"Etowah","8","330","Alabama","6/15/20","276","54","01055","19.57"
"Fayette","4","45","Alabama","6/15/20","19","26","01057","136.84"
"Franklin","15","730","Alabama","6/15/20","625","105","01059","16.8"
"Geneva","0","46","Alabama","6/15/20","46","0","01061","0"
"Greene","5","132","Alabama","6/15/20","99","33","01063","33.33"
"Hale","4","235","Alabama","6/15/20","207","28","01065","13.53"
"Henry","3","108","Alabama","6/15/20","89","19","01067","21.35"
"Houston","10","315","Alabama","6/15/20","246","69","01069","28.05"
"Jackson","4","122","Alabama","6/15/20","94","28","01071","29.79"
"Jefferson","66","2537","Alabama","6/15/20","2078","459","01073","22.09"
"Lamar","2","45","Alabama","6/15/20","29","16","01075","55.17"
"Lauderdale","9","249","Alabama","6/15/20","188","61","01077","32.45"
"Lawrence","1","65","Alabama","6/15/20","55","10","01079","18.18"
"Lee","17","710","Alabama","6/15/20","594","116","01081","19.53"
"Limestone","13","226","Alabama","6/15/20","135","91","01083","67.41"
"Lowndes","15","393","Alabama","6/15/20","290","103","01085","35.52"
"Macon","4","126","Alabama","6/15/20","100","26","01087","26"
"Madison","26","566","Alabama","6/15/20","386","180","01089","46.63"
"Marengo","5","221","Alabama","6/15/20","187","34","01091","18.18"
"Marion","2","142","Alabama","6/15/20","126","16","01093","12.7"
"Marshall","22","896","Alabama","6/15/20","744","152","01095","20.43"
"Mobile","37","2723","Alabama","6/15/20","2461","262","01097","10.65"
"Monroe","11","136","Alabama","6/15/20","62","74","01099","119.35"
"Montgomery","106","2871","Alabama","6/15/20","2128","743","01101","34.92"
"Morgan","35","638","Alabama","6/15/20","395","243","01103","61.52"
"Perry","4","75","Alabama","6/15/20","50","25","01105","50"
"Pickens","2","141","Alabama","6/15/20","124","17","01107","13.71"
"Pike","12","334","Alabama","6/15/20","250","84","01109","33.6"
"Randolph","1","141","Alabama","6/15/20","132","9","01111","6.82"
"Russell","12","298","Alabama","6/15/20","212","86","01113","40.57"
"Shelby","14","655","Alabama","6/15/20","554","101","01117","18.23"
"St. Clair","5","173","Alabama","6/15/20","141","32","01115","22.7"
"Sumter","2","263","Alabama","6/15/20","247","16","01119","6.48"
"Talladega","4","163","Alabama","6/15/20","134","29","01121","21.64"
"Tallapoosa","4","473","Alabama","6/15/20","446","27","01123","6.05"
"Tuscaloosa","58","1342","Alabama","6/15/20","936","406","01125","43.38"
"Walker","17","578","Alabama","6/15/20","460","118","01127","25.65"
"Washington","1","87","Alabama","6/15/20","79","8","01129","10.13"
"Wilcox","7","223","Alabama","6/15/20","173","50","01131","28.9"
"Winston","5","127","Alabama","6/15/20","95","32","01133","33.68"
"Anchorage","5","320","Alaska","6/15/20","283","37","02020","13.07"
"Bethel","0","4","Alaska","6/15/20","3","1","02050","33.33"
"Fairbanks North Star","2","96","Alaska","6/15/20","85","11","02090","12.94"
"Haines","0","1","Alaska","6/15/20","0","1","02100","1"
"Juneau","0","37","Alaska","6/15/20","35","2","02110","5.71"
"Kenai Peninsula","4","109","Alaska","6/15/20","83","26","02122","31.33"
"Ketchikan Gateway","0","19","Alaska","6/15/20","16","3","02130","18.75"
"Kodiak Island","0","2","Alaska","6/15/20","1","1","02150","100"
"Matanuska-Susitna","1","45","Alaska","6/15/20","37","8","02170","21.62"
"Nome","0","5","Alaska","6/15/20","3","2","02180","66.67"
"North Slope","0","1","Alaska","6/15/20","1","0","02185","0"
"Northwest Arctic","0","4","Alaska","6/15/20","2","2","02188","100"
"Petersburg","0","4","Alaska","6/15/20","4","0","02195","0"
"Prince of Wales-Hyder","0","2","Alaska","6/15/20","2","0","02198","0"
"Sitka","1","8","Alaska","6/15/20","2","6","02220","300"
"Southeast Fairbanks","0","3","Alaska","6/15/20","3","0","02240","0"
"Wrangell","0","2","Alaska","6/15/20","1","1","02275","100"
"Yukon-Koyukuk","0","1","Alaska","6/15/20","1","0","02290","0"
"Apache","35","1975","Arizona","6/15/20","1732","243","04001","14.03"
"Cochise","10","221","Arizona","6/15/20","149","72","04003","48.32"
"Coconino","12","1373","Arizona","6/15/20","1290","83","04005","6.43"
"Gila","6","87","Arizona","6/15/20","46","41","04007","89.13"
"Graham","1","50","Arizona","6/15/20","41","9","04009","21.95"
"Greenlee","0","12","Arizona","6/15/20","10","2","04011","20"
"La Paz","6","222","Arizona","6/15/20","183","39","04012","21.31"
"Maricopa","767","19372","Arizona","6/15/20","14003","5369","04013","38.34"
"Mohave","15","618","Arizona","6/15/20","512","106","04015","20.7"
"Navajo","58","2636","Arizona","6/15/20","2229","407","04017","18.26"
"Pima","113","3944","Arizona","6/15/20","3154","790","04019","25.05"
"Pinal","63","1568","Arizona","6/15/20","1127","441","04021","39.13"
"Santa Cruz","53","988","Arizona","6/15/20","615","373","04023","60.65"
"Yavapai","6","374","Arizona","6/15/20","330","44","04025","13.33"
"Yuma","164","3404","Arizona","6/15/20","2257","1147","04027","50.82"
"Arkansas","0","8","Arkansas","6/15/20","7","1","05001","14.29"
"Ashley","2","45","Arkansas","6/15/20","32","13","05003","40.62"
"Baxter","0","14","Arkansas","6/15/20","13","1","05005","7.69"
"Benton","67","1480","Arkansas","6/15/20","1011","469","05007","46.39"
"Boone","0","10","Arkansas","6/15/20","7","3","05009","42.86"
"Bradley","0","35","Arkansas","6/15/20","32","3","05011","9.38"
"Carroll","7","88","Arkansas","6/15/20","38","50","05015","131.58"
"Chicot","4","54","Arkansas","6/15/20","26","28","05017","107.69"
"Clark","1","48","Arkansas","6/15/20","41","7","05019","17.07"
"Clay","2","20","Arkansas","6/15/20","6","14","05021","233.33"
"Cleburne","0","75","Arkansas","6/15/20","75","0","05023","0"
"Cleveland","0","20","Arkansas","6/15/20","19","1","05025","5.26"
"Columbia","0","28","Arkansas","6/15/20","25","3","05027","12"
"Conway","1","24","Arkansas","6/15/20","15","9","05029","60"
"Craighead","8","363","Arkansas","6/15/20","305","58","05031","19.02"
"Crawford","3","61","Arkansas","6/15/20","42","19","05033","45.24"
"Crittenden","10","537","Arkansas","6/15/20","465","72","05035","15.48"
"Cross","2","79","Arkansas","6/15/20","63","16","05037","25.4"
"Dallas","0","3","Arkansas","6/15/20","3","0","05039","0"
"Desha","0","22","Arkansas","6/15/20","20","2","05041","10"
"Drew","1","26","Arkansas","6/15/20","21","5","05043","23.81"
"Faulkner","8","172","Arkansas","6/15/20","117","55","05045","47.01"
"Franklin","0","6","Arkansas","6/15/20","5","1","05047","20"
"Fulton","0","9","Arkansas","6/15/20","8","1","05049","12.5"
"Garland","3","165","Arkansas","6/15/20","142","23","05051","16.2"
"Grant","1","24","Arkansas","6/15/20","19","5","05053","26.32"
"Greene","1","73","Arkansas","6/15/20","67","6","05055","8.96"
"Hempstead","1","39","Arkansas","6/15/20","30","9","05057","30"
"Hot Spring","1","42","Arkansas","6/15/20","34","8","05059","23.53"
"Howard","1","41","Arkansas","6/15/20","33","8","05061","24.24"
"Independence","1","42","Arkansas","6/15/20","36","6","05063","16.67"
"Izard","0","20","Arkansas","6/15/20","17","3","05065","17.65"
"Jackson","1","16","Arkansas","6/15/20","7","9","05067","128.57"
"Jefferson","11","633","Arkansas","6/15/20","554","79","05069","14.26"
"Johnson","4","92","Arkansas","6/15/20","66","26","05071","39.39"
"Lafayette","0","11","Arkansas","6/15/20","10","1","05073","10"
"Lawrence","0","91","Arkansas","6/15/20","89","2","05075","2.25"
"Lee","71","543","Arkansas","6/15/20","49","494","05077","1008.16"
"Lincoln","1","995","Arkansas","6/15/20","985","10","05079","1.02"
"Little River","1","34","Arkansas","6/15/20","26","8","05081","30.77"
"Logan","1","20","Arkansas","6/15/20","13","7","05083","53.85"
"Lonoke","2","73","Arkansas","6/15/20","60","13","05085","21.67"
"Madison","9","119","Arkansas","6/15/20","54","65","05087","120.37"
"Marion","0","2","Arkansas","6/15/20","2","0","05089","0"
"Miller","2","71","Arkansas","6/15/20","59","12","05091","20.34"
"Mississippi","2","96","Arkansas","6/15/20","83","13","05093","15.66"
"Monroe","0","7","Arkansas","6/15/20","5","2","05095","40"
"Montgomery","0","2","Arkansas","6/15/20","2","0","05097","0"
"Nevada","3","83","Arkansas","6/15/20","59","24","05099","40.68"
"Newton","0","3","Arkansas","6/15/20","3","0","05101","0"
"Ouachita","0","15","Arkansas","6/15/20","14","1","05103","7.14"
"Perry","0","16","Arkansas","6/15/20","15","1","05105","6.67"
"Phillips","3","49","Arkansas","6/15/20","27","22","05107","81.48"
"Pike","0","7","Arkansas","6/15/20","6","1","05109","16.67"
"Poinsett","1","51","Arkansas","6/15/20","44","7","05111","15.91"
"Polk","2","56","Arkansas","6/15/20","45","11","05113","24.44"
"Pope","10","281","Arkansas","6/15/20","213","68","05115","31.92"
"Prairie","0","7","Arkansas","6/15/20","5","2","05117","40"
"Pulaski","26","1302","Arkansas","6/15/20","1118","184","05119","16.46"
"Randolph","0","28","Arkansas","6/15/20","26","2","05121","7.69"
"Saline","5","181","Arkansas","6/15/20","147","34","05125","23.13"
"Scott","0","5","Arkansas","6/15/20","2","3","05127","150"
"Searcy","0","7","Arkansas","6/15/20","7","0","05129","0"
"Sebastian","10","165","Arkansas","6/15/20","96","69","05131","71.88"
"Sevier","16","465","Arkansas","6/15/20","355","110","05133","30.99"
"Sharp","0","50","Arkansas","6/15/20","48","2","05135","4.17"
"St. Francis","3","778","Arkansas","6/15/20","755","23","05123","3.05"
"Stone","0","11","Arkansas","6/15/20","11","0","05137","0"
"Union","3","208","Arkansas","6/15/20","188","20","05139","10.64"
"Van Buren","0","30","Arkansas","6/15/20","30","0","05141","0"
"Washington","118","1925","Arkansas","6/15/20","1097","828","05143","75.48"
"White","1","59","Arkansas","6/15/20","50","9","05145","18"
"Woodruff","1","5","Arkansas","6/15/20","1","4","05147","400"
"Yell","10","308","Arkansas","6/15/20","240","68","05149","28.33"
"Alameda","61","4373","California","6/15/20","3945","428","06001","10.85"
"Alpine","0","2","California","6/15/20","2","0","06003","0"
"Amador","0","11","California","6/15/20","10","1","06005","10"
"Butte","2","82","California","6/15/20","68","14","06007","20.59"
"Calaveras","1","26","California","6/15/20","19","7","06009","36.84"
"Colusa","0","7","California","6/15/20","7","0","06011","0"
"Contra Costa","40","1983","California","6/15/20","1706","277","06013","16.24"
"Del Norte","0","47","California","6/15/20","47","0","06015","0"
"El Dorado","1","117","California","6/15/20","109","8","06017","7.34"
"Fresno","83","2706","California","6/15/20","2122","584","06019","27.52"
"Glenn","2","32","California","6/15/20","19","13","06021","68.42"
"Humboldt","0","106","California","6/15/20","105","1","06023","0.95"
"Imperial","184","4298","California","6/15/20","3013","1285","06025","42.65"
"Inyo","0","24","California","6/15/20","22","2","06027","9.09"
"Kern","82","3367","California","6/15/20","2794","573","06029","20.51"
"Kings","42","1831","California","6/15/20","1538","293","06031","19.05"
"Lake","1","34","California","6/15/20","30","4","06033","13.33"
"Lassen","0","9","California","6/15/20","8","1","06035","12.5"
"Los Angeles","1306","73832","California","6/15/20","64690","9142","06037","14.13"
"Madera","8","226","California","6/15/20","172","54","06039","31.4"
"Marin","23","751","California","6/15/20","589","162","06041","27.5"
"Mariposa","0","17","California","6/15/20","16","1","06043","6.25"
"Mendocino","0","38","California","6/15/20","36","2","06045","5.56"
"Merced","11","409","California","6/15/20","334","75","06047","22.46"
"Mono","0","37","California","6/15/20","38","-1","06051","-2.63"
"Monterey","35","995","California","6/15/20","751","244","06053","32.49"
"Napa","5","190","California","6/15/20","153","37","06055","24.18"
"Nevada","1","55","California","6/15/20","50","5","06057","10"
"Orange","176","8759","California","6/15/20","7527","1232","06059","16.37"
"Placer","14","390","California","6/15/20","294","96","06061","32.65"
"Plumas","0","5","California","6/15/20","4","1","06063","25"
"Riverside","297","11285","California","6/15/20","9206","2079","06065","22.58"
"Sacramento","29","1794","California","6/15/20","1588","206","06067","12.97"
"San Benito","3","129","California","6/15/20","107","22","06069","20.56"
"San Bernardino","181","7515","California","6/15/20","6247","1268","06071","20.3"
"San Diego","142","9610","California","6/15/20","8619","991","06073","11.5"
"San Francisco","25","2952","California","6/15/20","2779","173","06075","6.23"
"San Joaquin","74","1716","California","6/15/20","1195","521","06077","43.6"
"San Luis Obispo","7","347","California","6/15/20","299","48","06079","16.05"
"San Mateo","29","2594","California","6/15/20","2394","200","06081","8.35"
"Santa Barbara","36","2069","California","6/15/20","1817","252","06083","13.87"
"Santa Clara","37","3230","California","6/15/20","2973","257","06085","8.64"
"Santa Cruz","3","257","California","6/15/20","234","23","06087","9.83"
"Shasta","1","51","California","6/15/20","46","5","06089","10.87"
"Sierra","0","1","California","6/15/20","1","0","06091","0"
"Siskiyou","1","18","California","6/15/20","12","6","06093","50"
"Solano","14","685","California","6/15/20","590","95","06095","16.1"
"Sonoma","15","758","California","6/15/20","653","105","06097","16.08"
"Stanislaus","44","1242","California","6/15/20","937","305","06099","32.55"
"Sutter","3","88","California","6/15/20","65","23","06101","35.38"
"Tehama","3","27","California","6/15/20","9","18","06103","200"
"Trinity","0","2","California","6/15/20","2","0","06105","0"
"Tulare","63","2664","California","6/15/20","2220","444","06107","20"
"Tuolumne","0","9","California","6/15/20","7","2","06109","28.57"
"Ventura","42","1633","California","6/15/20","1341","292","06111","21.77"
"Yolo","4","255","California","6/15/20","225","30","06113","13.33"
"Yuba","1","36","California","6/15/20","32","4","06115","12.5"
"Adams","22","3759","Colorado","6/15/20","3605","154","08001","4.27"
"Alamosa","5","127","Colorado","6/15/20","95","32","08003","33.68"
"Arapahoe","22","4818","Colorado","6/15/20","4663","155","08005","3.32"
"Archuleta","0","8","Colorado","6/15/20","8","0","08007","0"
"Baca","0","12","Colorado","6/15/20","12","0","08009","0"
"Bent","0","3","Colorado","6/15/20","3","0","08011","0"
"Boulder","9","1088","Colorado","6/15/20","1022","66","08013","6.46"
"Broomfield","1","265","Colorado","6/15/20","256","9","08014","3.52"
"Chaffee","0","78","Colorado","6/15/20","78","0","08015","0"
"Cheyenne","0","5","Colorado","6/15/20","5","0","08017","0"
"Clear Creek","0","17","Colorado","6/15/20","17","0","08019","0"
"Conejos","0","5","Colorado","6/15/20","5","0","08021","0"
"Costilla","1","15","Colorado","6/15/20","8","7","08023","87.5"
"Crowley","0","68","Colorado","6/15/20","66","2","08025","3.03"
"Custer","0","2","Colorado","6/15/20","2","0","08027","0"
"Delta","0","78","Colorado","6/15/20","76","2","08029","2.63"
"Denver","34","6376","Colorado","6/15/20","6138","238","08031","3.88"
"Douglas","7","807","Colorado","6/15/20","757","50","08035","6.61"
"Eagle","2","626","Colorado","6/15/20","610","16","08037","2.62"
"El Paso","11","1941","Colorado","6/15/20","1862","79","08041","4.24"
"Elbert","0","54","Colorado","6/15/20","56","-2","08039","-3.57"
"Fremont","0","29","Colorado","6/15/20","26","3","08043","11.54"
"Garfield","4","193","Colorado","6/15/20","164","29","08045","17.68"
"Gilpin","0","6","Colorado","6/15/20","5","1","08047","20"
"Grand","0","17","Colorado","6/15/20","15","2","08049","13.33"
"Gunnison","0","181","Colorado","6/15/20","180","1","08051","0.56"
"Hinsdale","0","3","Colorado","6/15/20","3","0","08053","0"
"Huerfano","0","3","Colorado","6/15/20","3","0","08055","0"
"Jefferson","12","2466","Colorado","6/15/20","2384","82","08059","3.44"
"Kit Carson","0","31","Colorado","6/15/20","30","1","08063","3.33"
"La Plata","0","85","Colorado","6/15/20","82","3","08067","3.66"
"Lake","0","39","Colorado","6/15/20","38","1","08065","2.63"
"Larimer","3","652","Colorado","6/15/20","628","24","08069","3.82"
"Las Animas","0","7","Colorado","6/15/20","5","2","08071","40"
"Lincoln","0","3","Colorado","6/15/20","3","0","08073","0"
"Logan","0","633","Colorado","6/15/20","631","2","08075","0.32"
"Mesa","1","72","Colorado","6/15/20","62","10","08077","16.13"
"Mineral","0","2","Colorado","6/15/20","2","0","08079","0"
"Moffat","0","8","Colorado","6/15/20","8","0","08081","0"
"Montezuma","1","62","Colorado","6/15/20","57","5","08083","8.77"
"Montrose","1","195","Colorado","6/15/20","190","5","08085","2.63"
"Morgan","0","646","Colorado","6/15/20","645","1","08087","0.16"
"Otero","0","22","Colorado","6/15/20","22","0","08089","0"
"Ouray","0","8","Colorado","6/15/20","8","0","08091","0"
"Park","0","23","Colorado","6/15/20","23","0","08093","0"
"Phillips","0","15","Colorado","6/15/20","15","0","08095","0"
"Pitkin","1","67","Colorado","6/15/20","61","6","08097","9.84"
"Prowers","0","16","Colorado","6/15/20","16","0","08099","0"
"Pueblo","5","352","Colorado","6/15/20","320","32","08101","10"
"Rio Blanco","0","1","Colorado","6/15/20","1","0","08103","0"
"Rio Grande","1","54","Colorado","6/15/20","46","8","08105","17.39"
"Routt","0","63","Colorado","6/15/20","62","1","08107","1.61"
"Saguache","1","99","Colorado","6/15/20","94","5","08109","5.32"
"San Juan","0","1","Colorado","6/15/20","1","0","08111","0"
"San Miguel","0","24","Colorado","6/15/20","23","1","08113","4.35"
"Summit","1","257","Colorado","6/15/20","247","10","08117","4.05"
"Teller","0","38","Colorado","6/15/20","36","2","08119","5.56"
"Washington","0","44","Colorado","6/15/20","43","1","08121","2.33"
"Weld","10","2666","Colorado","6/15/20","2598","68","08123","2.62"
"Yuma","0","49","Colorado","6/15/20","48","1","08125","2.08"
"Fairfield","35","16338","Connecticut","6/15/20","16092","246","09001","1.53"
"Hartford","55","11231","Connecticut","6/15/20","10844","387","09003","3.57"
"Litchfield","2","1441","Connecticut","6/15/20","1426","15","09005","1.05"
"Middlesex","7","1233","Connecticut","6/15/20","1187","46","09007","3.88"
"New Haven","28","12055","Connecticut","6/15/20","11860","195","09009","1.64"
"New London","17","1240","Connecticut","6/15/20","1120","120","09011","10.71"
"Tolland","4","888","Connecticut","6/15/20","863","25","09013","2.9"
"Windham","6","467","Connecticut","6/15/20","428","39","09015","9.11"
"Kent","7","1565","Delaware","6/15/20","1513","52","10001","3.44"
"New Castle","36","4345","Delaware","6/15/20","4095","250","10003","6.11"
"Sussex","9","4416","Delaware","6/15/20","4353","63","10005","1.45"
"","0","49","Diamond Princess","6/15/20","49","0",,"0"
"District of Columbia","59","9799","District of Columbia","6/15/20","9389","410","11001","4.37"
"Alachua","22","551","Florida","6/15/20","399","152","12001","38.1"
"Baker","0","30","Florida","6/15/20","29","1","12003","3.45"
"Bay","3","153","Florida","6/15/20","132","21","12005","15.91"
"Bradford","0","52","Florida","6/15/20","52","0","12007","0"
"Brevard","14","565","Florida","6/15/20","464","101","12009","21.77"
"Broward","166","9086","Florida","6/15/20","7924","1162","12011","14.66"
"Calhoun","0","66","Florida","6/15/20","66","0","12013","0"
"Charlotte","5","537","Florida","6/15/20","500","37","12015","7.4"
"Citrus","3","150","Florida","6/15/20","128","22","12017","17.19"
"Clay","5","440","Florida","6/15/20","405","35","12019","8.64"
"Collier","75","2592","Florida","6/15/20","2070","522","12021","25.22"
"Columbia","2","183","Florida","6/15/20","171","12","12023","7.02"
"DeSoto","15","387","Florida","6/15/20","284","103","12027","36.27"
"Dixie","0","60","Florida","6/15/20","60","0","12029","0"
"Duval","32","2032","Florida","6/15/20","1806","226","12031","12.51"
"Escambia","15","999","Florida","6/15/20","891","108","12033","12.12"
"Flagler","2","207","Florida","6/15/20","195","12","12035","6.15"
"Franklin","0","2","Florida","6/15/20","2","0","12037","0"
"Gadsden","2","305","Florida","6/15/20","294","11","12039","3.74"
"Gilchrist","1","26","Florida","6/15/20","19","7","12041","36.84"
"Glades","4","116","Florida","6/15/20","85","31","12043","36.47"
"Gulf","0","9","Florida","6/15/20","7","2","12045","28.57"
"Hamilton","1","272","Florida","6/15/20","262","10","12047","3.82"
"Hardee","8","205","Florida","6/15/20","151","54","12049","35.76"
"Hendry","12","650","Florida","6/15/20","565","85","12051","15.04"
"Hernando","2","141","Florida","6/15/20","126","15","12053","11.9"
"Highlands","3","172","Florida","6/15/20","150","22","12055","14.67"
"Hillsborough","138","3826","Florida","6/15/20","2861","965","12057","33.73"
"Holmes","0","31","Florida","6/15/20","30","1","12059","3.33"
"Indian River","7","216","Florida","6/15/20","167","49","12061","29.34"
"Jackson","2","320","Florida","6/15/20","309","11","12063","3.56"
"Jefferson","0","32","Florida","6/15/20","31","1","12065","3.23"
"Lafayette","0","13","Florida","6/15/20","10","3","12067","30"
"Lake","21","482","Florida","6/15/20","337","145","12069","43.03"
"Lee","80","2877","Florida","6/15/20","2315","562","12071","24.28"
"Leon","4","474","Florida","6/15/20","443","31","12073","7"
"Levy","4","101","Florida","6/15/20","73","28","12075","38.36"
"Liberty","0","220","Florida","6/15/20","218","2","12077","0.92"
"Madison","2","82","Florida","6/15/20","71","11","12079","15.49"
"Manatee","29","1421","Florida","6/15/20","1219","202","12081","16.57"
"Marion","5","315","Florida","6/15/20","281","34","12083","12.1"
"Martin","43","1218","Florida","6/15/20","917","301","12085","32.82"
"Miami-Dade","349","22197","Florida","6/15/20","19756","2441","12086","12.36"
"Monroe","2","130","Florida","6/15/20","114","16","12087","14.04"
"Nassau","2","93","Florida","6/15/20","82","11","12089","13.41"
"Okaloosa","9","337","Florida","6/15/20","271","66","12091","24.35"
"Okeechobee","7","189","Florida","6/15/20","138","51","12093","36.96"
"Orange","129","3282","Florida","6/15/20","2378","904","12095","38.02"
"Osceola","14","848","Florida","6/15/20","749","99","12097","13.22"
"Palm Beach","241","9015","Florida","6/15/20","7329","1686","12099","23"
"Pasco","16","543","Florida","6/15/20","434","109","12101","25.12"
"Pinellas","107","2389","Florida","6/15/20","1638","751","12103","45.85"
"Polk","43","1509","Florida","6/15/20","1206","303","12105","25.12"
"Putnam","2","191","Florida","6/15/20","174","17","12107","9.77"
"Santa Rosa","5","293","Florida","6/15/20","258","35","12113","13.57"
"Sarasota","13","780","Florida","6/15/20","686","94","12115","13.7"
"Seminole","35","790","Florida","6/15/20","542","248","12117","45.76"
"St. Johns","5","315","Florida","6/15/20","282","33","12109","11.7"
"St. Lucie","39","926","Florida","6/15/20","654","272","12111","41.59"
"Sumter","1","267","Florida","6/15/20","261","6","12119","2.3"
"Suwannee","4","200","Florida","6/15/20","175","25","12121","14.29"
"Taylor","2","59","Florida","6/15/20","48","11","12123","22.92"
"Union","0","38","Florida","6/15/20","38","0","12125","0"
"Volusia","17","946","Florida","6/15/20","829","117","12127","14.11"
"Wakulla","0","35","Florida","6/15/20","35","0","12129","0"
"Walton","3","150","Florida","6/15/20","131","19","12131","14.5"
"Washington","1","91","Florida","6/15/20","84","7","12133","8.33"
"Appling","2","204","Georgia","6/15/20","189","15","13001","7.94"
"Atkinson","2","76","Georgia","6/15/20","60","16","13003","26.67"
"Bacon","4","177","Georgia","6/15/20","146","31","13005","21.23"
"Baker","0","37","Georgia","6/15/20","37","0","13007","0"
"Baldwin","6","429","Georgia","6/15/20","388","41","13009","10.57"
"Banks","2","109","Georgia","6/15/20","92","17","13011","18.48"
"Barrow","5","388","Georgia","6/15/20","353","35","13013","9.92"
"Bartow","4","548","Georgia","6/15/20","523","25","13015","4.78"
"Ben Hill","2","105","Georgia","6/15/20","93","12","13017","12.9"
"Berrien","2","73","Georgia","6/15/20","59","14","13019","23.73"
"Bibb","5","542","Georgia","6/15/20","509","33","13021","6.48"
"Bleckley","0","54","Georgia","6/15/20","51","3","13023","5.88"
"Brantley","1","69","Georgia","6/15/20","63","6","13025","9.52"
"Brooks","2","98","Georgia","6/15/20","83","15","13027","18.07"
"Bryan","1","86","Georgia","6/15/20","78","8","13029","10.26"
"Bulloch","4","108","Georgia","6/15/20","83","25","13031","30.12"
"Burke","0","126","Georgia","6/15/20","125","1","13033","0.8"
"Butts","0","245","Georgia","6/15/20","244","1","13035","0.41"
"Calhoun","1","148","Georgia","6/15/20","138","10","13037","7.25"
"Camden","1","75","Georgia","6/15/20","69","6","13039","8.7"
"Candler","0","17","Georgia","6/15/20","15","2","13043","13.33"
"Carroll","4","614","Georgia","6/15/20","585","29","13045","4.96"
"Catoosa","10","234","Georgia","6/15/20","164","70","13047","42.68"
"Charlton","1","39","Georgia","6/15/20","34","5","13049","14.71"
"Chatham","12","636","Georgia","6/15/20","552","84","13051","15.22"
"Chattahoochee","11","252","Georgia","6/15/20","173","79","13053","45.66"
"Chattooga","2","36","Georgia","6/15/20","25","11","13055","44"
"Cherokee","9","1040","Georgia","6/15/20","975","65","13057","6.67"
"Clarke","3","348","Georgia","6/15/20","325","23","13059","7.08"
"Clay","0","52","Georgia","6/15/20","49","3","13061","6.12"
"Clayton","14","1440","Georgia","6/15/20","1343","97","13063","7.22"
"Clinch","1","80","Georgia","6/15/20","70","10","13065","14.29"
"Cobb","46","3618","Georgia","6/15/20","3298","320","13067","9.7"
"Coffee","7","346","Georgia","6/15/20","300","46","13069","15.33"
"Colquitt","16","679","Georgia","6/15/20","569","110","13071","19.33"
"Columbia","3","301","Georgia","6/15/20","278","23","13073","8.27"
"Cook","3","75","Georgia","6/15/20","56","19","13075","33.93"
"Coweta","7","515","Georgia","6/15/20","468","47","13077","10.04"
"Crawford","0","32","Georgia","6/15/20","29","3","13079","10.34"
"Crisp","0","242","Georgia","6/15/20","239","3","13081","1.26"
"Dade","1","48","Georgia","6/15/20","41","7","13083","17.07"
"Dawson","1","119","Georgia","6/15/20","114","5","13085","4.39"
"Decatur","1","224","Georgia","6/15/20","214","10","13087","4.67"
"DeKalb","43","4355","Georgia","6/15/20","4054","301","13089","7.42"
"Dodge","0","56","Georgia","6/15/20","53","3","13091","5.66"
"Dooly","0","191","Georgia","6/15/20","191","0","13093","0"
"Dougherty","5","1839","Georgia","6/15/20","1806","33","13095","1.83"
"Douglas","8","660","Georgia","6/15/20","601","59","13097","9.82"
"Early","1","255","Georgia","6/15/20","249","6","13099","2.41"
"Echols","2","161","Georgia","6/15/20","146","15","13101","10.27"
"Effingham","1","86","Georgia","6/15/20","78","8","13103","10.26"
"Elbert","1","86","Georgia","6/15/20","82","4","13105","4.88"
"Emanuel","3","53","Georgia","6/15/20","31","22","13107","70.97"
"Evans","0","8","Georgia","6/15/20","6","2","13109","33.33"
"Fannin","2","67","Georgia","6/15/20","55","12","13111","21.82"
"Fayette","2","261","Georgia","6/15/20","247","14","13113","5.67"
"Floyd","6","371","Georgia","6/15/20","326","45","13115","13.8"
"Forsyth","6","598","Georgia","6/15/20","556","42","13117","7.55"
"Franklin","1","140","Georgia","6/15/20","134","6","13119","4.48"
"Fulton","39","5157","Georgia","6/15/20","4887","270","13121","5.52"
"Gilmer","1","170","Georgia","6/15/20","160","10","13123","6.25"
"Glascock","0","1","Georgia","6/15/20","1","0","13125","0"
"Glynn","5","190","Georgia","6/15/20","157","33","13127","21.02"
"Gordon","8","256","Georgia","6/15/20","203","53","13129","26.11"
"Grady","3","139","Georgia","6/15/20","120","19","13131","15.83"
"Greene","1","86","Georgia","6/15/20","80","6","13133","7.5"
"Gwinnett","101","5308","Georgia","6/15/20","4598","710","13135","15.44"
"Habersham","5","596","Georgia","6/15/20","562","34","13137","6.05"
"Hall","16","2755","Georgia","6/15/20","2642","113","13139","4.28"
"Hancock","0","202","Georgia","6/15/20","199","3","13141","1.51"
"Haralson","1","57","Georgia","6/15/20","52","5","13143","9.62"
"Harris","10","203","Georgia","6/15/20","130","73","13145","56.15"
"Hart","1","44","Georgia","6/15/20","40","4","13147","10"
"Heard","1","43","Georgia","6/15/20","36","7","13149","19.44"
"Henry","12","852","Georgia","6/15/20","767","85","13151","11.08"
"Houston","6","446","Georgia","6/15/20","402","44","13153","10.95"
"Irwin","1","38","Georgia","6/15/20","34","4","13155","11.76"
"Jackson","4","262","Georgia","6/15/20","232","30","13157","12.93"
"Jasper","1","56","Georgia","6/15/20","49","7","13159","14.29"
"Jeff Davis","1","55","Georgia","6/15/20","46","9","13161","19.57"
"Jefferson","1","56","Georgia","6/15/20","51","5","13163","9.8"
"Jenkins","2","45","Georgia","6/15/20","29","16","13165","55.17"
"Johnson","-1","77","Georgia","6/15/20","83","-6","13167","-7.23"
"Jones","0","51","Georgia","6/15/20","49","2","13169","4.08"
"Lamar","0","79","Georgia","6/15/20","76","3","13171","3.95"
"Lanier","9","98","Georgia","6/15/20","32","66","13173","206.25"
"Laurens","1","118","Georgia","6/15/20","112","6","13175","5.36"
"Lee","1","374","Georgia","6/15/20","367","7","13177","1.91"
"Liberty","1","95","Georgia","6/15/20","87","8","13179","9.2"
"Lincoln","0","18","Georgia","6/15/20","16","2","13181","12.5"
"Long","1","24","Georgia","6/15/20","17","7","13183","41.18"
"Lowndes","27","651","Georgia","6/15/20","461","190","13185","41.21"
"Lumpkin","1","107","Georgia","6/15/20","103","4","13187","3.88"
"Macon","1","116","Georgia","6/15/20","106","10","13193","9.43"
"Madison","1","73","Georgia","6/15/20","65","8","13195","12.31"
"Marion","0","62","Georgia","6/15/20","59","3","13197","5.08"
"McDuffie","0","74","Georgia","6/15/20","72","2","13189","2.78"
"McIntosh","1","19","Georgia","6/15/20","15","4","13191","26.67"
"Meriwether","3","127","Georgia","6/15/20","109","18","13199","16.51"
"Miller","0","45","Georgia","6/15/20","42","3","13201","7.14"
"Mitchell","2","432","Georgia","6/15/20","419","13","13205","3.1"
"Monroe","1","131","Georgia","6/15/20","123","8","13207","6.5"
"Montgomery","1","21","Georgia","6/15/20","13","8","13209","61.54"
"Morgan","0","40","Georgia","6/15/20","39","1","13211","2.56"
"Murray","5","143","Georgia","6/15/20","110","33","13213","30"
"Muscogee","31","1022","Georgia","6/15/20","808","214","13215","26.49"
"Newton","4","420","Georgia","6/15/20","395","25","13217","6.33"
"Oconee","1","130","Georgia","6/15/20","125","5","13219","4"
"Oglethorpe","1","75","Georgia","6/15/20","67","8","13221","11.94"
"Out of GA","58","2909","Georgia","6/15/20","2502","407","80013","16.27"
"Paulding","8","408","Georgia","6/15/20","354","54","13223","15.25"
"Peach","2","91","Georgia","6/15/20","78","13","13225","16.67"
"Pickens","2","68","Georgia","6/15/20","52","16","13227","30.77"
"Pierce","2","131","Georgia","6/15/20","119","12","13229","10.08"
"Pike","1","70","Georgia","6/15/20","62","8","13231","12.9"
"Polk","3","165","Georgia","6/15/20","145","20","13233","13.79"
"Pulaski","0","46","Georgia","6/15/20","45","1","13235","2.22"
"Putnam","2","112","Georgia","6/15/20","100","12","13237","12"
"Quitman","0","14","Georgia","6/15/20","14","0","13239","0"
"Rabun","1","32","Georgia","6/15/20","26","6","13241","23.08"
"Randolph","1","191","Georgia","6/15/20","183","8","13243","4.37"
"Richmond","5","682","Georgia","6/15/20","645","37","13245","5.74"
"Rockdale","4","345","Georgia","6/15/20","314","31","13247","9.87"
"Schley","0","19","Georgia","6/15/20","18","1","13249","5.56"
"Screven","1","63","Georgia","6/15/20","58","5","13251","8.62"
"Seminole","0","48","Georgia","6/15/20","46","2","13253","4.35"
"Spalding","3","317","Georgia","6/15/20","296","21","13255","7.09"
"Stephens","1","153","Georgia","6/15/20","145","8","13257","5.52"
"Stewart","1","63","Georgia","6/15/20","57","6","13259","10.53"
"Sumter","2","512","Georgia","6/15/20","496","16","13261","3.23"
"Talbot","1","47","Georgia","6/15/20","41","6","13263","14.63"
"Taliaferro","0","2","Georgia","6/15/20","1","1","13265","100"
"Tattnall","3","56","Georgia","6/15/20","32","24","13267","75"
"Taylor","0","26","Georgia","6/15/20","23","3","13269","13.04"
"Telfair","2","54","Georgia","6/15/20","38","16","13271","42.11"
"Terrell","0","218","Georgia","6/15/20","217","1","13273","0.46"
"Thomas","1","364","Georgia","6/15/20","357","7","13275","1.96"
"Tift","15","423","Georgia","6/15/20","320","103","13277","32.19"
"Toombs","6","108","Georgia","6/15/20","68","40","13279","58.82"
"Towns","1","35","Georgia","6/15/20","30","5","13281","16.67"
"Treutlen","0","17","Georgia","6/15/20","14","3","13283","21.43"
"Troup","49","792","Georgia","6/15/20","446","346","13285","77.58"
"Turner","2","153","Georgia","6/15/20","140","13","13287","9.29"
"Twiggs","0","22","Georgia","6/15/20","19","3","13289","15.79"
"Union","1","54","Georgia","6/15/20","49","5","13291","10.2"
"Upson","1","295","Georgia","6/15/20","290","5","13293","1.72"
"Walker","4","225","Georgia","6/15/20","195","30","13295","15.38"
"Walton","3","327","Georgia","6/15/20","303","24","13297","7.92"
"Ware","5","286","Georgia","6/15/20","249","37","13299","14.86"
"Warren","0","20","Georgia","6/15/20","18","2","13301","11.11"
"Washington","0","76","Georgia","6/15/20","75","1","13303","1.33"
"Wayne","2","39","Georgia","6/15/20","26","13","13305","50"
"Webster","0","15","Georgia","6/15/20","14","1","13307","7.14"
"Wheeler","2","28","Georgia","6/15/20","14","14","13309","100"
"White","1","124","Georgia","6/15/20","114","10","13311","8.77"
"Whitfield","16","618","Georgia","6/15/20","504","114","13313","22.62"
"Wilcox","0","118","Georgia","6/15/20","117","1","13315","0.85"
"Wilkes","1","39","Georgia","6/15/20","34","5","13317","14.71"
"Wilkinson","0","73","Georgia","6/15/20","71","2","13319","2.82"
"Worth","3","260","Georgia","6/15/20","240","20","13321","8.33"
"","0","103","Grand Princess","6/15/20","103","0",,"0"
"","1","185","Guam","6/15/20","179","6",,"3.35"
"Hawaii","0","82","Hawaii","6/15/20","81","1","15001","1.23"
"Honolulu","8","501","Hawaii","6/15/20","442","59","15003","13.35"
"Kauai","0","21","Hawaii","6/15/20","21","0","15007","0"
"Maui","0","120","Hawaii","6/15/20","120","0","15009","0"
"Out of HI","0","12","Hawaii","6/15/20","12","0","80015","0"
"Ada","7","892","Idaho","6/15/20","844","48","16001","5.69"
"Adams","0","4","Idaho","6/15/20","3","1","16003","33.33"
"Bannock","2","63","Idaho","6/15/20","49","14","16005","28.57"
"Benewah","0","19","Idaho","6/15/20","18","1","16009","5.56"
"Bingham","0","24","Idaho","6/15/20","22","2","16011","9.09"
"Blaine","0","515","Idaho","6/15/20","514","1","16013","0.19"
"Bonner","0","7","Idaho","6/15/20","6","1","16017","16.67"
"Bonneville","2","79","Idaho","6/15/20","64","15","16019","23.44"
"Camas","0","1","Idaho","6/15/20","1","0","16025","0"
"Canyon","2","356","Idaho","6/15/20","345","11","16027","3.19"
"Caribou","0","5","Idaho","6/15/20","3","2","16029","66.67"
"Cassia","3","136","Idaho","6/15/20","117","19","16031","16.24"
"Custer","0","2","Idaho","6/15/20","2","0","16037","0"
"Elmore","0","34","Idaho","6/15/20","32","2","16039","6.25"
"Franklin","1","14","Idaho","6/15/20","9","5","16041","55.56"
"Fremont","0","4","Idaho","6/15/20","4","0","16043","0"
"Gem","0","17","Idaho","6/15/20","17","0","16045","0"
"Gooding","0","59","Idaho","6/15/20","57","2","16047","3.51"
"Idaho","0","3","Idaho","6/15/20","3","0","16049","0"
"Jefferson","0","12","Idaho","6/15/20","9","3","16051","33.33"
"Jerome","1","206","Idaho","6/15/20","198","8","16053","4.04"
"Kootenai","2","98","Idaho","6/15/20","85","13","16055","15.29"
"Latah","0","7","Idaho","6/15/20","7","0","16057","0"
"Lemhi","0","1","Idaho","6/15/20","1","0","16059","0"
"Lincoln","0","35","Idaho","6/15/20","34","1","16063","2.94"
"Madison","0","29","Idaho","6/15/20","27","2","16065","7.41"
"Minidoka","3","101","Idaho","6/15/20","78","23","16067","29.49"
"Nez Perce","0","84","Idaho","6/15/20","83","1","16069","1.2"
"Owyhee","0","8","Idaho","6/15/20","8","0","16073","0"
"Payette","0","27","Idaho","6/15/20","26","1","16075","3.85"
"Power","0","9","Idaho","6/15/20","7","2","16077","28.57"
"Teton","0","11","Idaho","6/15/20","11","0","16081","0"
"Twin Falls","3","479","Idaho","6/15/20","456","23","16083","5.04"
"Valley","0","3","Idaho","6/15/20","3","0","16085","0"
"Washington","1","55","Idaho","6/15/20","46","9","16087","19.57"
"Adams","0","46","Illinois","6/15/20","45","1","17001","2.22"
"Alexander","0","17","Illinois","6/15/20","15","2","17003","13.33"
"Bond","0","12","Illinois","6/15/20","12","0","17005","0"
"Boone","3","525","Illinois","6/15/20","506","19","17007","3.75"
"Brown","0","10","Illinois","6/15/20","10","0","17009","0"
"Bureau","0","23","Illinois","6/15/20","21","2","17011","9.52"
"Calhoun","0","1","Illinois","6/15/20","1","0","17013","0"
"Carroll","0","20","Illinois","6/15/20","18","2","17015","11.11"
"Cass","0","76","Illinois","6/15/20","74","2","17017","2.7"
"Champaign","6","736","Illinois","6/15/20","691","45","17019","6.51"
"Christian","1","39","Illinois","6/15/20","35","4","17021","11.43"
"Clark","0","13","Illinois","6/15/20","12","1","17023","8.33"
"Clay","0","2","Illinois","6/15/20","2","0","17025","0"
"Clinton","3","213","Illinois","6/15/20","193","20","17027","10.36"
"Coles","1","143","Illinois","6/15/20","139","4","17029","2.88"
"Cook","338","85184","Illinois","6/15/20","82819","2365","17031","2.86"
"Crawford","1","17","Illinois","6/15/20","11","6","17033","54.55"
"Cumberland","0","10","Illinois","6/15/20","10","0","17035","0"
"De Witt","0","4","Illinois","6/15/20","4","0","17039","0"
"DeKalb","5","490","Illinois","6/15/20","456","34","17037","7.46"
"Douglas","1","38","Illinois","6/15/20","29","9","17041","31.03"
"DuPage","44","8465","Illinois","6/15/20","8157","308","17043","3.78"
"Edgar","0","2","Illinois","6/15/20","1","1","17045","100"
"Edwards","0","2","Illinois","6/15/20","2","0","17047","0"
"Effingham","0","8","Illinois","6/15/20","8","0","17049","0"
"Fayette","0","22","Illinois","6/15/20","21","1","17051","4.76"
"Ford","0","22","Illinois","6/15/20","21","1","17053","4.76"
"Franklin","0","12","Illinois","6/15/20","12","0","17055","0"
"Fulton","0","12","Illinois","6/15/20","12","0","17057","0"
"Gallatin","0","2","Illinois","6/15/20","2","0","17059","0"
"Greene","0","7","Illinois","6/15/20","6","1","17061","16.67"
"Grundy","1","129","Illinois","6/15/20","124","5","17063","4.03"
"Hamilton","0","2","Illinois","6/15/20","2","0","17065","0"
"Hancock","0","18","Illinois","6/15/20","18","0","17067","0"
"Hardin","0","1","Illinois","6/15/20","1","0","17069","0"
"Henderson","0","8","Illinois","6/15/20","8","0","17071","0"
"Henry","0","72","Illinois","6/15/20","71","1","17073","1.41"
"Iroquois","0","138","Illinois","6/15/20","136","2","17075","1.47"
"Jackson","2","317","Illinois","6/15/20","301","16","17077","5.32"
"Jasper","0","46","Illinois","6/15/20","46","0","17079","0"
"Jefferson","0","104","Illinois","6/15/20","101","3","17081","2.97"
"Jersey","0","28","Illinois","6/15/20","25","3","17083","12"
"Jo Daviess","0","34","Illinois","6/15/20","34","0","17085","0"
"Johnson","1","19","Illinois","6/15/20","12","7","17087","58.33"
"Kane","40","7128","Illinois","6/15/20","6850","278","17089","4.06"
"Kankakee","10","1071","Illinois","6/15/20","1004","67","17091","6.67"
"Kendall","4","881","Illinois","6/15/20","850","31","17093","3.65"
"Knox","1","113","Illinois","6/15/20","105","8","17095","7.62"
"Lake","43","9109","Illinois","6/15/20","8808","301","17097","3.42"
"LaSalle","2","181","Illinois","6/15/20","166","15","17099","9.04"
"Lawrence","0","4","Illinois","6/15/20","4","0","17101","0"
"Lee","0","89","Illinois","6/15/20","89","0","17103","0"
"Livingston","0","37","Illinois","6/15/20","36","1","17105","2.78"
"Logan","0","11","Illinois","6/15/20","10","1","17107","10"
"Macon","1","209","Illinois","6/15/20","203","6","17115","2.96"
"Macoupin","0","45","Illinois","6/15/20","46","-1","17117","-2.17"
"Madison","13","733","Illinois","6/15/20","642","91","17119","14.17"
"Marion","0","55","Illinois","6/15/20","55","0","17121","0"
"Marshall","0","5","Illinois","6/15/20","5","0","17123","0"
"Mason","0","18","Illinois","6/15/20","18","0","17125","0"
"Massac","0","7","Illinois","6/15/20","7","0","17127","0"
"McDonough","2","103","Illinois","6/15/20","92","11","17109","11.96"
"McHenry","18","1856","Illinois","6/15/20","1733","123","17111","7.1"
"McLean","2","241","Illinois","6/15/20","228","13","17113","5.7"
"Menard","0","23","Illinois","6/15/20","22","1","17129","4.55"
"Mercer","0","19","Illinois","6/15/20","18","1","17131","5.56"
"Monroe","1","112","Illinois","6/15/20","104","8","17133","7.69"
"Montgomery","0","42","Illinois","6/15/20","41","1","17135","2.44"
"Morgan","8","106","Illinois","6/15/20","47","59","17137","125.53"
"Moultrie","0","15","Illinois","6/15/20","13","2","17139","15.38"
"Ogle","1","227","Illinois","6/15/20","223","4","17141","1.79"
"Out of IL","0","114","Illinois","6/15/20","114","0","80017","0"
"Peoria","10","395","Illinois","6/15/20","324","71","17143","21.91"
"Perry","0","44","Illinois","6/15/20","42","2","17145","4.76"
"Piatt","0","11","Illinois","6/15/20","12","-1","17147","-8.33"
"Pike","0","2","Illinois","6/15/20","1","1","17149","100"
"Pope","0","1","Illinois","6/15/20","1","0","17151","0"
"Pulaski","0","59","Illinois","6/15/20","61","-2","17153","-3.28"
"Putnam","0","1","Illinois","6/15/20","1","0","17155","0"
"Randolph","0","278","Illinois","6/15/20","276","2","17157","0.72"
"Richland","0","4","Illinois","6/15/20","4","0","17159","0"
"Rock Island","6","757","Illinois","6/15/20","717","40","17161","5.58"
"Saline","0","7","Illinois","6/15/20","7","0","17165","0"
"Sangamon","3","382","Illinois","6/15/20","364","18","17167","4.95"
"Schuyler","0","13","Illinois","6/15/20","13","0","17169","0"
"Shelby","0","16","Illinois","6/15/20","16","0","17173","0"
"St. Clair","21","1465","Illinois","6/15/20","1319","146","17163","11.07"
"Stark","0","3","Illinois","6/15/20","3","0","17175","0"
"Stephenson","2","231","Illinois","6/15/20","219","12","17177","5.48"
"Tazewell","2","92","Illinois","6/15/20","81","11","17179","13.58"
"Union","1","174","Illinois","6/15/20","170","4","17181","2.35"
"Vermilion","0","44","Illinois","6/15/20","42","2","17183","4.76"
"Wabash","0","13","Illinois","6/15/20","12","1","17185","8.33"
"Warren","0","127","Illinois","6/15/20","127","0","17187","0"
"Washington","0","19","Illinois","6/15/20","20","-1","17189","-5"
"Wayne","0","9","Illinois","6/15/20","9","0","17191","0"
"White","0","3","Illinois","6/15/20","2","1","17193","50"
"Whiteside","1","163","Illinois","6/15/20","156","7","17195","4.49"
"Will","34","6158","Illinois","6/15/20","5917","241","17197","4.07"
"Williamson","1","86","Illinois","6/15/20","77","9","17199","11.69"
"Winnebago","24","2744","Illinois","6/15/20","2576","168","17201","6.52"
"Woodford","1","27","Illinois","6/15/20","22","5","17203","22.73"
"Adams","1","27","Indiana","6/15/20","22","5","18001","22.73"
"Allen","47","2224","Indiana","6/15/20","1896","328","18003","17.3"
"Bartholomew","3","554","Indiana","6/15/20","536","18","18005","3.36"
"Benton","1","37","Indiana","6/15/20","33","4","18007","12.12"
"Blackford","0","29","Indiana","6/15/20","29","0","18009","0"
"Boone","8","386","Indiana","6/15/20","332","54","18011","16.27"
"Brown","0","36","Indiana","6/15/20","34","2","18013","5.88"
"Carroll","1","101","Indiana","6/15/20","96","5","18015","5.21"
"Cass","2","1606","Indiana","6/15/20","1593","13","18017","0.82"
"Clark","3","568","Indiana","6/15/20","549","19","18019","3.46"
"Clay","0","56","Indiana","6/15/20","53","3","18021","5.66"
"Clinton","1","262","Indiana","6/15/20","252","10","18023","3.97"
"Crawford","0","27","Indiana","6/15/20","27","0","18025","0"
"Daviess","2","123","Indiana","6/15/20","110","13","18027","11.82"
"Dearborn","1","179","Indiana","6/15/20","175","4","18029","2.29"
"Decatur","0","237","Indiana","6/15/20","234","3","18031","1.28"
"DeKalb","7","121","Indiana","6/15/20","69","52","18033","75.36"
"Delaware","0","402","Indiana","6/15/20","400","2","18035","0.5"
"Dubois","2","241","Indiana","6/15/20","230","11","18037","4.78"
"Elkhart","61","2168","Indiana","6/15/20","1741","427","18039","24.53"
"Fayette","1","84","Indiana","6/15/20","80","4","18041","5"
"Floyd","1","335","Indiana","6/15/20","328","7","18043","2.13"
"Fountain","0","24","Indiana","6/15/20","23","1","18045","4.35"
"Franklin","0","120","Indiana","6/15/20","117","3","18047","2.56"
"Fulton","1","55","Indiana","6/15/20","51","4","18049","7.84"
"Gibson","1","24","Indiana","6/15/20","20","4","18051","20"
"Grant","3","262","Indiana","6/15/20","240","22","18053","9.17"
"Greene","1","181","Indiana","6/15/20","175","6","18055","3.43"
"Hamilton","21","1357","Indiana","6/15/20","1209","148","18057","12.24"
"Hancock","3","386","Indiana","6/15/20","366","20","18059","5.46"
"Harrison","0","198","Indiana","6/15/20","197","1","18061","0.51"
"Hendricks","8","1276","Indiana","6/15/20","1219","57","18063","4.68"
"Henry","2","204","Indiana","6/15/20","189","15","18065","7.94"
"Howard","4","472","Indiana","6/15/20","446","26","18067","5.83"
"Huntington","1","52","Indiana","6/15/20","44","8","18069","18.18"
"Jackson","2","419","Indiana","6/15/20","404","15","18071","3.71"
"Jasper","1","84","Indiana","6/15/20","76","8","18073","10.53"
"Jay","0","62","Indiana","6/15/20","59","3","18075","5.08"
"Jefferson","0","53","Indiana","6/15/20","51","2","18077","3.92"
"Jennings","1","142","Indiana","6/15/20","133","9","18079","6.77"
"Johnson","5","1172","Indiana","6/15/20","1139","33","18081","2.9"
"Knox","0","35","Indiana","6/15/20","33","2","18083","6.06"
"Kosciusko","11","311","Indiana","6/15/20","232","79","18085","34.05"
"LaGrange","15","277","Indiana","6/15/20","171","106","18087","61.99"
"Lake","30","4172","Indiana","6/15/20","3959","213","18089","5.38"
"LaPorte","1","470","Indiana","6/15/20","460","10","18091","2.17"
"Lawrence","1","182","Indiana","6/15/20","172","10","18093","5.81"
"Madison","1","614","Indiana","6/15/20","605","9","18095","1.49"
"Marion","61","10788","Indiana","6/15/20","10358","430","18097","4.15"
"Marshall","11","305","Indiana","6/15/20","227","78","18099","34.36"
"Martin","0","16","Indiana","6/15/20","15","1","18101","6.67"
"Miami","3","170","Indiana","6/15/20","151","19","18103","12.58"
"Monroe","2","188","Indiana","6/15/20","176","12","18105","6.82"
"Montgomery","2","266","Indiana","6/15/20","254","12","18107","4.72"
"Morgan","1","299","Indiana","6/15/20","291","8","18109","2.75"
"Newton","1","88","Indiana","6/15/20","81","7","18111","8.64"
"Noble","5","337","Indiana","6/15/20","299","38","18113","12.71"
"Ohio","0","13","Indiana","6/15/20","13","0","18115","0"
"Orange","0","132","Indiana","6/15/20","132","0","18117","0"
"Owen","0","37","Indiana","6/15/20","36","1","18119","2.78"
"Parke","0","20","Indiana","6/15/20","19","1","18121","5.26"
"Perry","7","92","Indiana","6/15/20","44","48","18123","109.09"
"Pike","0","6","Indiana","6/15/20","6","0","18125","0"
"Porter","2","589","Indiana","6/15/20","574","15","18127","2.61"
"Posey","0","19","Indiana","6/15/20","16","3","18129","18.75"
"Pulaski","0","53","Indiana","6/15/20","51","2","18131","3.92"
"Putnam","2","156","Indiana","6/15/20","144","12","18133","8.33"
"Randolph","2","68","Indiana","6/15/20","55","13","18135","23.64"
"Ripley","0","109","Indiana","6/15/20","109","0","18137","0"
"Rush","0","51","Indiana","6/15/20","49","2","18139","4.08"
"Scott","2","144","Indiana","6/15/20","129","15","18143","11.63"
"Shelby","1","406","Indiana","6/15/20","401","5","18145","1.25"
"Spencer","0","23","Indiana","6/15/20","22","1","18147","4.55"
"St. Joseph","19","1552","Indiana","6/15/20","1418","134","18141","9.45"
"Starke","1","52","Indiana","6/15/20","46","6","18149","13.04"
"Steuben","1","105","Indiana","6/15/20","95","10","18151","10.53"
"Sullivan","0","41","Indiana","6/15/20","39","2","18153","5.13"
"Switzerland","0","22","Indiana","6/15/20","21","1","18155","4.76"
"Tippecanoe","5","491","Indiana","6/15/20","456","35","18157","7.68"
"Tipton","0","28","Indiana","6/15/20","26","2","18159","7.69"
"Union","0","12","Indiana","6/15/20","12","0","18161","0"
"Vanderburgh","4","330","Indiana","6/15/20","303","27","18163","8.91"
"Vermillion","0","11","Indiana","6/15/20","10","1","18165","10"
"Vigo","1","200","Indiana","6/15/20","196","4","18167","2.04"
"Wabash","1","88","Indiana","6/15/20","84","4","18169","4.76"
"Warren","0","14","Indiana","6/15/20","13","1","18171","7.69"
"Warrick","1","175","Indiana","6/15/20","167","8","18173","4.79"
"Washington","1","58","Indiana","6/15/20","52","6","18175","11.54"
"Wayne","2","104","Indiana","6/15/20","90","14","18177","15.56"
"Wells","2","56","Indiana","6/15/20","40","16","18179","40"
"White","0","245","Indiana","6/15/20","243","2","18181","0.82"
"Whitley","2","64","Indiana","6/15/20","51","13","18183","25.49"
"Adair","0","11","Iowa","6/15/20","9","2","19001","22.22"
"Adams","0","8","Iowa","6/15/20","7","1","19003","14.29"
"Allamakee","0","120","Iowa","6/15/20","120","0","19005","0"
"Appanoose","0","17","Iowa","6/15/20","16","1","19007","6.25"
"Audubon","0","14","Iowa","6/15/20","13","1","19009","7.69"
"Benton","0","46","Iowa","6/15/20","45","1","19011","2.22"
"Black Hawk","5","1836","Iowa","6/15/20","1801","35","19013","1.94"
"Boone","3","101","Iowa","6/15/20","78","23","19015","29.49"
"Bremer","0","74","Iowa","6/15/20","74","0","19017","0"
"Buchanan","0","35","Iowa","6/15/20","34","1","19019","2.94"
"Buena Vista","55","1595","Iowa","6/15/20","1212","383","19021","31.6"
"Butler","1","23","Iowa","6/15/20","16","7","19023","43.75"
"Calhoun","2","24","Iowa","6/15/20","13","11","19025","84.62"
"Carroll","4","48","Iowa","6/15/20","17","31","19027","182.35"
"Cass","0","14","Iowa","6/15/20","13","1","19029","7.69"
"Cedar","0","54","Iowa","6/15/20","53","1","19031","1.89"
"Cerro Gordo","2","44","Iowa","6/15/20","32","12","19033","37.5"
"Cherokee","2","59","Iowa","6/15/20","45","14","19035","31.11"
"Chickasaw","0","15","Iowa","6/15/20","15","0","19037","0"
"Clarke","2","89","Iowa","6/15/20","75","14","19039","18.67"
"Clay","6","77","Iowa","6/15/20","34","43","19041","126.47"
"Clayton","0","35","Iowa","6/15/20","34","1","19043","2.94"
"Clinton","0","68","Iowa","6/15/20","67","1","19045","1.49"
"Crawford","7","622","Iowa","6/15/20","575","47","19047","8.17"
"Dallas","10","1029","Iowa","6/15/20","961","68","19049","7.08"
"Davis","1","34","Iowa","6/15/20","29","5","19051","17.24"
"Decatur","1","7","Iowa","6/15/20","3","4","19053","133.33"
"Delaware","1","27","Iowa","6/15/20","20","7","19055","35"
"Des Moines","0","66","Iowa","6/15/20","68","-2","19057","-2.94"
"Dickinson","13","151","Iowa","6/15/20","60","91","19059","151.67"
"Dubuque","3","387","Iowa","6/15/20","367","20","19061","5.45"
"Emmet","1","39","Iowa","6/15/20","32","7","19063","21.88"
"Fayette","0","28","Iowa","6/15/20","28","0","19065","0"
"Floyd","0","20","Iowa","6/15/20","19","1","19067","5.26"
"Franklin","2","49","Iowa","6/15/20","32","17","19069","53.12"
"Fremont","0","4","Iowa","6/15/20","4","0","19071","0"
"Greene","1","21","Iowa","6/15/20","14","7","19073","50"
"Grundy","0","23","Iowa","6/15/20","20","3","19075","15"
"Guthrie","1","59","Iowa","6/15/20","55","4","19077","7.27"
"Hamilton","6","123","Iowa","6/15/20","82","41","19079","50"
"Hancock","1","32","Iowa","6/15/20","22","10","19081","45.45"
"Hardin","2","45","Iowa","6/15/20","33","12","19083","36.36"
"Harrison","2","40","Iowa","6/15/20","27","13","19085","48.15"
"Henry","0","74","Iowa","6/15/20","73","1","19087","1.37"
"Howard","0","12","Iowa","6/15/20","12","0","19089","0"
"Humboldt","2","34","Iowa","6/15/20","23","11","19091","47.83"
"Ida","0","18","Iowa","6/15/20","15","3","19093","20"
"Iowa","0","34","Iowa","6/15/20","33","1","19095","3.03"
"Jackson","0","14","Iowa","6/15/20","14","0","19097","0"
"Jasper","1","282","Iowa","6/15/20","273","9","19099","3.3"
"Jefferson","1","47","Iowa","6/15/20","38","9","19101","23.68"
"Johnson","3","643","Iowa","6/15/20","625","18","19103","2.88"
"Jones","1","41","Iowa","6/15/20","37","4","19105","10.81"
"Keokuk","0","15","Iowa","6/15/20","15","0","19107","0"
"Kossuth","0","19","Iowa","6/15/20","16","3","19109","18.75"
"Lee","1","40","Iowa","6/15/20","31","9","19111","29.03"
"Linn","4","1019","Iowa","6/15/20","994","25","19113","2.52"
"Louisa","1","355","Iowa","6/15/20","350","5","19115","1.43"
"Lucas","0","25","Iowa","6/15/20","22","3","19117","13.64"
"Lyon","1","31","Iowa","6/15/20","26","5","19119","19.23"
"Madison","1","34","Iowa","6/15/20","29","5","19121","17.24"
"Mahaska","1","108","Iowa","6/15/20","102","6","19123","5.88"
"Marion","1","42","Iowa","6/15/20","36","6","19125","16.67"
"Marshall","2","941","Iowa","6/15/20","928","13","19127","1.4"
"Mills","0","24","Iowa","6/15/20","21","3","19129","14.29"
"Mitchell","1","8","Iowa","6/15/20","4","4","19131","100"
"Monona","3","49","Iowa","6/15/20","27","22","19133","81.48"
"Monroe","0","47","Iowa","6/15/20","44","3","19135","6.82"
"Montgomery","0","9","Iowa","6/15/20","9","0","19137","0"
"Muscatine","1","574","Iowa","6/15/20","566","8","19139","1.41"
"O'Brien","2","66","Iowa","6/15/20","54","12","19141","22.22"
"Osceola","1","49","Iowa","6/15/20","41","8","19143","19.51"
"Page","0","16","Iowa","6/15/20","16","0","19145","0"
"Palo Alto","1","16","Iowa","6/15/20","8","8","19147","100"
"Plymouth","5","201","Iowa","6/15/20","169","32","19149","18.93"
"Pocahontas","1","30","Iowa","6/15/20","21","9","19151","42.86"
"Polk","51","5175","Iowa","6/15/20","4820","355","19153","7.37"
"Pottawattamie","20","510","Iowa","6/15/20","372","138","19155","37.1"
"Poweshiek","0","95","Iowa","6/15/20","94","1","19157","1.06"
"Ringgold","1","8","Iowa","6/15/20","4","4","19159","100"
"Sac","1","38","Iowa","6/15/20","31","7","19161","22.58"
"Scott","2","407","Iowa","6/15/20","393","14","19163","3.56"
"Shelby","1","49","Iowa","6/15/20","39","10","19165","25.64"
"Sioux","5","359","Iowa","6/15/20","321","38","19167","11.84"
"Story","14","255","Iowa","6/15/20","155","100","19169","64.52"
"Tama","2","429","Iowa","6/15/20","417","12","19171","2.88"
"Taylor","1","74","Iowa","6/15/20","68","6","19173","8.82"
"Union","0","10","Iowa","6/15/20","11","-1","19175","-9.09"
"Van Buren","0","11","Iowa","6/15/20","10","1","19177","10"
"Wapello","3","675","Iowa","6/15/20","654","21","19179","3.21"
"Warren","3","197","Iowa","6/15/20","173","24","19181","13.87"
"Washington","1","208","Iowa","6/15/20","200","8","19183","4"
"Wayne","0","5","Iowa","6/15/20","2","3","19185","150"
"Webster","2","99","Iowa","6/15/20","82","17","19187","20.73"
"Winnebago","0","13","Iowa","6/15/20","12","1","19189","8.33"
"Winneshiek","0","24","Iowa","6/15/20","24","0","19191","0"
"Woodbury","12","3008","Iowa","6/15/20","2927","81","19193","2.77"
"Worth","0","4","Iowa","6/15/20","4","0","19195","0"
"Wright","7","293","Iowa","6/15/20","244","49","19197","20.08"
"Allen","0","2","Kansas","6/15/20","1","1","20001","100"
"Anderson","0","2","Kansas","6/15/20","1","1","20003","100"
"Atchison","0","27","Kansas","6/15/20","24","3","20005","12.5"
"Barber","0","1","Kansas","6/15/20","1","0","20007","0"
"Barton","0","49","Kansas","6/15/20","46","3","20009","6.52"
"Bourbon","0","8","Kansas","6/15/20","8","0","20011","0"
"Brown","0","10","Kansas","6/15/20","9","1","20013","11.11"
"Butler","0","37","Kansas","6/15/20","37","0","20015","0"
"Chase","0","3","Kansas","6/15/20","3","0","20017","0"
"Chautauqua","0","4","Kansas","6/15/20","4","0","20019","0"
"Cherokee","1","16","Kansas","6/15/20","10","6","20021","60"
"Cheyenne","0","2","Kansas","6/15/20","2","0","20023","0"
"Clark","0","34","Kansas","6/15/20","33","1","20025","3.03"
"Clay","0","6","Kansas","6/15/20","5","1","20027","20"
"Cloud","0","5","Kansas","6/15/20","5","0","20029","0"
"Coffey","0","52","Kansas","6/15/20","52","0","20031","0"
"Comanche","0","2","Kansas","6/15/20","2","0","20033","0"
"Cowley","2","41","Kansas","6/15/20","26","15","20035","57.69"
"Crawford","13","98","Kansas","6/15/20","8","90","20037","1125"
"Dickinson","0","6","Kansas","6/15/20","5","1","20041","20"
"Doniphan","0","20","Kansas","6/15/20","20","0","20043","0"
"Douglas","1","82","Kansas","6/15/20","74","8","20045","10.81"
"Edwards","0","5","Kansas","6/15/20","5","0","20047","0"
"Ellis","0","13","Kansas","6/15/20","10","3","20051","30"
"Ellsworth","0","3","Kansas","6/15/20","2","1","20053","50"
"Finney","1","1540","Kansas","6/15/20","1536","4","20055","0.26"
"Ford","3","1863","Kansas","6/15/20","1840","23","20057","1.25"
"Franklin","2","51","Kansas","6/15/20","38","13","20059","34.21"
"Geary","0","29","Kansas","6/15/20","26","3","20061","11.54"
"Gove","0","1","Kansas","6/15/20","1","0","20063","0"
"Grant","0","18","Kansas","6/15/20","18","0","20067","0"
"Gray","0","23","Kansas","6/15/20","23","0","20069","0"
"Greenwood","0","11","Kansas","6/15/20","9","2","20073","22.22"
"Hamilton","1","28","Kansas","6/15/20","23","5","20075","21.74"
"Harper","0","2","Kansas","6/15/20","2","0","20077","0"
"Harvey","0","12","Kansas","6/15/20","11","1","20079","9.09"
"Haskell","0","22","Kansas","6/15/20","22","0","20081","0"
"Hodgeman","0","6","Kansas","6/15/20","6","0","20083","0"
"Jackson","0","103","Kansas","6/15/20","103","0","20085","0"
"Jefferson","0","22","Kansas","6/15/20","23","-1","20087","-4.35"
"Jewell","0","4","Kansas","6/15/20","4","0","20089","0"
"Johnson","18","1075","Kansas","6/15/20","948","127","20091","13.4"
"Kearny","0","46","Kansas","6/15/20","46","0","20093","0"
"Kiowa","0","3","Kansas","6/15/20","3","0","20097","0"
"Labette","0","27","Kansas","6/15/20","26","1","20099","3.85"
"Lane","0","4","Kansas","6/15/20","4","0","20101","0"
"Leavenworth","1","1109","Kansas","6/15/20","1103","6","20103","0.54"
"Linn","0","12","Kansas","6/15/20","11","1","20107","9.09"
"Lyon","2","414","Kansas","6/15/20","400","14","20111","3.5"
"Marion","0","5","Kansas","6/15/20","5","0","20115","0"
"McPherson","1","38","Kansas","6/15/20","33","5","20113","15.15"
"Meade","0","30","Kansas","6/15/20","30","0","20119","0"
"Miami","1","16","Kansas","6/15/20","7","9","20121","128.57"
"Mitchell","0","4","Kansas","6/15/20","4","0","20123","0"
"Montgomery","0","23","Kansas","6/15/20","20","3","20125","15"
"Morris","0","5","Kansas","6/15/20","5","0","20127","0"
"Morton","0","6","Kansas","6/15/20","6","0","20129","0"
"Nemaha","0","21","Kansas","6/15/20","19","2","20131","10.53"
"Neosho","1","8","Kansas","6/15/20","3","5","20133","166.67"
"Ness","0","4","Kansas","6/15/20","4","0","20135","0"
"Norton","0","3","Kansas","6/15/20","2","1","20137","50"
"Osage","0","10","Kansas","6/15/20","9","1","20139","11.11"
"Osborne","0","2","Kansas","6/15/20","2","0","20141","0"
"Ottawa","0","4","Kansas","6/15/20","4","0","20143","0"
"Pawnee","0","3","Kansas","6/15/20","4","-1","20145","-25"
"Phillips","0","2","Kansas","6/15/20","2","0","20147","0"
"Pottawatomie","1","34","Kansas","6/15/20","27","7","20149","25.93"
"Pratt","0","2","Kansas","6/15/20","2","0","20151","0"
"Reno","1","50","Kansas","6/15/20","46","4","20155","8.7"
"Republic","0","4","Kansas","6/15/20","4","0","20157","0"
"Rice","0","4","Kansas","6/15/20","4","0","20159","0"
"Riley","1","80","Kansas","6/15/20","71","9","20161","12.68"
"Rooks","0","6","Kansas","6/15/20","6","0","20163","0"
"Saline","1","32","Kansas","6/15/20","26","6","20169","23.08"
"Scott","0","16","Kansas","6/15/20","15","1","20171","6.67"
"Sedgwick","15","764","Kansas","6/15/20","660","104","20173","15.76"
"Seward","5","934","Kansas","6/15/20","900","34","20175","3.78"
"Shawnee","10","457","Kansas","6/15/20","384","73","20177","19.01"
"Sheridan","0","2","Kansas","6/15/20","2","0","20179","0"
"Sherman","0","7","Kansas","6/15/20","7","0","20181","0"
"Smith","0","3","Kansas","6/15/20","2","1","20183","50"
"Stafford","0","1","Kansas","6/15/20","1","0","20185","0"
"Stanton","0","9","Kansas","6/15/20","10","-1","20187","-10"
"Stevens","0","30","Kansas","6/15/20","30","0","20189","0"
"Sumner","0","9","Kansas","6/15/20","8","1","20191","12.5"
"Trego","0","1","Kansas","6/15/20","1","0","20195","0"
"Wabaunsee","0","31","Kansas","6/15/20","31","0","20197","0"
"Washington","0","1","Kansas","6/15/20","0","1","20201","1"
"Wilson","0","1","Kansas","6/15/20","1","0","20205","0"
"Woodson","0","6","Kansas","6/15/20","6","0","20207","0"
"Wyandotte","25","1698","Kansas","6/15/20","1522","176","20209","11.56"
"Adair","0","101","Kentucky","6/15/20","98","3","21001","3.06"
"Allen","4","135","Kentucky","6/15/20","105","30","21003","28.57"
"Anderson","0","25","Kentucky","6/15/20","25","0","21005","0"
"Ballard","0","14","Kentucky","6/15/20","13","1","21007","7.69"
"Barren","2","66","Kentucky","6/15/20","55","11","21009","20"
"Bath","0","10","Kentucky","6/15/20","9","1","21011","11.11"
"Bell","0","4","Kentucky","6/15/20","2","2","21013","100"
"Boone","3","541","Kentucky","6/15/20","522","19","21015","3.64"
"Bourbon","1","25","Kentucky","6/15/20","16","9","21017","56.25"
"Boyd","0","44","Kentucky","6/15/20","42","2","21019","4.76"
"Boyle","0","30","Kentucky","6/15/20","28","2","21021","7.14"
"Bracken","0","14","Kentucky","6/15/20","14","0","21023","0"
"Breathitt","0","4","Kentucky","6/15/20","3","1","21025","33.33"
"Breckinridge","1","23","Kentucky","6/15/20","19","4","21027","21.05"
"Bullitt","2","135","Kentucky","6/15/20","121","14","21029","11.57"
"Butler","1","244","Kentucky","6/15/20","238","6","21031","2.52"
"Caldwell","0","12","Kentucky","6/15/20","12","0","21033","0"
"Calloway","1","60","Kentucky","6/15/20","55","5","21035","9.09"
"Campbell","1","207","Kentucky","6/15/20","198","9","21037","4.55"
"Carlisle","0","5","Kentucky","6/15/20","5","0","21039","0"
"Carroll","0","17","Kentucky","6/15/20","15","2","21041","13.33"
"Carter","0","18","Kentucky","6/15/20","17","1","21043","5.88"
"Casey","0","10","Kentucky","6/15/20","8","2","21045","25"
"Christian","2","138","Kentucky","6/15/20","127","11","21047","8.66"
"Clark","3","77","Kentucky","6/15/20","59","18","21049","30.51"
"Clay","1","17","Kentucky","6/15/20","10","7","21051","70"
"Clinton","0","5","Kentucky","6/15/20","5","0","21053","0"
"Crittenden","0","7","Kentucky","6/15/20","7","0","21055","0"
"Cumberland","0","5","Kentucky","6/15/20","5","0","21057","0"
"Daviess","3","360","Kentucky","6/15/20","342","18","21059","5.26"
"Edmonson","1","67","Kentucky","6/15/20","60","7","21061","11.67"
"Elliott","0","2","Kentucky","6/15/20","1","1","21063","100"
"Estill","1","5","Kentucky","6/15/20","1","4","21065","400"
"Fayette","23","1064","Kentucky","6/15/20","902","162","21067","17.96"
"Fleming","1","6","Kentucky","6/15/20","2","4","21069","200"
"Floyd","0","19","Kentucky","6/15/20","17","2","21071","11.76"
"Franklin","2","98","Kentucky","6/15/20","81","17","21073","20.99"
"Fulton","0","12","Kentucky","6/15/20","12","0","21075","0"
"Gallatin","2","57","Kentucky","6/15/20","46","11","21077","23.91"
"Garrard","1","11","Kentucky","6/15/20","5","6","21079","120"
"Grant","0","53","Kentucky","6/15/20","51","2","21081","3.92"
"Graves","1","175","Kentucky","6/15/20","166","9","21083","5.42"
"Grayson","0","137","Kentucky","6/15/20","135","2","21085","1.48"
"Green","0","3","Kentucky","6/15/20","2","1","21087","50"
"Greenup","0","16","Kentucky","6/15/20","14","2","21089","14.29"
"Hancock","0","9","Kentucky","6/15/20","7","2","21091","28.57"
"Hardin","2","133","Kentucky","6/15/20","119","14","21093","11.76"
"Harlan","1","13","Kentucky","6/15/20","8","5","21095","62.5"
"Harrison","1","34","Kentucky","6/15/20","28","6","21097","21.43"
"Hart","0","30","Kentucky","6/15/20","27","3","21099","11.11"
"Henderson","2","133","Kentucky","6/15/20","119","14","21101","11.76"
"Henry","0","26","Kentucky","6/15/20","24","2","21103","8.33"
"Hickman","0","5","Kentucky","6/15/20","5","0","21105","0"
"Hopkins","1","229","Kentucky","6/15/20","224","5","21107","2.23"
"Jackson","0","63","Kentucky","6/15/20","61","2","21109","3.28"
"Jefferson","37","3363","Kentucky","6/15/20","3104","259","21111","8.34"
"Jessamine","1","83","Kentucky","6/15/20","73","10","21113","13.7"
"Johnson","0","6","Kentucky","6/15/20","5","1","21115","20"
"Kenton","1","690","Kentucky","6/15/20","680","10","21117","1.47"
"Knott","0","4","Kentucky","6/15/20","4","0","21119","0"
"Knox","0","11","Kentucky","6/15/20","10","1","21121","10"
"Larue","0","11","Kentucky","6/15/20","11","0","21123","0"
"Laurel","1","30","Kentucky","6/15/20","22","8","21125","36.36"
"Lawrence","0","5","Kentucky","6/15/20","5","0","21127","0"
"Lee","0","1","Kentucky","6/15/20","1","0","21129","0"
"Leslie","0","6","Kentucky","6/15/20","6","0","21131","0"
"Letcher","0","4","Kentucky","6/15/20","3","1","21133","33.33"
"Lewis","1","14","Kentucky","6/15/20","7","7","21135","100"
"Lincoln","1","15","Kentucky","6/15/20","11","4","21137","36.36"
"Livingston","0","9","Kentucky","6/15/20","9","0","21139","0"
"Logan","4","199","Kentucky","6/15/20","170","29","21141","17.06"
"Lyon","0","18","Kentucky","6/15/20","17","1","21143","5.88"
"Madison","2","77","Kentucky","6/15/20","61","16","21151","26.23"
"Magoffin","0","4","Kentucky","6/15/20","2","2","21153","100"
"Marion","1","42","Kentucky","6/15/20","34","8","21155","23.53"
"Marshall","1","44","Kentucky","6/15/20","37","7","21157","18.92"
"Martin","0","3","Kentucky","6/15/20","3","0","21159","0"
"Mason","0","16","Kentucky","6/15/20","13","3","21161","23.08"
"McCracken","2","123","Kentucky","6/15/20","112","11","21145","9.82"
"McCreary","0","13","Kentucky","6/15/20","13","0","21147","0"
"McLean","0","23","Kentucky","6/15/20","22","1","21149","4.55"
"Meade","0","24","Kentucky","6/15/20","23","1","21163","4.35"
"Menifee","0","10","Kentucky","6/15/20","10","0","21165","0"
"Mercer","0","16","Kentucky","6/15/20","15","1","21167","6.67"
"Metcalfe","0","8","Kentucky","6/15/20","7","1","21169","14.29"
"Monroe","1","31","Kentucky","6/15/20","27","4","21171","14.81"
"Montgomery","1","37","Kentucky","6/15/20","30","7","21173","23.33"
"Morgan","0","6","Kentucky","6/15/20","3","3","21175","100"
"Muhlenberg","-1","482","Kentucky","6/15/20","486","-4","21177","-0.82"
"Nelson","0","48","Kentucky","6/15/20","45","3","21179","6.67"
"Nicholas","0","4","Kentucky","6/15/20","4","0","21181","0"
"Ohio","1","164","Kentucky","6/15/20","155","9","21183","5.81"
"Oldham","0","113","Kentucky","6/15/20","111","2","21185","1.8"
"Owen","0","4","Kentucky","6/15/20","3","1","21187","33.33"
"Owsley","0","2","Kentucky","6/15/20","2","0","21189","0"
"Pendleton","0","14","Kentucky","6/15/20","14","0","21191","0"
"Perry","0","24","Kentucky","6/15/20","22","2","21193","9.09"
"Pike","2","48","Kentucky","6/15/20","36","12","21195","33.33"
"Powell","1","5","Kentucky","6/15/20","1","4","21197","400"
"Pulaski","1","72","Kentucky","6/15/20","65","7","21199","10.77"
"Rockcastle","0","14","Kentucky","6/15/20","13","1","21203","7.69"
"Rowan","1","15","Kentucky","6/15/20","8","7","21205","87.5"
"Russell","1","38","Kentucky","6/15/20","30","8","21207","26.67"
"Scott","1","43","Kentucky","6/15/20","38","5","21209","13.16"
"Shelby","8","277","Kentucky","6/15/20","219","58","21211","26.48"
"Simpson","1","59","Kentucky","6/15/20","54","5","21213","9.26"
"Spencer","0","26","Kentucky","6/15/20","25","1","21215","4"
"Taylor","0","17","Kentucky","6/15/20","14","3","21217","21.43"
"Todd","0","23","Kentucky","6/15/20","23","0","21219","0"
"Trigg","1","17","Kentucky","6/15/20","11","6","21221","54.55"
"Trimble","0","4","Kentucky","6/15/20","6","-2","21223","-33.33"
"Union","1","19","Kentucky","6/15/20","15","4","21225","26.67"
"Warren","21","1275","Kentucky","6/15/20","1127","148","21227","13.13"
"Washington","1","14","Kentucky","6/15/20","8","6","21229","75"
"Wayne","0","10","Kentucky","6/15/20","9","1","21231","11.11"
"Webster","0","37","Kentucky","6/15/20","34","3","21233","8.82"
"Whitley","1","17","Kentucky","6/15/20","13","4","21235","30.77"
"Wolfe","0","1","Kentucky","6/15/20","1","0","21237","0"
"Woodford","2","51","Kentucky","6/15/20","35","16","21239","45.71"
"Acadia","12","597","Louisiana","6/15/20","513","84","22001","16.37"
"Allen","5","226","Louisiana","6/15/20","188","38","22003","20.21"
"Ascension","8","948","Louisiana","6/15/20","889","59","22005","6.64"
"Assumption","2","274","Louisiana","6/15/20","257","17","22007","6.61"
"Avoyelles","3","188","Louisiana","6/15/20","165","23","22009","13.94"
"Beauregard","4","136","Louisiana","6/15/20","106","30","22011","28.3"
"Bienville","3","175","Louisiana","6/15/20","154","21","22013","13.64"
"Bossier","7","510","Louisiana","6/15/20","464","46","22015","9.91"
"Caddo","19","2869","Louisiana","6/15/20","2737","132","22017","4.82"
"Calcasieu","19","772","Louisiana","6/15/20","642","130","22019","20.25"
"Caldwell","2","83","Louisiana","6/15/20","72","11","22021","15.28"
"Cameron","0","11","Louisiana","6/15/20","9","2","22023","22.22"
"Catahoula","1","131","Louisiana","6/15/20","121","10","22025","8.26"
"Claiborne","1","78","Louisiana","6/15/20","68","10","22027","14.71"
"Concordia","2","107","Louisiana","6/15/20","96","11","22029","11.46"
"De Soto","1","271","Louisiana","6/15/20","263","8","22031","3.04"
"East Baton Rouge","46","4284","Louisiana","6/15/20","3963","321","22033","8.1"
"East Carroll","6","243","Louisiana","6/15/20","199","44","22035","22.11"
"East Feliciana","4","227","Louisiana","6/15/20","201","26","22037","12.94"
"Evangeline","1","91","Louisiana","6/15/20","84","7","22039","8.33"
"Franklin","5","424","Louisiana","6/15/20","389","35","22041","9"
"Grant","2","61","Louisiana","6/15/20","46","15","22043","32.61"
"Iberia","5","465","Louisiana","6/15/20","427","38","22045","8.9"
"Iberville","2","615","Louisiana","6/15/20","599","16","22047","2.67"
"Jackson","4","162","Louisiana","6/15/20","133","29","22049","21.8"
"Jefferson","76","8416","Louisiana","6/15/20","7885","531","22051","6.73"
"Jefferson Davis","6","133","Louisiana","6/15/20","93","40","22053","43.01"
"Lafayette","44","1202","Louisiana","6/15/20","897","305","22055","34"
"Lafourche","11","983","Louisiana","6/15/20","909","74","22057","8.14"
"LaSalle","2","80","Louisiana","6/15/20","63","17","22059","26.98"
"Lincoln","9","241","Louisiana","6/15/20","175","66","22061","37.71"
"Livingston","11","546","Louisiana","6/15/20","468","78","22063","16.67"
"Madison","10","286","Louisiana","6/15/20","214","72","22065","33.64"
"Morehouse","4","161","Louisiana","6/15/20","134","27","22067","20.15"
"Natchitoches","2","194","Louisiana","6/15/20","177","17","22069","9.6"
"Orleans","25","7411","Louisiana","6/15/20","7237","174","22071","2.4"
"Ouachita","45","1813","Louisiana","6/15/20","1500","313","22073","20.87"
"Plaquemines","1","228","Louisiana","6/15/20","218","10","22075","4.59"
"Pointe Coupee","1","221","Louisiana","6/15/20","214","7","22077","3.27"
"Rapides","31","1193","Louisiana","6/15/20","975","218","22079","22.36"
"Red River","0","53","Louisiana","6/15/20","51","2","22081","3.92"
"Richland","1","164","Louisiana","6/15/20","156","8","22083","5.13"
"Sabine","1","59","Louisiana","6/15/20","51","8","22085","15.69"
"St. Bernard","2","571","Louisiana","6/15/20","555","16","22087","2.88"
"St. Charles","2","661","Louisiana","6/15/20","649","12","22089","1.85"
"St. Helena","0","58","Louisiana","6/15/20","55","3","22091","5.45"
"St. James","1","308","Louisiana","6/15/20","304","4","22093","1.32"
"St. John the Baptist","2","892","Louisiana","6/15/20","877","15","22095","1.71"
"St. Landry","8","370","Louisiana","6/15/20","311","59","22097","18.97"
"St. Martin","9","351","Louisiana","6/15/20","288","63","22099","21.88"
"St. Mary","3","359","Louisiana","6/15/20","339","20","22101","5.9"
"St. Tammany","15","1954","Louisiana","6/15/20","1849","105","22103","5.68"
"Tangipahoa","15","1048","Louisiana","6/15/20","944","104","22105","11.02"
"Tensas","0","22","Louisiana","6/15/20","21","1","22107","4.76"
"Terrebonne","9","812","Louisiana","6/15/20","748","64","22109","8.56"
"Union","10","422","Louisiana","6/15/20","349","73","22111","20.92"
"Vermilion","3","81","Louisiana","6/15/20","61","20","22113","32.79"
"Vernon","3","54","Louisiana","6/15/20","34","20","22115","58.82"
"Washington","10","546","Louisiana","6/15/20","478","68","22117","14.23"
"Webster","9","248","Louisiana","6/15/20","185","63","22119","34.05"
"West Baton Rouge","3","204","Louisiana","6/15/20","186","18","22121","9.68"
"West Carroll","4","115","Louisiana","6/15/20","86","29","22123","33.72"
"West Feliciana","1","231","Louisiana","6/15/20","222","9","22125","4.05"
"Winn","4","214","Louisiana","6/15/20","187","27","22127","14.44"
"Androscoggin","8","429","Maine","6/15/20","376","53","23001","14.1"
"Aroostook","0","10","Maine","6/15/20","10","0","23003","0"
"Cumberland","19","1445","Maine","6/15/20","1311","134","23005","10.22"
"Franklin","0","37","Maine","6/15/20","36","1","23007","2.78"
"Hancock","0","13","Maine","6/15/20","12","1","23009","8.33"
"Kennebec","1","136","Maine","6/15/20","131","5","23011","3.82"
"Knox","0","23","Maine","6/15/20","21","2","23013","9.52"
"Lincoln","0","21","Maine","6/15/20","20","1","23015","5"
"Oxford","0","34","Maine","6/15/20","31","3","23017","9.68"
"Penobscot","0","102","Maine","6/15/20","101","1","23019","0.99"
"Piscataquis","0","1","Maine","6/15/20","1","0","23021","0"
"Sagadahoc","0","30","Maine","6/15/20","30","0","23023","0"
"Somerset","0","25","Maine","6/15/20","24","1","23025","4.17"
"Waldo","0","55","Maine","6/15/20","53","2","23027","3.77"
"Washington","0","1","Maine","6/15/20","1","0","23029","0"
"York","3","446","Maine","6/15/20","428","18","23031","4.21"
"Allegany","0","187","Maryland","6/15/20","185","2","24001","1.08"
"Anne Arundel","51","4623","Maryland","6/15/20","4267","356","24003","8.34"
"Baltimore","55","7199","Maryland","6/15/20","6814","385","24005","5.65"
"Baltimore City","64","6747","Maryland","6/15/20","6296","451","24510","7.16"
"Calvert","2","376","Maryland","6/15/20","362","14","24009","3.87"
"Caroline","2","283","Maryland","6/15/20","272","11","24011","4.04"
"Carroll","5","992","Maryland","6/15/20","954","38","24013","3.98"
"Cecil","5","445","Maryland","6/15/20","408","37","24015","9.07"
"Charles","9","1272","Maryland","6/15/20","1211","61","24017","5.04"
"Dorchester","1","165","Maryland","6/15/20","156","9","24019","5.77"
"Frederick","23","2298","Maryland","6/15/20","2135","163","24021","7.63"
"Garrett","0","10","Maryland","6/15/20","10","0","24023","0"
"Harford","8","1019","Maryland","6/15/20","961","58","24025","6.04"
"Howard","28","2350","Maryland","6/15/20","2156","194","24027","9"
"Kent","1","193","Maryland","6/15/20","187","6","24029","3.21"
"Montgomery","120","13657","Maryland","6/15/20","12818","839","24031","6.55"
"Prince George's","125","17400","Maryland","6/15/20","16523","877","24033","5.31"
"Queen Anne's","1","183","Maryland","6/15/20","177","6","24035","3.39"
"Somerset","0","80","Maryland","6/15/20","77","3","24039","3.9"
"St. Mary's","4","582","Maryland","6/15/20","553","29","24037","5.24"
"Talbot","0","107","Maryland","6/15/20","108","-1","24041","-0.93"
"Washington","4","579","Maryland","6/15/20","551","28","24043","5.08"
"Wicomico","6","1027","Maryland","6/15/20","984","43","24045","4.37"
"Worcester","3","258","Maryland","6/15/20","239","19","24047","7.95"
"Barnstable","4","1489","Massachusetts","6/15/20","1458","31","25001","2.13"
"Berkshire","1","579","Massachusetts","6/15/20","575","4","25003","0.7"
"Bristol","32","7925","Massachusetts","6/15/20","7698","227","25005","2.95"
"Dukes","6","42","Massachusetts","6/15/20","0","42","25007","1"
"Dukes and Nantucket","-8","0","Massachusetts","6/15/20","55","-55","00000","-100"
"Essex","56","15627","Massachusetts","6/15/20","15236","391","25009","2.57"
"Franklin","2","353","Massachusetts","6/15/20","338","15","25011","4.44"
"Hampden","18","6489","Massachusetts","6/15/20","6365","124","25013","1.95"
"Hampshire","3","926","Massachusetts","6/15/20","907","19","25015","2.09"
"Middlesex","59","23227","Massachusetts","6/15/20","22812","415","25017","1.82"
"Nantucket","2","13","Massachusetts","6/15/20","0","13","25019","1"
"Norfolk","22","8872","Massachusetts","6/15/20","8715","157","25021","1.8"
"Plymouth","20","8512","Massachusetts","6/15/20","8372","140","25023","1.67"
"Suffolk","44","19334","Massachusetts","6/15/20","19028","306","25025","1.61"
"Worcester","33","11991","Massachusetts","6/15/20","11758","233","25027","1.98"
"Alcona","0","21","Michigan","6/15/20","20","1","26001","5"
"Alger","0","1","Michigan","6/15/20","1","0","26003","0"
"Allegan","2","287","Michigan","6/15/20","273","14","26005","5.13"
"Alpena","0","114","Michigan","6/15/20","112","2","26007","1.79"
"Antrim","0","14","Michigan","6/15/20","14","0","26009","0"
"Arenac","0","38","Michigan","6/15/20","38","0","26011","0"
"Baraga","0","1","Michigan","6/15/20","1","0","26013","0"
"Barry","0","91","Michigan","6/15/20","89","2","26015","2.25"
"Bay","1","378","Michigan","6/15/20","372","6","26017","1.61"
"Benzie","0","5","Michigan","6/15/20","5","0","26019","0"
"Berrien","2","824","Michigan","6/15/20","807","17","26021","2.11"
"Branch","12","235","Michigan","6/15/20","153","82","26023","53.59"
"Calhoun","2","487","Michigan","6/15/20","472","15","26025","3.18"
"Cass","1","115","Michigan","6/15/20","110","5","26027","4.55"
"Charlevoix","0","20","Michigan","6/15/20","19","1","26029","5.26"
"Cheboygan","0","26","Michigan","6/15/20","26","0","26031","0"
"Chippewa","0","3","Michigan","6/15/20","3","0","26033","0"
"Clare","0","25","Michigan","6/15/20","24","1","26035","4.17"
"Clinton","0","190","Michigan","6/15/20","187","3","26037","1.6"
"Crawford","0","65","Michigan","6/15/20","63","2","26039","3.17"
"Delta","0","21","Michigan","6/15/20","20","1","26041","5"
"Dickinson","0","7","Michigan","6/15/20","6","1","26043","16.67"
"Eaton","1","258","Michigan","6/15/20","252","6","26045","2.38"
"Emmet","0","26","Michigan","6/15/20","26","0","26047","0"
"Federal Correctional Institution (FCI)","1","165","Michigan","6/15/20","159","6","00000","3.77"
"Genesee","4","2583","Michigan","6/15/20","2556","27","26049","1.06"
"Gladwin","0","20","Michigan","6/15/20","20","0","26051","0"
"Gogebic","0","5","Michigan","6/15/20","5","0","26053","0"
"Grand Traverse","0","37","Michigan","6/15/20","35","2","26055","5.71"
"Gratiot","0","91","Michigan","6/15/20","88","3","26057","3.41"
"Hillsdale","0","182","Michigan","6/15/20","179","3","26059","1.68"
"Houghton","0","8","Michigan","6/15/20","7","1","26061","14.29"
"Huron","0","61","Michigan","6/15/20","59","2","26063","3.39"
"Ingham","2","822","Michigan","6/15/20","807","15","26065","1.86"
"Ionia","1","180","Michigan","6/15/20","176","4","26067","2.27"
"Iosco","0","112","Michigan","6/15/20","110","2","26069","1.82"
"Iron","0","3","Michigan","6/15/20","2","1","26071","50"
"Isabella","0","97","Michigan","6/15/20","94","3","26073","3.19"
"Jackson","0","487","Michigan","6/15/20","484","3","26075","0.62"
"Kalamazoo","2","955","Michigan","6/15/20","938","17","26077","1.81"
"Kalkaska","0","30","Michigan","6/15/20","30","0","26079","0"
"Kent","32","4463","Michigan","6/15/20","4240","223","26081","5.26"
"Keweenaw","0","1","Michigan","6/15/20","0","1","26083","1"
"Lake","0","7","Michigan","6/15/20","7","0","26085","0"
"Lapeer","1","229","Michigan","6/15/20","225","4","26087","1.78"
"Leelanau","0","12","Michigan","6/15/20","12","0","26089","0"
"Lenawee","1","198","Michigan","6/15/20","191","7","26091","3.66"
"Livingston","0","521","Michigan","6/15/20","518","3","26093","0.58"
"Luce","0","3","Michigan","6/15/20","3","0","26095","0"
"Mackinac","0","8","Michigan","6/15/20","8","0","26097","0"
"Macomb","9","7060","Michigan","6/15/20","6997","63","26099","0.9"
"Manistee","0","12","Michigan","6/15/20","12","0","26101","0"
"Marquette","0","59","Michigan","6/15/20","59","0","26103","0"
"Mason","0","39","Michigan","6/15/20","38","1","26105","2.63"
"Mecosta","0","25","Michigan","6/15/20","24","1","26107","4.17"
"Menominee","0","9","Michigan","6/15/20","9","0","26109","0"
"Michigan Department of Corrections (MDOC)","-10","4059","Michigan","6/15/20","4129","-70","00000","-1.7"
"Midland","2","153","Michigan","6/15/20","138","15","26111","10.87"
"Missaukee","0","24","Michigan","6/15/20","23","1","26113","4.35"
"Monroe","2","570","Michigan","6/15/20","559","11","26115","1.97"
"Montcalm","0","80","Michigan","6/15/20","81","-1","26117","-1.23"
"Montmorency","0","5","Michigan","6/15/20","5","0","26119","0"
"Muskegon","3","742","Michigan","6/15/20","723","19","26121","2.63"
"Newaygo","1","127","Michigan","6/15/20","122","5","26123","4.1"
"Oakland","8","11313","Michigan","6/15/20","11256","57","26125","0.51"
"Oceana","1","112","Michigan","6/15/20","103","9","26127","8.74"
"Ogemaw","0","32","Michigan","6/15/20","31","1","26129","3.23"
"Osceola","1","22","Michigan","6/15/20","18","4","26133","22.22"
"Oscoda","0","8","Michigan","6/15/20","8","0","26135","0"
"Otsego","0","120","Michigan","6/15/20","120","0","26137","0"
"Ottawa","5","936","Michigan","6/15/20","900","36","26139","4"
"Out of MI","2","34","Michigan","6/15/20","23","11","80026","47.83"
"Presque Isle","0","12","Michigan","6/15/20","11","1","26141","9.09"
"Roscommon","0","25","Michigan","6/15/20","24","1","26143","4.17"
"Saginaw","3","1160","Michigan","6/15/20","1138","22","26145","1.93"
"Sanilac","0","43","Michigan","6/15/20","42","1","26151","2.38"
"Schoolcraft","0","4","Michigan","6/15/20","4","0","26153","0"
"Shiawassee","1","265","Michigan","6/15/20","261","4","26155","1.53"
"St. Clair","1","518","Michigan","6/15/20","513","5","26147","0.97"
"St. Joseph","4","186","Michigan","6/15/20","159","27","26149","16.98"
"Tuscola","1","211","Michigan","6/15/20","206","5","26157","2.43"
"Van Buren","1","205","Michigan","6/15/20","195","10","26159","5.13"
"Washtenaw","3","1571","Michigan","6/15/20","1550","21","26161","1.35"
"Wayne","34","21793","Michigan","6/15/20","21555","238","26163","1.1"
"Wexford","0","17","Michigan","6/15/20","14","3","26165","21.43"
"Aitkin","0","13","Minnesota","6/15/20","12","1","27001","8.33"
"Anoka","21","1760","Minnesota","6/15/20","1616","144","27003","8.91"
"Becker","1","50","Minnesota","6/15/20","44","6","27005","13.64"
"Beltrami","0","23","Minnesota","6/15/20","21","2","27007","9.52"
"Benton","1","193","Minnesota","6/15/20","188","5","27009","2.66"
"Big Stone","0","13","Minnesota","6/15/20","12","1","27011","8.33"
"Blue Earth","2","163","Minnesota","6/15/20","152","11","27013","7.24"
"Brown","0","19","Minnesota","6/15/20","17","2","27015","11.76"
"Carlton","0","80","Minnesota","6/15/20","78","2","27017","2.56"
"Carver","2","271","Minnesota","6/15/20","254","17","27019","6.69"
"Cass","0","11","Minnesota","6/15/20","12","-1","27021","-8.33"
"Chippewa","1","56","Minnesota","6/15/20","52","4","27023","7.69"
"Chisago","1","80","Minnesota","6/15/20","70","10","27025","14.29"
"Clay","5","506","Minnesota","6/15/20","469","37","27027","7.89"
"Clearwater","0","5","Minnesota","6/15/20","3","2","27029","66.67"
"Cook","0","1","Minnesota","6/15/20","0","1","27031","1"
"Cottonwood","3","110","Minnesota","6/15/20","92","18","27033","19.57"
"Crow Wing","1","90","Minnesota","6/15/20","85","5","27035","5.88"
"Dakota","30","1730","Minnesota","6/15/20","1523","207","27037","13.59"
"Dodge","1","59","Minnesota","6/15/20","55","4","27039","7.27"
"Douglas","0","48","Minnesota","6/15/20","48","0","27041","0"
"Faribault","0","27","Minnesota","6/15/20","24","3","27043","12.5"
"Fillmore","0","20","Minnesota","6/15/20","20","0","27045","0"
"Freeborn","5","220","Minnesota","6/15/20","185","35","27047","18.92"
"Goodhue","2","94","Minnesota","6/15/20","79","15","27049","18.99"
"Grant","0","6","Minnesota","6/15/20","5","1","27051","20"
"Hennepin","114","10281","Minnesota","6/15/20","9480","801","27053","8.45"
"Houston","0","5","Minnesota","6/15/20","4","1","27055","25"
"Hubbard","0","5","Minnesota","6/15/20","5","0","27057","0"
"Isanti","1","50","Minnesota","6/15/20","41","9","27059","21.95"
"Itasca","0","59","Minnesota","6/15/20","56","3","27061","5.36"
"Jackson","1","48","Minnesota","6/15/20","42","6","27063","14.29"
"Kanabec","0","13","Minnesota","6/15/20","12","1","27065","8.33"
"Kandiyohi","3","546","Minnesota","6/15/20","522","24","27067","4.6"
"Kittson","0","1","Minnesota","6/15/20","1","0","27069","0"
"Koochiching","0","9","Minnesota","6/15/20","9","0","27071","0"
"Lac qui Parle","0","3","Minnesota","6/15/20","3","0","27073","0"
"Lake","0","1","Minnesota","6/15/20","1","0","27075","0"
"Le Sueur","0","52","Minnesota","6/15/20","49","3","27079","6.12"
"Lincoln","0","6","Minnesota","6/15/20","6","0","27081","0"
"Lyon","10","214","Minnesota","6/15/20","144","70","27083","48.61"
"Mahnomen","0","6","Minnesota","6/15/20","6","0","27087","0"
"Marshall","0","12","Minnesota","6/15/20","12","0","27089","0"
"Martin","0","143","Minnesota","6/15/20","140","3","27091","2.14"
"McLeod","1","54","Minnesota","6/15/20","44","10","27085","22.73"
"Meeker","0","50","Minnesota","6/15/20","47","3","27093","6.38"
"Mille Lacs","1","28","Minnesota","6/15/20","24","4","27095","16.67"
"Morrison","0","54","Minnesota","6/15/20","51","3","27097","5.88"
"Mower","18","651","Minnesota","6/15/20","524","127","27099","24.24"
"Murray","0","43","Minnesota","6/15/20","41","2","27101","4.88"
"Nicollet","1","95","Minnesota","6/15/20","90","5","27103","5.56"
"Nobles","3","1620","Minnesota","6/15/20","1597","23","27105","1.44"
"Norman","0","17","Minnesota","6/15/20","16","1","27107","6.25"
"Olmsted","8","778","Minnesota","6/15/20","722","56","27109","7.76"
"Otter Tail","1","83","Minnesota","6/15/20","77","6","27111","7.79"
"Pennington","2","51","Minnesota","6/15/20","36","15","27113","41.67"
"Pine","0","96","Minnesota","6/15/20","93","3","27115","3.23"
"Pipestone","0","14","Minnesota","6/15/20","14","0","27117","0"
"Polk","0","67","Minnesota","6/15/20","64","3","27119","4.69"
"Pope","0","10","Minnesota","6/15/20","10","0","27121","0"
"Ramsey","63","3992","Minnesota","6/15/20","3553","439","27123","12.36"
"Red Lake","0","4","Minnesota","6/15/20","4","0","27125","0"
"Redwood","0","10","Minnesota","6/15/20","8","2","27127","25"
"Renville","1","12","Minnesota","6/15/20","8","4","27129","50"
"Rice","15","694","Minnesota","6/15/20","587","107","27131","18.23"
"Rock","0","25","Minnesota","6/15/20","23","2","27133","8.7"
"Roseau","0","6","Minnesota","6/15/20","5","1","27135","20"
"Scott","6","536","Minnesota","6/15/20","493","43","27139","8.72"
"Sherburne","1","267","Minnesota","6/15/20","257","10","27141","3.89"
"Sibley","1","25","Minnesota","6/15/20","19","6","27143","31.58"
"St. Louis","1","123","Minnesota","6/15/20","119","4","27137","3.36"
"Stearns","5","2108","Minnesota","6/15/20","2071","37","27145","1.79"
"Steele","0","175","Minnesota","6/15/20","173","2","27147","1.16"
"Stevens","0","1","Minnesota","6/15/20","1","0","27149","0"
"Swift","0","20","Minnesota","6/15/20","19","1","27151","5.26"
"Todd","3","373","Minnesota","6/15/20","354","19","27153","5.37"
"Traverse","0","5","Minnesota","6/15/20","5","0","27155","0"
"Wabasha","0","21","Minnesota","6/15/20","20","1","27157","5"
"Wadena","0","10","Minnesota","6/15/20","10","0","27159","0"
"Waseca","0","33","Minnesota","6/15/20","30","3","27161","10"
"Washington","10","799","Minnesota","6/15/20","731","68","27163","9.3"
"Watonwan","2","98","Minnesota","6/15/20","83","15","27165","18.07"
"Wilkin","1","15","Minnesota","6/15/20","11","4","27167","36.36"
"Winona","0","84","Minnesota","6/15/20","85","-1","27169","-1.18"
"Wright","2","378","Minnesota","6/15/20","361","17","27171","4.71"
"Yellow Medicine","0","10","Minnesota","6/15/20","7","3","27173","42.86"
"Adams","1","226","Mississippi","6/15/20","222","4","28001","1.8"
"Alcorn","1","30","Mississippi","6/15/20","22","8","28003","36.36"
"Amite","1","72","Mississippi","6/15/20","66","6","28005","9.09"
"Attala","2","332","Mississippi","6/15/20","317","15","28007","4.73"
"Benton","0","17","Mississippi","6/15/20","16","1","28009","6.25"
"Bolivar","3","194","Mississippi","6/15/20","176","18","28011","10.23"
"Calhoun","1","80","Mississippi","6/15/20","72","8","28013","11.11"
"Carroll","0","122","Mississippi","6/15/20","120","2","28015","1.67"
"Chickasaw","2","168","Mississippi","6/15/20","153","15","28017","9.8"
"Choctaw","1","65","Mississippi","6/15/20","58","7","28019","12.07"
"Claiborne","2","140","Mississippi","6/15/20","127","13","28021","10.24"
"Clarke","0","166","Mississippi","6/15/20","163","3","28023","1.84"
"Clay","6","174","Mississippi","6/15/20","134","40","28025","29.85"
"Coahoma","2","150","Mississippi","6/15/20","139","11","28027","7.91"
"Copiah","8","412","Mississippi","6/15/20","357","55","28029","15.41"
"Covington","2","206","Mississippi","6/15/20","190","16","28031","8.42"
"DeSoto","12","718","Mississippi","6/15/20","633","85","28033","13.43"
"Forrest","7","681","Mississippi","6/15/20","635","46","28035","7.24"
"Franklin","0","30","Mississippi","6/15/20","29","1","28037","3.45"
"George","1","37","Mississippi","6/15/20","31","6","28039","19.35"
"Greene","1","54","Mississippi","6/15/20","47","7","28041","14.89"
"Grenada","5","164","Mississippi","6/15/20","127","37","28043","29.13"
"Hancock","1","100","Mississippi","6/15/20","93","7","28045","7.53"
"Harrison","11","367","Mississippi","6/15/20","288","79","28047","27.43"
"Hinds","21","1308","Mississippi","6/15/20","1164","144","28049","12.37"
"Holmes","1","471","Mississippi","6/15/20","461","10","28051","2.17"
"Humphreys","1","82","Mississippi","6/15/20","74","8","28053","10.81"
"Itawamba","2","103","Mississippi","6/15/20","92","11","28057","11.96"
"Jackson","5","367","Mississippi","6/15/20","329","38","28059","11.55"
"Jasper","2","197","Mississippi","6/15/20","184","13","28061","7.07"
"Jefferson","1","55","Mississippi","6/15/20","50","5","28063","10"
"Jefferson Davis","0","84","Mississippi","6/15/20","85","-1","28065","-1.18"
"Jones","15","881","Mississippi","6/15/20","777","104","28067","13.38"
"Kemper","1","169","Mississippi","6/15/20","163","6","28069","3.68"
"Lafayette","3","181","Mississippi","6/15/20","157","24","28071","15.29"
"Lamar","4","288","Mississippi","6/15/20","262","26","28073","9.92"
"Lauderdale","4","811","Mississippi","6/15/20","785","26","28075","3.31"
"Lawrence","1","118","Mississippi","6/15/20","109","9","28077","8.26"
"Leake","3","487","Mississippi","6/15/20","466","21","28079","4.51"
"Lee","9","301","Mississippi","6/15/20","237","64","28081","27"
"Leflore","8","368","Mississippi","6/15/20","309","59","28083","19.09"
"Lincoln","4","327","Mississippi","6/15/20","300","27","28085","9"
"Lowndes","6","317","Mississippi","6/15/20","274","43","28087","15.69"
"Madison","12","889","Mississippi","6/15/20","807","82","28089","10.16"
"Marion","3","145","Mississippi","6/15/20","127","18","28091","14.17"
"Marshall","2","107","Mississippi","6/15/20","93","14","28093","15.05"
"Monroe","2","295","Mississippi","6/15/20","280","15","28095","5.36"
"Montgomery","2","97","Mississippi","6/15/20","86","11","28097","12.79"
"Neshoba","16","881","Mississippi","6/15/20","772","109","28099","14.12"
"Newton","3","322","Mississippi","6/15/20","301","21","28101","6.98"
"Noxubee","1","212","Mississippi","6/15/20","204","8","28103","3.92"
"Oktibbeha","9","363","Mississippi","6/15/20","300","63","28105","21"
"Panola","4","127","Mississippi","6/15/20","102","25","28107","24.51"
"Pearl River","1","223","Mississippi","6/15/20","217","6","28109","2.76"
"Perry","0","54","Mississippi","6/15/20","52","2","28111","3.85"
"Pike","5","244","Mississippi","6/15/20","211","33","28113","15.64"
"Pontotoc","2","77","Mississippi","6/15/20","60","17","28115","28.33"
"Prentiss","1","66","Mississippi","6/15/20","57","9","28117","15.79"
"Quitman","3","50","Mississippi","6/15/20","32","18","28119","56.25"
"Rankin","8","539","Mississippi","6/15/20","485","54","28121","11.13"
"Scott","2","690","Mississippi","6/15/20","673","17","28123","2.53"
"Sharkey","0","8","Mississippi","6/15/20","7","1","28125","14.29"
"Simpson","2","119","Mississippi","6/15/20","108","11","28127","10.19"
"Smith","2","180","Mississippi","6/15/20","168","12","28129","7.14"
"Stone","0","35","Mississippi","6/15/20","34","1","28131","2.94"
"Sunflower","3","121","Mississippi","6/15/20","103","18","28133","17.48"
"Tallahatchie","1","43","Mississippi","6/15/20","35","8","28135","22.86"
"Tate","4","134","Mississippi","6/15/20","103","31","28137","30.1"
"Tippah","1","94","Mississippi","6/15/20","84","10","28139","11.9"
"Tishomingo","1","47","Mississippi","6/15/20","41","6","28141","14.63"
"Tunica","1","66","Mississippi","6/15/20","58","8","28143","13.79"
"Union","1","102","Mississippi","6/15/20","92","10","28145","10.87"
"Walthall","4","105","Mississippi","6/15/20","76","29","28147","38.16"
"Warren","6","259","Mississippi","6/15/20","214","45","28149","21.03"
"Washington","7","266","Mississippi","6/15/20","215","51","28151","23.72"
"Wayne","9","389","Mississippi","6/15/20","328","61","28153","18.6"
"Webster","2","109","Mississippi","6/15/20","98","11","28155","11.22"
"Wilkinson","0","85","Mississippi","6/15/20","85","0","28157","0"
"Winston","2","150","Mississippi","6/15/20","136","14","28159","10.29"
"Yalobusha","2","138","Mississippi","6/15/20","121","17","28161","14.05"
"Yazoo","5","348","Mississippi","6/15/20","310","38","28163","12.26"
"Adair","2","83","Missouri","6/15/20","72","11","29001","15.28"
"Andrew","0","35","Missouri","6/15/20","33","2","29003","6.06"
"Atchison","0","3","Missouri","6/15/20","3","0","29005","0"
"Audrain","1","122","Missouri","6/15/20","117","5","29007","4.27"
"Barry","1","14","Missouri","6/15/20","9","5","29009","55.56"
"Barton","1","7","Missouri","6/15/20","0","7","29011","1"
"Bates","0","12","Missouri","6/15/20","12","0","29013","0"
"Benton","0","14","Missouri","6/15/20","13","1","29015","7.69"
"Bollinger","0","10","Missouri","6/15/20","7","3","29017","42.86"
"Boone","3","215","Missouri","6/15/20","193","22","29019","11.4"
"Buchanan","5","787","Missouri","6/15/20","754","33","29021","4.38"
"Butler","0","46","Missouri","6/15/20","47","-1","29023","-2.13"
"Caldwell","0","7","Missouri","6/15/20","8","-1","29025","-12.5"
"Callaway","1","40","Missouri","6/15/20","34","6","29027","17.65"
"Camden","0","40","Missouri","6/15/20","38","2","29029","5.26"
"Cape Girardeau","3","108","Missouri","6/15/20","87","21","29031","24.14"
"Carroll","0","10","Missouri","6/15/20","9","1","29033","11.11"
"Carter","0","5","Missouri","6/15/20","5","0","29035","0"
"Cass","1","114","Missouri","6/15/20","104","10","29037","9.62"
"Cedar","0","9","Missouri","6/15/20","9","0","29039","0"
"Chariton","0","6","Missouri","6/15/20","6","0","29041","0"
"Christian","0","30","Missouri","6/15/20","29","1","29043","3.45"
"Clark","0","1","Missouri","6/15/20","1","0","29045","0"
"Clay","8","293","Missouri","6/15/20","240","53","29047","22.08"
"Clinton","0","21","Missouri","6/15/20","20","1","29049","5"
"Cole","-1","57","Missouri","6/15/20","61","-4","29051","-6.56"
"Cooper","0","9","Missouri","6/15/20","9","0","29053","0"
"Crawford","0","9","Missouri","6/15/20","9","0","29055","0"
"Dade","0","1","Missouri","6/15/20","0","1","29057","1"
"Dallas","0","6","Missouri","6/15/20","5","1","29059","20"
"Daviess","0","7","Missouri","6/15/20","5","2","29061","40"
"DeKalb","0","9","Missouri","6/15/20","7","2","29063","28.57"
"Dent","0","1","Missouri","6/15/20","0","1","29065","1"
"Douglas","0","3","Missouri","6/15/20","0","3","29067","1"
"Dunklin","2","61","Missouri","6/15/20","49","12","29069","24.49"
"Franklin","2","168","Missouri","6/15/20","153","15","29071","9.8"
"Gasconade","0","2","Missouri","6/15/20","2","0","29073","0"
"Gentry","0","54","Missouri","6/15/20","54","0","29075","0"
"Greene","2","193","Missouri","6/15/20","176","17","29077","9.66"
"Grundy","2","12","Missouri","6/15/20","0","12","29079","1"
"Harrison","0","9","Missouri","6/15/20","9","0","29081","0"
"Henry","1","16","Missouri","6/15/20","12","4","29083","33.33"
"Holt","0","1","Missouri","6/15/20","2","-1","29087","-50"
"Howard","0","3","Missouri","6/15/20","3","0","29089","0"
"Howell","2","26","Missouri","6/15/20","15","11","29091","73.33"
"Iron","0","2","Missouri","6/15/20","3","-1","29093","-33.33"
"Jackson","21","865","Missouri","6/15/20","716","149","29095","20.81"
"Jasper","11","139","Missouri","6/15/20","62","77","29097","124.19"
"Jefferson","-4","378","Missouri","6/15/20","407","-29","29099","-7.13"
"Johnson","0","80","Missouri","6/15/20","78","2","29101","2.56"
"Kansas City","25","1737","Missouri","6/15/20","1565","172","00000","10.99"
"Knox","0","2","Missouri","6/15/20","0","2","29103","1"
"Laclede","0","9","Missouri","6/15/20","7","2","29105","28.57"
"Lafayette","1","85","Missouri","6/15/20","81","4","29107","4.94"
"Lawrence","0","7","Missouri","6/15/20","8","-1","29109","-12.5"
"Lewis","0","7","Missouri","6/15/20","7","0","29111","0"
"Lincoln","-5","87","Missouri","6/15/20","121","-34","29113","-28.1"
"Linn","0","11","Missouri","6/15/20","10","1","29115","10"
"Livingston","0","6","Missouri","6/15/20","5","1","29117","20"
"Macon","0","7","Missouri","6/15/20","6","1","29121","16.67"
"Madison","0","3","Missouri","6/15/20","3","0","29123","0"
"Maries","0","2","Missouri","6/15/20","2","0","29125","0"
"Marion","0","8","Missouri","6/15/20","5","3","29127","60"
"McDonald","7","78","Missouri","6/15/20","29","49","29119","168.97"
"Mercer","1","5","Missouri","6/15/20","0","5","29129","1"
"Miller","0","6","Missouri","6/15/20","4","2","29131","50"
"Mississippi","2","74","Missouri","6/15/20","63","11","29133","17.46"
"Moniteau","0","49","Missouri","6/15/20","49","0","29135","0"
"Monroe","0","3","Missouri","6/15/20","0","3","29137","1"
"Montgomery","0","12","Missouri","6/15/20","13","-1","29139","-7.69"
"Morgan","0","9","Missouri","6/15/20","9","0","29141","0"
"New Madrid","2","35","Missouri","6/15/20","22","13","29143","59.09"
"Newton","7","79","Missouri","6/15/20","28","51","29145","182.14"
"Nodaway","0","15","Missouri","6/15/20","14","1","29147","7.14"
"Oregon","0","4","Missouri","6/15/20","2","2","29149","100"
"Osage","0","5","Missouri","6/15/20","6","-1","29151","-16.67"
"Pemiscot","1","104","Missouri","6/15/20","94","10","29155","10.64"
"Perry","2","85","Missouri","6/15/20","71","14","29157","19.72"
"Pettis","1","86","Missouri","6/15/20","81","5","29159","6.17"
"Phelps","0","6","Missouri","6/15/20","5","1","29161","20"
"Pike","1","32","Missouri","6/15/20","28","4","29163","14.29"
"Platte","3","98","Missouri","6/15/20","79","19","29165","24.05"
"Polk","1","10","Missouri","6/15/20","4","6","29167","150"
"Pulaski","0","106","Missouri","6/15/20","107","-1","29169","-0.93"
"Putnam","0","1","Missouri","6/15/20","0","1","29171","1"
"Ralls","0","5","Missouri","6/15/20","5","0","29173","0"
"Randolph","0","11","Missouri","6/15/20","10","1","29175","10"
"Ray","0","25","Missouri","6/15/20","23","2","29177","8.7"
"Reynolds","0","2","Missouri","6/15/20","2","0","29179","0"
"Ripley","0","11","Missouri","6/15/20","11","0","29181","0"
"Saline","-2","270","Missouri","6/15/20","283","-13","29195","-4.59"
"Schuyler","0","1","Missouri","6/15/20","0","1","29197","1"
"Scotland","0","8","Missouri","6/15/20","9","-1","29199","-11.11"
"Scott","3","145","Missouri","6/15/20","123","22","29201","17.89"
"Shannon","1","6","Missouri","6/15/20","0","6","29203","1"
"Shelby","0","1","Missouri","6/15/20","1","0","29205","0"
"St. Charles","9","910","Missouri","6/15/20","844","66","29183","7.82"
"St. Clair","0","2","Missouri","6/15/20","3","-1","29185","-33.33"
"St. Francois","0","42","Missouri","6/15/20","41","1","29187","2.44"
"St. Louis","33","5604","Missouri","6/15/20","5373","231","29189","4.3"
"St. Louis City","16","2219","Missouri","6/15/20","2108","111","29510","5.27"
"Ste. Genevieve","0","14","Missouri","6/15/20","12","2","29186","16.67"
"Stoddard","2","118","Missouri","6/15/20","106","12","29207","11.32"
"Stone","0","7","Missouri","6/15/20","10","-3","29209","-30"
"Sullivan","1","77","Missouri","6/15/20","67","10","29211","14.93"
"Taney","1","24","Missouri","6/15/20","14","10","29213","71.43"
"Texas","0","1","Missouri","6/15/20","1","0","29215","0"
"Vernon","0","12","Missouri","6/15/20","12","0","29217","0"
"Warren","0","30","Missouri","6/15/20","29","1","29219","3.45"
"Washington","0","13","Missouri","6/15/20","13","0","29221","0"
"Webster","0","18","Missouri","6/15/20","18","0","29225","0"
"Worth","0","4","Missouri","6/15/20","4","0","29227","0"
"Wright","0","14","Missouri","6/15/20","14","0","29229","0"
"Beaverhead","0","1","Montana","6/15/20","1","0","30001","0"
"Big Horn","1","47","Montana","6/15/20","39","8","30003","20.51"
"Broadwater","0","4","Montana","6/15/20","4","0","30007","0"
"Carbon","0","6","Montana","6/15/20","6","0","30009","0"
"Cascade","0","19","Montana","6/15/20","17","2","30013","11.76"
"Custer","2","11","Montana","6/15/20","0","11","30017","1"
"Deer Lodge","0","3","Montana","6/15/20","3","0","30023","0"
"Flathead","0","39","Montana","6/15/20","37","2","30029","5.41"
"Gallatin","3","188","Montana","6/15/20","164","24","30031","14.63"
"Glacier","0","6","Montana","6/15/20","6","0","30035","0"
"Golden Valley","0","3","Montana","6/15/20","3","0","30037","0"
"Hill","0","1","Montana","6/15/20","1","0","30041","0"
"Jefferson","0","3","Montana","6/15/20","3","0","30043","0"
"Lake","1","9","Montana","6/15/20","5","4","30047","80"
"Lewis and Clark","0","20","Montana","6/15/20","18","2","30049","11.11"
"Liberty","0","1","Montana","6/15/20","1","0","30051","0"
"Lincoln","0","7","Montana","6/15/20","7","0","30053","0"
"Madison","0","8","Montana","6/15/20","8","0","30057","0"
"Meagher","0","1","Montana","6/15/20","1","0","30059","0"
"Missoula","0","40","Montana","6/15/20","40","0","30063","0"
"Musselshell","0","1","Montana","6/15/20","1","0","30065","0"
"Park","0","8","Montana","6/15/20","8","0","30067","0"
"Pondera","0","2","Montana","6/15/20","2","0","30073","0"
"Ravalli","1","18","Montana","6/15/20","14","4","30081","28.57"
"Richland","0","3","Montana","6/15/20","3","0","30083","0"
"Roosevelt","0","7","Montana","6/15/20","7","0","30085","0"
"Rosebud","0","1","Montana","6/15/20","1","0","30087","0"
"Silver Bow","0","11","Montana","6/15/20","11","0","30093","0"
"Stillwater","0","3","Montana","6/15/20","2","1","30095","50"
"Toole","0","29","Montana","6/15/20","29","0","30101","0"
"Wheatland","0","1","Montana","6/15/20","1","0","30107","0"
"Yellowstone","0","108","Montana","6/15/20","105","3","30111","2.86"
"Adams","0","278","Nebraska","6/15/20","276","2","31001","0.72"
"Antelope","0","8","Nebraska","6/15/20","8","0","31003","0"
"Banner","0","1","Nebraska","6/15/20","0","1","31007","1"
"Boone","0","7","Nebraska","6/15/20","7","0","31011","0"
"Box Butte","0","3","Nebraska","6/15/20","3","0","31013","0"
"Boyd","0","1","Nebraska","6/15/20","1","0","31015","0"
"Buffalo","0","176","Nebraska","6/15/20","174","2","31019","1.15"
"Burt","0","11","Nebraska","6/15/20","10","1","31021","10"
"Butler","0","51","Nebraska","6/15/20","51","0","31023","0"
"Cass","1","60","Nebraska","6/15/20","55","5","31025","9.09"
"Cedar","0","8","Nebraska","6/15/20","8","0","31027","0"
"Chase","0","1","Nebraska","6/15/20","1","0","31029","0"
"Cherry","0","1","Nebraska","6/15/20","1","0","31031","0"
"Cheyenne","0","10","Nebraska","6/15/20","10","0","31033","0"
"Clay","0","24","Nebraska","6/15/20","24","0","31035","0"
"Colfax","1","647","Nebraska","6/15/20","637","10","31037","1.57"
"Cuming","0","34","Nebraska","6/15/20","34","0","31039","0"
"Custer","0","34","Nebraska","6/15/20","34","0","31041","0"
"Dakota","1","1724","Nebraska","6/15/20","1715","9","31043","0.52"
"Dawes","0","1","Nebraska","6/15/20","1","0","31045","0"
"Dawson","0","845","Nebraska","6/15/20","843","2","31047","0.24"
"Dixon","1","40","Nebraska","6/15/20","32","8","31051","25"
"Dodge","10","638","Nebraska","6/15/20","571","67","31053","11.73"
"Douglas","92","5734","Nebraska","6/15/20","5092","642","31055","12.61"
"Fillmore","1","11","Nebraska","6/15/20","7","4","31059","57.14"
"Franklin","0","6","Nebraska","6/15/20","6","0","31061","0"
"Frontier","0","1","Nebraska","6/15/20","1","0","31063","0"
"Furnas","0","9","Nebraska","6/15/20","9","0","31065","0"
"Gage","0","45","Nebraska","6/15/20","45","0","31067","0"
"Garden","0","4","Nebraska","6/15/20","4","0","31069","0"
"Garfield","0","1","Nebraska","6/15/20","1","0","31071","0"
"Gosper","0","13","Nebraska","6/15/20","13","0","31073","0"
"Greeley","0","3","Nebraska","6/15/20","3","0","31077","0"
"Hall","2","1562","Nebraska","6/15/20","1546","16","31079","1.03"
"Hamilton","0","56","Nebraska","6/15/20","56","0","31081","0"
"Hitchcock","0","1","Nebraska","6/15/20","1","0","31087","0"
"Holt","0","1","Nebraska","6/15/20","1","0","31089","0"
"Howard","0","44","Nebraska","6/15/20","43","1","31093","2.33"
"Jefferson","0","9","Nebraska","6/15/20","8","1","31095","12.5"
"Johnson","0","6","Nebraska","6/15/20","6","0","31097","0"
"Kearney","0","12","Nebraska","6/15/20","12","0","31099","0"
"Keith","0","2","Nebraska","6/15/20","2","0","31101","0"
"Kimball","0","8","Nebraska","6/15/20","8","0","31105","0"
"Knox","0","13","Nebraska","6/15/20","11","2","31107","18.18"
"Lancaster","17","1480","Nebraska","6/15/20","1363","117","31109","8.58"
"Lincoln","1","53","Nebraska","6/15/20","49","4","31111","8.16"
"Madison","1","333","Nebraska","6/15/20","325","8","31119","2.46"
"Merrick","0","36","Nebraska","6/15/20","36","0","31121","0"
"Morrill","0","12","Nebraska","6/15/20","11","1","31123","9.09"
"Nance","0","4","Nebraska","6/15/20","4","0","31125","0"
"Nemaha","0","4","Nebraska","6/15/20","4","0","31127","0"
"Nuckolls","0","1","Nebraska","6/15/20","1","0","31129","0"
"Otoe","0","12","Nebraska","6/15/20","11","1","31131","9.09"
"Phelps","0","20","Nebraska","6/15/20","20","0","31137","0"
"Pierce","0","6","Nebraska","6/15/20","6","0","31139","0"
"Platte","3","647","Nebraska","6/15/20","629","18","31141","2.86"
"Polk","0","12","Nebraska","6/15/20","11","1","31143","9.09"
"Red Willow","0","5","Nebraska","6/15/20","5","0","31145","0"
"Richardson","0","1","Nebraska","6/15/20","1","0","31147","0"
"Saline","0","520","Nebraska","6/15/20","518","2","31151","0.39"
"Sarpy","17","907","Nebraska","6/15/20","787","120","31153","15.25"
"Saunders","1","57","Nebraska","6/15/20","51","6","31155","11.76"
"Scotts Bluff","5","177","Nebraska","6/15/20","145","32","31157","22.07"
"Seward","0","32","Nebraska","6/15/20","29","3","31159","10.34"
"Sherman","0","5","Nebraska","6/15/20","5","0","31163","0"
"Sioux","0","1","Nebraska","6/15/20","0","1","31165","1"
"Stanton","0","21","Nebraska","6/15/20","21","0","31167","0"
"Thayer","0","1","Nebraska","6/15/20","1","0","31169","0"
"Thomas","0","1","Nebraska","6/15/20","1","0","31171","0"
"Thurston","2","66","Nebraska","6/15/20","55","11","31173","20"
"Valley","0","7","Nebraska","6/15/20","6","1","31175","16.67"
"Washington","1","41","Nebraska","6/15/20","36","5","31177","13.89"
"Wayne","0","26","Nebraska","6/15/20","25","1","31179","4"
"Webster","0","6","Nebraska","6/15/20","5","1","31181","20"
"York","0","37","Nebraska","6/15/20","37","0","31185","0"
"Carson City","2","123","Nevada","6/15/20","111","12","32510","10.81"
"Churchill","0","10","Nevada","6/15/20","10","0","32001","0"
"Clark","175","8815","Nevada","6/15/20","7592","1223","32003","16.11"
"Douglas","1","46","Nevada","6/15/20","38","8","32005","21.05"
"Elko","1","37","Nevada","6/15/20","27","10","32007","37.04"
"Humboldt","0","78","Nevada","6/15/20","78","0","32013","0"
"Lander","0","22","Nevada","6/15/20","23","-1","32015","-4.35"
"Lincoln","0","2","Nevada","6/15/20","2","0","32017","0"
"Lyon","1","92","Nevada","6/15/20","87","5","32019","5.75"
"Mineral","0","4","Nevada","6/15/20","4","0","32021","0"
"Nye","1","74","Nevada","6/15/20","66","8","32023","12.12"
"Pershing","0","5","Nevada","6/15/20","2","3","32027","150"
"Storey","0","1","Nevada","6/15/20","1","0","32029","0"
"Washoe","33","2003","Nevada","6/15/20","1772","231","32031","13.04"
"White Pine","0","3","Nevada","6/15/20","3","0","32033","0"
"Belknap","1","74","New Hampshire","6/15/20","70","4","33001","5.71"
"Carroll","0","49","New Hampshire","6/15/20","48","1","33003","2.08"
"Cheshire","0","60","New Hampshire","6/15/20","59","1","33005","1.69"
"Coos","0","6","New Hampshire","6/15/20","6","0","33007","0"
"Grafton","0","76","New Hampshire","6/15/20","76","0","33009","0"
"Hillsborough","30","2963","New Hampshire","6/15/20","2753","210","33011","7.63"
"Merrimack","2","392","New Hampshire","6/15/20","375","17","33013","4.53"
"Rockingham","4","1416","New Hampshire","6/15/20","1386","30","33015","2.16"
"Strafford","0","279","New Hampshire","6/15/20","277","2","33017","0.72"
"Sullivan","1","25","New Hampshire","6/15/20","20","5","33019","25"
"Atlantic","16","2497","New Jersey","6/15/20","2383","114","34001","4.78"
"Bergen","44","18848","New Jersey","6/15/20","18538","310","34003","1.67"
"Burlington","14","4894","New Jersey","6/15/20","4798","96","34005","2"
"Camden","28","7025","New Jersey","6/15/20","6827","198","34007","2.9"
"Cape May","4","672","New Jersey","6/15/20","647","25","34009","3.86"
"Cumberland","17","2697","New Jersey","6/15/20","2575","122","34011","4.74"
"Essex","37","18375","New Jersey","6/15/20","18117","258","34013","1.42"
"Gloucester","12","2416","New Jersey","6/15/20","2332","84","34015","3.6"
"Hudson","28","19195","New Jersey","6/15/20","19000","195","34017","1.03"
"Hunterdon","2","1041","New Jersey","6/15/20","1025","16","34019","1.56"
"Mercer","27","7371","New Jersey","6/15/20","7184","187","34021","2.6"
"Middlesex","33","16458","New Jersey","6/15/20","16227","231","34023","1.42"
"Monmouth","38","8761","New Jersey","6/15/20","8498","263","34025","3.09"
"Morris","-2","6588","New Jersey","6/15/20","6602","-14","34027","-0.21"
"Ocean","31","9258","New Jersey","6/15/20","9041","217","34029","2.4"
"Passaic","27","16649","New Jersey","6/15/20","16461","188","34031","1.14"
"Salem","4","708","New Jersey","6/15/20","682","26","34033","3.81"
"Somerset","13","4764","New Jersey","6/15/20","4670","94","34035","2.01"
"Sussex","3","1190","New Jersey","6/15/20","1172","18","34037","1.54"
"Union","10","16308","New Jersey","6/15/20","16241","67","34039","0.41"
"Warren","1","1202","New Jersey","6/15/20","1192","10","34041","0.84"
"Bernalillo","15","1705","New Mexico","6/15/20","1600","105","35001","6.56"
"Catron","0","2","New Mexico","6/15/20","2","0","35003","0"
"Chaves","1","59","New Mexico","6/15/20","49","10","35005","20.41"
"Cibola","2","185","New Mexico","6/15/20","168","17","35006","10.12"
"Colfax","0","8","New Mexico","6/15/20","5","3","35007","60"
"Curry","3","83","New Mexico","6/15/20","64","19","35009","29.69"
"Dona Ana","10","657","New Mexico","6/15/20","587","70","35013","11.93"
"Eddy","1","47","New Mexico","6/15/20","38","9","35015","23.68"
"Grant","0","16","New Mexico","6/15/20","15","1","35017","6.67"
"Guadalupe","0","20","New Mexico","6/15/20","20","0","35019","0"
"Harding","0","1","New Mexico","6/15/20","1","0","35021","0"
"Hidalgo","3","20","New Mexico","6/15/20","1","19","35023","1900"
"Lea","2","44","New Mexico","6/15/20","32","12","35025","37.5"
"Lincoln","0","6","New Mexico","6/15/20","5","1","35027","20"
"Los Alamos","0","7","New Mexico","6/15/20","6","1","35028","16.67"
"Luna","2","29","New Mexico","6/15/20","12","17","35029","141.67"
"McKinley","27","2936","New Mexico","6/15/20","2746","190","35031","6.92"
"Otero","0","30","New Mexico","6/15/20","27","3","35035","11.11"
"Quay","0","4","New Mexico","6/15/20","5","-1","35037","-20"
"Rio Arriba","0","59","New Mexico","6/15/20","57","2","35039","3.51"
"Roosevelt","1","53","New Mexico","6/15/20","45","8","35041","17.78"
"San Juan","19","2123","New Mexico","6/15/20","1990","133","35045","6.68"
"San Miguel","0","16","New Mexico","6/15/20","16","0","35047","0"
"Sandoval","5","634","New Mexico","6/15/20","600","34","35043","5.67"
"Santa Fe","3","173","New Mexico","6/15/20","155","18","35049","11.61"
"Sierra","0","4","New Mexico","6/15/20","1","3","35051","300"
"Socorro","0","55","New Mexico","6/15/20","55","0","35053","0"
"Taos","0","33","New Mexico","6/15/20","31","2","35055","6.45"
"Torrance","0","34","New Mexico","6/15/20","35","-1","35057","-2.86"
"Union","0","5","New Mexico","6/15/20","5","0","35059","0"
"Valencia","1","89","New Mexico","6/15/20","81","8","35061","9.88"
"Albany","6","2022","New York","6/15/20","1978","44","36001","2.22"
"Allegany","1","55","New York","6/15/20","51","4","36003","7.84"
"Broome","4","655","New York","6/15/20","624","31","36007","4.97"
"Cattaraugus","2","106","New York","6/15/20","95","11","36009","11.58"
"Cayuga","1","106","New York","6/15/20","101","5","36011","4.95"
"Chautauqua","1","107","New York","6/15/20","101","6","36013","5.94"
"Chemung","0","138","New York","6/15/20","137","1","36015","0.73"
"Chenango","0","138","New York","6/15/20","135","3","36017","2.22"
"Clinton","0","98","New York","6/15/20","97","1","36019","1.03"
"Columbia","4","439","New York","6/15/20","414","25","36021","6.04"
"Cortland","0","42","New York","6/15/20","42","0","36023","0"
"Delaware","0","88","New York","6/15/20","85","3","36025","3.53"
"Dutchess","9","4068","New York","6/15/20","4006","62","36027","1.55"
"Erie","41","6817","New York","6/15/20","6531","286","36029","4.38"
"Essex","0","40","New York","6/15/20","39","1","36031","2.56"
"Franklin","0","25","New York","6/15/20","23","2","36033","8.7"
"Fulton","1","235","New York","6/15/20","227","8","36035","3.52"
"Genesee","1","213","New York","6/15/20","208","5","36037","2.4"
"Greene","1","251","New York","6/15/20","247","4","36039","1.62"
"Hamilton","0","6","New York","6/15/20","5","1","36041","20"
"Herkimer","1","128","New York","6/15/20","124","4","36043","3.23"
"Jefferson","0","81","New York","6/15/20","78","3","36045","3.85"
"Lewis","0","20","New York","6/15/20","20","0","36049","0"
"Livingston","0","123","New York","6/15/20","121","2","36051","1.65"
"Madison","1","335","New York","6/15/20","327","8","36053","2.45"
"Monroe","25","3380","New York","6/15/20","3203","177","36055","5.53"
"Montgomery","1","104","New York","6/15/20","100","4","36057","4"
"Nassau","42","41240","New York","6/15/20","40947","293","36059","0.72"
"New York","415","210259","New York","6/15/20","207353","2906","36061","1.4"
"Niagara","8","1169","New York","6/15/20","1116","53","36063","4.75"
"Oneida","16","1280","New York","6/15/20","1170","110","36065","9.4"
"Onondaga","18","2531","New York","6/15/20","2408","123","36067","5.11"
"Ontario","2","233","New York","6/15/20","221","12","36069","5.43"
"Orange","7","10573","New York","6/15/20","10523","50","36071","0.48"
"Orleans","2","268","New York","6/15/20","256","12","36073","4.69"
"Oswego","2","126","New York","6/15/20","115","11","36075","9.57"
"Otsego","1","80","New York","6/15/20","75","5","36077","6.67"
"Putnam","2","1291","New York","6/15/20","1279","12","36079","0.94"
"Rensselaer","2","514","New York","6/15/20","503","11","36083","2.19"
"Rockland","14","13441","New York","6/15/20","13340","101","36087","0.76"
"Saratoga","2","517","New York","6/15/20","504","13","36091","2.58"
"Schenectady","3","732","New York","6/15/20","712","20","36093","2.81"
"Schoharie","0","54","New York","6/15/20","54","0","36095","0"
"Schuyler","0","12","New York","6/15/20","12","0","36097","0"
"Seneca","0","64","New York","6/15/20","61","3","36099","4.92"
"St. Lawrence","1","215","New York","6/15/20","209","6","36089","2.87"
"Steuben","1","256","New York","6/15/20","251","5","36101","1.99"
"Suffolk","45","40692","New York","6/15/20","40377","315","36103","0.78"
"Sullivan","2","1432","New York","6/15/20","1417","15","36105","1.06"
"Tioga","1","139","New York","6/15/20","134","5","36107","3.73"
"Tompkins","0","173","New York","6/15/20","171","2","36109","1.17"
"Ulster","3","1741","New York","6/15/20","1721","20","36111","1.16"
"Warren","0","257","New York","6/15/20","257","0","36113","0"
"Washington","0","243","New York","6/15/20","240","3","36115","1.25"
"Wayne","1","133","New York","6/15/20","125","8","36117","6.4"
"Westchester","47","34327","New York","6/15/20","34000","327","36119","0.96"
"Wyoming","0","92","New York","6/15/20","90","2","36121","2.22"
"Yates","0","40","New York","6/15/20","39","1","36123","2.56"
"Alamance","36","778","North Carolina","6/15/20","528","250","37001","47.35"
"Alexander","1","50","North Carolina","6/15/20","43","7","37003","16.28"
"Alleghany","0","30","North Carolina","6/15/20","29","1","37005","3.45"
"Anson","2","87","North Carolina","6/15/20","74","13","37007","17.57"
"Ashe","0","43","North Carolina","6/15/20","40","3","37009","7.5"
"Avery","0","6","North Carolina","6/15/20","4","2","37011","50"
"Beaufort","1","51","North Carolina","6/15/20","43","8","37013","18.6"
"Bertie","0","135","North Carolina","6/15/20","134","1","37015","0.75"
"Bladen","4","196","North Carolina","6/15/20","165","31","37017","18.79"
"Brunswick","13","241","North Carolina","6/15/20","149","92","37019","61.74"
"Buncombe","8","456","North Carolina","6/15/20","399","57","37021","14.29"
"Burke","30","775","North Carolina","6/15/20","567","208","37023","36.68"
"Cabarrus","17","716","North Carolina","6/15/20","599","117","37025","19.53"
"Caldwell","6","249","North Carolina","6/15/20","204","45","37027","22.06"
"Camden","0","6","North Carolina","6/15/20","3","3","37029","100"
"Carteret","1","47","North Carolina","6/15/20","40","7","37031","17.5"
"Caswell","1","103","North Carolina","6/15/20","97","6","37033","6.19"
"Catawba","18","435","North Carolina","6/15/20","310","125","37035","40.32"
"Chatham","11","808","North Carolina","6/15/20","733","75","37037","10.23"
"Cherokee","0","30","North Carolina","6/15/20","30","0","37039","0"
"Chowan","0","19","North Carolina","6/15/20","17","2","37041","11.76"
"Clay","0","9","North Carolina","6/15/20","8","1","37043","12.5"
"Cleveland","5","159","North Carolina","6/15/20","121","38","37045","31.4"
"Columbus","8","427","North Carolina","6/15/20","373","54","37047","14.48"
"Craven","5","276","North Carolina","6/15/20","239","37","37049","15.48"
"Cumberland","16","895","North Carolina","6/15/20","781","114","37051","14.6"
"Currituck","0","16","North Carolina","6/15/20","15","1","37053","6.67"
"Dare","0","25","North Carolina","6/15/20","25","0","37055","0"
"Davidson","19","655","North Carolina","6/15/20","520","135","37057","25.96"
"Davie","3","142","North Carolina","6/15/20","119","23","37059","19.33"
"Duplin","24","1213","North Carolina","6/15/20","1047","166","37061","15.85"
"Durham","76","2712","North Carolina","6/15/20","2180","532","37063","24.4"
"Edgecombe","3","253","North Carolina","6/15/20","229","24","37065","10.48"
"Forsyth","62","2250","North Carolina","6/15/20","1816","434","37067","23.9"
"Franklin","6","231","North Carolina","6/15/20","190","41","37069","21.58"
"Gaston","23","525","North Carolina","6/15/20","366","159","37071","43.44"
"Gates","0","24","North Carolina","6/15/20","24","0","37073","0"
"Graham","0","6","North Carolina","6/15/20","4","2","37075","50"
"Granville","24","680","North Carolina","6/15/20","513","167","37077","32.55"
"Greene","3","122","North Carolina","6/15/20","104","18","37079","17.31"
"Guilford","57","2061","North Carolina","6/15/20","1665","396","37081","23.78"
"Halifax","5","239","North Carolina","6/15/20","203","36","37083","17.73"
"Harnett","11","411","North Carolina","6/15/20","337","74","37085","21.96"
"Haywood","1","65","North Carolina","6/15/20","60","5","37087","8.33"
"Henderson","10","448","North Carolina","6/15/20","376","72","37089","19.15"
"Hertford","2","151","North Carolina","6/15/20","135","16","37091","11.85"
"Hoke","3","300","North Carolina","6/15/20","278","22","37093","7.91"
"Hyde","0","3","North Carolina","6/15/20","2","1","37095","50"
"Iredell","14","446","North Carolina","6/15/20","348","98","37097","28.16"
"Jackson","1","59","North Carolina","6/15/20","50","9","37099","18"
"Johnston","32","875","North Carolina","6/15/20","648","227","37101","35.03"
"Jones","0","28","North Carolina","6/15/20","28","0","37103","0"
"Lee","9","596","North Carolina","6/15/20","534","62","37105","11.61"
"Lenoir","8","298","North Carolina","6/15/20","241","57","37107","23.65"
"Lincoln","5","140","North Carolina","6/15/20","105","35","37109","33.33"
"Macon","12","231","North Carolina","6/15/20","146","85","37113","58.22"
"Madison","0","5","North Carolina","6/15/20","4","1","37115","25"
"Martin","3","100","North Carolina","6/15/20","77","23","37117","29.87"
"McDowell","8","159","North Carolina","6/15/20","101","58","37111","57.43"
"Mecklenburg","234","7321","North Carolina","6/15/20","5682","1639","37119","28.85"
"Mitchell","0","17","North Carolina","6/15/20","17","0","37121","0"
"Montgomery","6","210","North Carolina","6/15/20","165","45","37123","27.27"
"Moore","8","318","North Carolina","6/15/20","259","59","37125","22.78"
"Nash","7","292","North Carolina","6/15/20","242","50","37127","20.66"
"New Hanover","16","385","North Carolina","6/15/20","270","115","37129","42.59"
"Northampton","1","170","North Carolina","6/15/20","165","5","37131","3.03"
"Onslow","4","160","North Carolina","6/15/20","134","26","37133","19.4"
"Orange","10","478","North Carolina","6/15/20","405","73","37135","18.02"
"Pamlico","0","15","North Carolina","6/15/20","13","2","37137","15.38"
"Pasquotank","2","131","North Carolina","6/15/20","119","12","37139","10.08"
"Pender","4","143","North Carolina","6/15/20","113","30","37141","26.55"
"Perquimans","0","29","North Carolina","6/15/20","26","3","37143","11.54"
"Person","3","79","North Carolina","6/15/20","61","18","37145","29.51"
"Pitt","14","493","North Carolina","6/15/20","397","96","37147","24.18"
"Polk","1","55","North Carolina","6/15/20","48","7","37149","14.58"
"Randolph","18","927","North Carolina","6/15/20","801","126","37151","15.73"
"Richmond","4","211","North Carolina","6/15/20","184","27","37153","14.67"
"Robeson","19","1040","North Carolina","6/15/20","905","135","37155","14.92"
"Rockingham","3","137","North Carolina","6/15/20","116","21","37157","18.1"
"Rowan","19","901","North Carolina","6/15/20","771","130","37159","16.86"
"Rutherford","4","226","North Carolina","6/15/20","200","26","37161","13"
"Sampson","23","779","North Carolina","6/15/20","621","158","37163","25.44"
"Scotland","2","111","North Carolina","6/15/20","98","13","37165","13.27"
"Stanly","7","164","North Carolina","6/15/20","118","46","37167","38.98"
"Stokes","1","95","North Carolina","6/15/20","86","9","37169","10.47"
"Surry","9","339","North Carolina","6/15/20","279","60","37171","21.51"
"Swain","2","39","North Carolina","6/15/20","25","14","37173","56"
"Transylvania","0","17","North Carolina","6/15/20","16","1","37175","6.25"
"Tyrrell","0","5","North Carolina","6/15/20","4","1","37177","25"
"Union","20","733","North Carolina","6/15/20","592","141","37179","23.82"
"Vance","7","417","North Carolina","6/15/20","370","47","37181","12.7"
"Wake","114","3099","North Carolina","6/15/20","2300","799","37183","34.74"
"Warren","6","133","North Carolina","6/15/20","93","40","37185","43.01"
"Washington","0","35","North Carolina","6/15/20","32","3","37187","9.38"
"Watauga","0","44","North Carolina","6/15/20","41","3","37189","7.32"
"Wayne","28","1533","North Carolina","6/15/20","1335","198","37191","14.83"
"Wilkes","5","544","North Carolina","6/15/20","511","33","37193","6.46"
"Wilson","10","518","North Carolina","6/15/20","445","73","37195","16.4"
"Yadkin","4","248","North Carolina","6/15/20","217","31","37197","14.29"
"Yancey","1","27","North Carolina","6/15/20","21","6","37199","28.57"
"Barnes","0","9","North Dakota","6/15/20","9","0","38003","0"
"Benson","0","3","North Dakota","6/15/20","2","1","38005","50"
"Bottineau","0","4","North Dakota","6/15/20","3","1","38009","33.33"
"Bowman","0","1","North Dakota","6/15/20","1","0","38011","0"
"Burke","0","5","North Dakota","6/15/20","5","0","38013","0"
"Burleigh","3","167","North Dakota","6/15/20","143","24","38015","16.78"
"Cass","20","2058","North Dakota","6/15/20","1917","141","38017","7.36"
"Dickey","0","3","North Dakota","6/15/20","1","2","38021","200"
"Divide","0","1","North Dakota","6/15/20","1","0","38023","0"
"Dunn","0","11","North Dakota","6/15/20","11","0","38025","0"
"Eddy","0","5","North Dakota","6/15/20","5","0","38027","0"
"Emmons","0","4","North Dakota","6/15/20","4","0","38029","0"
"Foster","0","1","North Dakota","6/15/20","1","0","38031","0"
"Grand Forks","1","345","North Dakota","6/15/20","339","6","38035","1.77"
"Grant","0","2","North Dakota","6/15/20","2","0","38037","0"
"Griggs","0","1","North Dakota","6/15/20","1","0","38039","0"
"Kidder","0","2","North Dakota","6/15/20","0","2","38043","1"
"LaMoure","1","10","North Dakota","6/15/20","1","9","38045","900"
"McHenry","0","2","North Dakota","6/15/20","2","0","38049","0"
"McIntosh","0","1","North Dakota","6/15/20","1","0","38051","0"
"McKenzie","0","21","North Dakota","6/15/20","18","3","38053","16.67"
"McLean","0","10","North Dakota","6/15/20","7","3","38055","42.86"
"Mercer","0","6","North Dakota","6/15/20","6","0","38057","0"
"Morton","1","67","North Dakota","6/15/20","60","7","38059","11.67"
"Mountrail","0","43","North Dakota","6/15/20","43","0","38061","0"
"Nelson","0","1","North Dakota","6/15/20","1","0","38063","0"
"Oliver","0","1","North Dakota","6/15/20","1","0","38065","0"
"Pembina","0","7","North Dakota","6/15/20","6","1","38067","16.67"
"Pierce","0","3","North Dakota","6/15/20","3","0","38069","0"
"Ramsey","0","8","North Dakota","6/15/20","8","0","38071","0"
"Ransom","0","12","North Dakota","6/15/20","11","1","38073","9.09"
"Renville","0","3","North Dakota","6/15/20","3","0","38075","0"
"Richland","1","37","North Dakota","6/15/20","28","9","38077","32.14"
"Rolette","0","7","North Dakota","6/15/20","6","1","38079","16.67"
"Sargent","0","4","North Dakota","6/15/20","4","0","38081","0"
"Sheridan","0","1","North Dakota","6/15/20","1","0","38083","0"
"Sioux","0","4","North Dakota","6/15/20","2","2","38085","100"
"Slope","0","3","North Dakota","6/15/20","3","0","38087","0"
"Stark","0","63","North Dakota","6/15/20","62","1","38089","1.61"
"Steele","0","1","North Dakota","6/15/20","1","0","38091","0"
"Stutsman","0","52","North Dakota","6/15/20","50","2","38093","4"
"Traill","0","15","North Dakota","6/15/20","14","1","38097","7.14"
"Walsh","0","16","North Dakota","6/15/20","16","0","38099","0"
"Ward","0","47","North Dakota","6/15/20","44","3","38101","6.82"
"Wells","0","8","North Dakota","6/15/20","8","0","38103","0"
"Williams","0","26","North Dakota","6/15/20","25","1","38105","4"
"","0","30","Northern Mariana Islands","6/15/20","28","2",,"7.14"
"Adams","1","15","Ohio","6/15/20","11","4","39001","36.36"
"Allen","2","241","Ohio","6/15/20","224","17","39003","7.59"
"Ashland","1","28","Ohio","6/15/20","24","4","39005","16.67"
"Ashtabula","2","390","Ohio","6/15/20","374","16","39007","4.28"
"Athens","1","23","Ohio","6/15/20","18","5","39009","27.78"
"Auglaize","1","85","Ohio","6/15/20","80","5","39011","6.25"
"Belmont","2","469","Ohio","6/15/20","453","16","39013","3.53"
"Brown","1","38","Ohio","6/15/20","31","7","39015","22.58"
"Butler","13","1103","Ohio","6/15/20","1013","90","39017","8.88"
"Carroll","0","37","Ohio","6/15/20","36","1","39019","2.78"
"Champaign","0","35","Ohio","6/15/20","34","1","39021","2.94"
"Clark","8","425","Ohio","6/15/20","371","54","39023","14.56"
"Clermont","1","240","Ohio","6/15/20","232","8","39025","3.45"
"Clinton","1","54","Ohio","6/15/20","48","6","39027","12.5"
"Columbiana","3","920","Ohio","6/15/20","899","21","39029","2.34"
"Coshocton","0","51","Ohio","6/15/20","48","3","39031","6.25"
"Crawford","0","123","Ohio","6/15/20","121","2","39033","1.65"
"Cuyahoga","44","5220","Ohio","6/15/20","4910","310","39035","6.31"
"Darke","4","222","Ohio","6/15/20","193","29","39037","15.03"
"Defiance","0","40","Ohio","6/15/20","37","3","39039","8.11"
"Delaware","5","402","Ohio","6/15/20","369","33","39041","8.94"
"Erie","3","213","Ohio","6/15/20","190","23","39043","12.11"
"Fairfield","5","370","Ohio","6/15/20","333","37","39045","11.11"
"Fayette","0","45","Ohio","6/15/20","43","2","39047","4.65"
"Franklin","88","7202","Ohio","6/15/20","6586","616","39049","9.35"
"Fulton","0","53","Ohio","6/15/20","50","3","39051","6"
"Gallia","0","9","Ohio","6/15/20","9","0","39053","0"
"Geauga","3","337","Ohio","6/15/20","313","24","39055","7.67"
"Greene","4","143","Ohio","6/15/20","114","29","39057","25.44"
"Guernsey","0","44","Ohio","6/15/20","43","1","39059","2.33"
"Hamilton","51","3250","Ohio","6/15/20","2891","359","39061","12.42"
"Hancock","0","61","Ohio","6/15/20","58","3","39063","5.17"
"Hardin","2","93","Ohio","6/15/20","76","17","39065","22.37"
"Harrison","0","10","Ohio","6/15/20","10","0","39067","0"
"Henry","0","20","Ohio","6/15/20","19","1","39069","5.26"
"Highland","1","34","Ohio","6/15/20","30","4","39071","13.33"
"Hocking","0","73","Ohio","6/15/20","74","-1","39073","-1.35"
"Holmes","3","90","Ohio","6/15/20","69","21","39075","30.43"
"Huron","2","77","Ohio","6/15/20","63","14","39077","22.22"
"Jackson","0","16","Ohio","6/15/20","15","1","39079","6.67"
"Jefferson","0","71","Ohio","6/15/20","69","2","39081","2.9"
"Knox","0","32","Ohio","6/15/20","29","3","39083","10.34"
"Lake","2","348","Ohio","6/15/20","334","14","39085","4.19"
"Lawrence","1","34","Ohio","6/15/20","30","4","39087","13.33"
"Licking","5","314","Ohio","6/15/20","280","34","39089","12.14"
"Logan","0","48","Ohio","6/15/20","46","2","39091","4.35"
"Lorain","7","804","Ohio","6/15/20","755","49","39093","6.49"
"Lucas","15","2457","Ohio","6/15/20","2354","103","39095","4.38"
"Madison","0","168","Ohio","6/15/20","167","1","39097","0.6"
"Mahoning","12","1600","Ohio","6/15/20","1516","84","39099","5.54"
"Marion","2","2706","Ohio","6/15/20","2694","12","39101","0.45"
"Medina","1","398","Ohio","6/15/20","388","10","39103","2.58"
"Meigs","0","6","Ohio","6/15/20","6","0","39105","0"
"Mercer","1","246","Ohio","6/15/20","237","9","39107","3.8"
"Miami","2","388","Ohio","6/15/20","375","13","39109","3.47"
"Monroe","0","82","Ohio","6/15/20","81","1","39111","1.23"
"Montgomery","25","992","Ohio","6/15/20","817","175","39113","21.42"
"Morgan","0","6","Ohio","6/15/20","6","0","39115","0"
"Morrow","0","110","Ohio","6/15/20","108","2","39117","1.85"
"Muskingum","0","58","Ohio","6/15/20","57","1","39119","1.75"
"Noble","0","6","Ohio","6/15/20","6","0","39121","0"
"Ottawa","1","118","Ohio","6/15/20","109","9","39123","8.26"
"Paulding","0","16","Ohio","6/15/20","14","2","39125","14.29"
"Perry","0","23","Ohio","6/15/20","20","3","39127","15"
"Pickaway","3","2126","Ohio","6/15/20","2108","18","39129","0.85"
"Pike","0","9","Ohio","6/15/20","9","0","39131","0"
"Portage","2","353","Ohio","6/15/20","341","12","39133","3.52"
"Preble","1","44","Ohio","6/15/20","39","5","39135","12.82"
"Putnam","1","101","Ohio","6/15/20","97","4","39137","4.12"
"Richland","3","252","Ohio","6/15/20","232","20","39139","8.62"
"Ross","1","79","Ohio","6/15/20","74","5","39141","6.76"
"Sandusky","1","104","Ohio","6/15/20","97","7","39143","7.22"
"Scioto","0","21","Ohio","6/15/20","19","2","39145","10.53"
"Seneca","0","29","Ohio","6/15/20","27","2","39147","7.41"
"Shelby","0","49","Ohio","6/15/20","49","0","39149","0"
"Stark","7","870","Ohio","6/15/20","821","49","39151","5.97"
"Summit","15","1675","Ohio","6/15/20","1571","104","39153","6.62"
"Trumbull","6","658","Ohio","6/15/20","616","42","39155","6.82"
"Tuscarawas","3","405","Ohio","6/15/20","381","24","39157","6.3"
"Union","1","62","Ohio","6/15/20","58","4","39159","6.9"
"Van Wert","1","14","Ohio","6/15/20","8","6","39161","75"
"Vinton","0","22","Ohio","6/15/20","21","1","39163","4.76"
"Warren","13","517","Ohio","6/15/20","427","90","39165","21.08"
"Washington","0","118","Ohio","6/15/20","118","0","39167","0"
"Wayne","1","308","Ohio","6/15/20","300","8","39169","2.67"
"Williams","0","59","Ohio","6/15/20","58","1","39171","1.72"
"Wood","2","321","Ohio","6/15/20","308","13","39173","4.22"
"Wyandot","0","48","Ohio","6/15/20","48","0","39175","0"
"Adair","0","96","Oklahoma","6/15/20","94","2","40001","2.13"
"Alfalfa","0","1","Oklahoma","6/15/20","1","0","40003","0"
"Atoka","1","8","Oklahoma","6/15/20","4","4","40005","100"
"Beaver","0","30","Oklahoma","6/15/20","27","3","40007","11.11"
"Beckham","0","8","Oklahoma","6/15/20","7","1","40009","14.29"
"Blaine","0","12","Oklahoma","6/15/20","9","3","40011","33.33"
"Bryan","2","48","Oklahoma","6/15/20","36","12","40013","33.33"
"Caddo","1","176","Oklahoma","6/15/20","170","6","40015","3.53"
"Canadian","2","156","Oklahoma","6/15/20","142","14","40017","9.86"
"Carter","1","60","Oklahoma","6/15/20","53","7","40019","13.21"
"Cherokee","2","48","Oklahoma","6/15/20","33","15","40021","45.45"
"Choctaw","0","102","Oklahoma","6/15/20","100","2","40023","2"
"Cimarron","0","1","Oklahoma","6/15/20","1","0","40025","0"
"Cleveland","4","552","Oklahoma","6/15/20","524","28","40027","5.34"
"Coal","0","6","Oklahoma","6/15/20","5","1","40029","20"
"Comanche","4","341","Oklahoma","6/15/20","310","31","40031","10"
"Cotton","0","5","Oklahoma","6/15/20","5","0","40033","0"
"Craig","0","16","Oklahoma","6/15/20","16","0","40035","0"
"Creek","1","106","Oklahoma","6/15/20","100","6","40037","6"
"Custer","1","41","Oklahoma","6/15/20","34","7","40039","20.59"
"Delaware","1","109","Oklahoma","6/15/20","102","7","40041","6.86"
"Dewey","0","5","Oklahoma","6/15/20","2","3","40043","150"
"Garfield","2","47","Oklahoma","6/15/20","30","17","40047","56.67"
"Garvin","1","30","Oklahoma","6/15/20","20","10","40049","50"
"Grady","0","118","Oklahoma","6/15/20","115","3","40051","2.61"
"Grant","0","2","Oklahoma","6/15/20","2","0","40053","0"
"Greer","0","66","Oklahoma","6/15/20","66","0","40055","0"
"Harper","0","1","Oklahoma","6/15/20","1","0","40059","0"
"Haskell","0","6","Oklahoma","6/15/20","6","0","40061","0"
"Hughes","0","3","Oklahoma","6/15/20","3","0","40063","0"
"Jackson","0","30","Oklahoma","6/15/20","28","2","40065","7.14"
"Jefferson","0","4","Oklahoma","6/15/20","4","0","40067","0"
"Johnston","0","5","Oklahoma","6/15/20","3","2","40069","66.67"
"Kay","1","65","Oklahoma","6/15/20","59","6","40071","10.17"
"Kingfisher","0","13","Oklahoma","6/15/20","12","1","40073","8.33"
"Kiowa","0","6","Oklahoma","6/15/20","6","0","40075","0"
"Latimer","0","6","Oklahoma","6/15/20","5","1","40077","20"
"Le Flore","1","20","Oklahoma","6/15/20","16","4","40079","25"
"Lincoln","0","24","Oklahoma","6/15/20","23","1","40081","4.35"
"Logan","1","25","Oklahoma","6/15/20","21","4","40083","19.05"
"Love","1","25","Oklahoma","6/15/20","17","8","40085","47.06"
"Major","0","6","Oklahoma","6/15/20","6","0","40093","0"
"Marshall","1","16","Oklahoma","6/15/20","11","5","40095","45.45"
"Mayes","3","56","Oklahoma","6/15/20","34","22","40097","64.71"
"McClain","1","116","Oklahoma","6/15/20","110","6","40087","5.45"
"McCurtain","8","151","Oklahoma","6/15/20","97","54","40089","55.67"
"McIntosh","0","16","Oklahoma","6/15/20","14","2","40091","14.29"
"Murray","1","11","Oklahoma","6/15/20","6","5","40099","83.33"
"Muskogee","2","79","Oklahoma","6/15/20","64","15","40101","23.44"
"Noble","1","14","Oklahoma","6/15/20","7","7","40103","100"
"Nowata","0","25","Oklahoma","6/15/20","24","1","40105","4.17"
"Okfuskee","0","6","Oklahoma","6/15/20","5","1","40107","20"
"Oklahoma","37","1643","Oklahoma","6/15/20","1384","259","40109","18.71"
"Okmulgee","0","30","Oklahoma","6/15/20","27","3","40111","11.11"
"Osage","2","114","Oklahoma","6/15/20","102","12","40113","11.76"
"Ottawa","0","37","Oklahoma","6/15/20","35","2","40115","5.71"
"Pawnee","1","41","Oklahoma","6/15/20","34","7","40117","20.59"
"Payne","8","104","Oklahoma","6/15/20","51","53","40119","103.92"
"Pittsburg","0","43","Oklahoma","6/15/20","42","1","40121","2.38"
"Pontotoc","0","21","Oklahoma","6/15/20","18","3","40123","16.67"
"Pottawatomie","1","72","Oklahoma","6/15/20","64","8","40125","12.5"
"Pushmataha","0","7","Oklahoma","6/15/20","5","2","40127","40"
"Rogers","2","99","Oklahoma","6/15/20","87","12","40131","13.79"
"Seminole","0","31","Oklahoma","6/15/20","30","1","40133","3.33"
"Sequoyah","1","21","Oklahoma","6/15/20","17","4","40135","23.53"
"Stephens","0","45","Oklahoma","6/15/20","44","1","40137","2.27"
"Texas","4","975","Oklahoma","6/15/20","947","28","40139","2.96"
"Tillman","0","23","Oklahoma","6/15/20","23","0","40141","0"
"Tulsa","65","1653","Oklahoma","6/15/20","1196","457","40143","38.21"
"Wagoner","2","171","Oklahoma","6/15/20","156","15","40145","9.62"
"Washington","1","350","Oklahoma","6/15/20","340","10","40147","2.94"
"Washita","0","2","Oklahoma","6/15/20","2","0","40149","0"
"Woods","0","5","Oklahoma","6/15/20","4","1","40151","25"
"Woodward","1","11","Oklahoma","6/15/20","7","4","40153","57.14"
"Baker","0","1","Oregon","6/15/20","1","0","41001","0"
"Benton","0","63","Oregon","6/15/20","62","1","41003","1.61"
"Clackamas","16","488","Oregon","6/15/20","377","111","41005","29.44"
"Clatsop","0","46","Oregon","6/15/20","45","1","41007","2.22"
"Columbia","1","22","Oregon","6/15/20","16","6","41009","37.5"
"Coos","0","32","Oregon","6/15/20","32","0","41011","0"
"Crook","0","8","Oregon","6/15/20","6","2","41013","33.33"
"Curry","0","7","Oregon","6/15/20","7","0","41015","0"
"Deschutes","0","137","Oregon","6/15/20","135","2","41017","1.48"
"Douglas","0","29","Oregon","6/15/20","29","0","41019","0"
"Grant","0","1","Oregon","6/15/20","1","0","41023","0"
"Harney","0","1","Oregon","6/15/20","1","0","41025","0"
"Hood River","3","82","Oregon","6/15/20","59","23","41027","38.98"
"Jackson","2","82","Oregon","6/15/20","71","11","41029","15.49"
"Jefferson","1","68","Oregon","6/15/20","58","10","41031","17.24"
"Josephine","0","23","Oregon","6/15/20","23","0","41033","0"
"Klamath","1","53","Oregon","6/15/20","46","7","41035","15.22"
"Lake","0","5","Oregon","6/15/20","2","3","41037","150"
"Lane","1","89","Oregon","6/15/20","81","8","41039","9.88"
"Lincoln","7","206","Oregon","6/15/20","155","51","41041","32.9"
"Linn","0","126","Oregon","6/15/20","125","1","41043","0.8"
"Malheur","1","38","Oregon","6/15/20","34","4","41045","11.76"
"Marion","17","1179","Oregon","6/15/20","1058","121","41047","11.44"
"Morrow","0","15","Oregon","6/15/20","13","2","41049","15.38"
"Multnomah","36","1556","Oregon","6/15/20","1302","254","41051","19.51"
"Polk","3","127","Oregon","6/15/20","103","24","41053","23.3"
"Sherman","0","1","Oregon","6/15/20","1","0","41055","0"
"Tillamook","0","6","Oregon","6/15/20","6","0","41057","0"
"Umatilla","5","180","Oregon","6/15/20","144","36","41059","25"
"Union","16","121","Oregon","6/15/20","6","115","41061","1916.67"
"Wallowa","0","4","Oregon","6/15/20","3","1","41063","33.33"
"Wasco","1","41","Oregon","6/15/20","35","6","41065","17.14"
"Washington","13","891","Oregon","6/15/20","800","91","41067","11.38"
"Yamhill","1","92","Oregon","6/15/20","85","7","41071","8.24"
"Adams","3","296","Pennsylvania","6/15/20","275","21","42001","7.64"
"Allegheny","11","2086","Pennsylvania","6/15/20","2008","78","42003","3.88"
"Armstrong","0","66","Pennsylvania","6/15/20","65","1","42005","1.54"
"Beaver","1","613","Pennsylvania","6/15/20","603","10","42007","1.66"
"Bedford","1","52","Pennsylvania","6/15/20","45","7","42009","15.56"
"Berks","15","4324","Pennsylvania","6/15/20","4218","106","42011","2.51"
"Blair","0","55","Pennsylvania","6/15/20","53","2","42013","3.77"
"Bradford","0","47","Pennsylvania","6/15/20","46","1","42015","2.17"
"Bucks","23","5439","Pennsylvania","6/15/20","5278","161","42017","3.05"
"Butler","1","257","Pennsylvania","6/15/20","247","10","42019","4.05"
"Cambria","0","61","Pennsylvania","6/15/20","59","2","42021","3.39"
"Cameron","0","2","Pennsylvania","6/15/20","2","0","42023","0"
"Carbon","1","259","Pennsylvania","6/15/20","249","10","42025","4.02"
"Centre","2","171","Pennsylvania","6/15/20","157","14","42027","8.92"
"Chester","30","3315","Pennsylvania","6/15/20","3102","213","42029","6.87"
"Clarion","1","31","Pennsylvania","6/15/20","27","4","42031","14.81"
"Clearfield","2","55","Pennsylvania","6/15/20","44","11","42033","25"
"Clinton","0","64","Pennsylvania","6/15/20","61","3","42035","4.92"
"Columbia","2","380","Pennsylvania","6/15/20","364","16","42037","4.4"
"Crawford","1","36","Pennsylvania","6/15/20","30","6","42039","20"
"Cumberland","9","738","Pennsylvania","6/15/20","672","66","42041","9.82"
"Dauphin","22","1655","Pennsylvania","6/15/20","1499","156","42043","10.41"
"Delaware","32","6921","Pennsylvania","6/15/20","6698","223","42045","3.33"
"Elk","0","6","Pennsylvania","6/15/20","6","0","42047","0"
"Erie","13","468","Pennsylvania","6/15/20","378","90","42049","23.81"
"Fayette","0","95","Pennsylvania","6/15/20","95","0","42051","0"
"Forest","0","7","Pennsylvania","6/15/20","7","0","42053","0"
"Franklin","6","843","Pennsylvania","6/15/20","798","45","42055","5.64"
"Fulton","0","16","Pennsylvania","6/15/20","16","0","42057","0"
"Greene","0","30","Pennsylvania","6/15/20","27","3","42059","11.11"
"Huntingdon","0","239","Pennsylvania","6/15/20","236","3","42061","1.27"
"Indiana","0","93","Pennsylvania","6/15/20","92","1","42063","1.09"
"Jefferson","0","19","Pennsylvania","6/15/20","16","3","42065","18.75"
"Juniata","1","108","Pennsylvania","6/15/20","99","9","42067","9.09"
"Lackawanna","3","1602","Pennsylvania","6/15/20","1584","18","42069","1.14"
"Lancaster","39","3777","Pennsylvania","6/15/20","3503","274","42071","7.82"
"Lawrence","0","87","Pennsylvania","6/15/20","85","2","42073","2.35"
"Lebanon","17","1190","Pennsylvania","6/15/20","1072","118","42075","11.01"
"Lehigh","12","3957","Pennsylvania","6/15/20","3871","86","42077","2.22"
"Luzerne","6","2835","Pennsylvania","6/15/20","2793","42","42079","1.5"
"Lycoming","0","171","Pennsylvania","6/15/20","168","3","42081","1.79"
"McKean","0","13","Pennsylvania","6/15/20","13","0","42083","0"
"Mercer","1","115","Pennsylvania","6/15/20","111","4","42085","3.6"
"Mifflin","0","59","Pennsylvania","6/15/20","59","0","42087","0"
"Monroe","1","1350","Pennsylvania","6/15/20","1341","9","42089","0.67"
"Montgomery","46","7930","Pennsylvania","6/15/20","7610","320","42091","4.2"
"Montour","2","65","Pennsylvania","6/15/20","53","12","42093","22.64"
"Northampton","11","3246","Pennsylvania","6/15/20","3168","78","42095","2.46"
"Northumberland","3","228","Pennsylvania","6/15/20","209","19","42097","9.09"
"Perry","1","72","Pennsylvania","6/15/20","68","4","42099","5.88"
"Philadelphia","112","24475","Pennsylvania","6/15/20","23691","784","42101","3.31"
"Pike","0","482","Pennsylvania","6/15/20","482","0","42103","0"
"Potter","0","13","Pennsylvania","6/15/20","11","2","42105","18.18"
"Schuylkill","5","691","Pennsylvania","6/15/20","657","34","42107","5.18"
"Snyder","1","60","Pennsylvania","6/15/20","55","5","42109","9.09"
"Somerset","0","41","Pennsylvania","6/15/20","39","2","42111","5.13"
"Sullivan","0","3","Pennsylvania","6/15/20","3","0","42113","0"
"Susquehanna","2","171","Pennsylvania","6/15/20","154","17","42115","11.04"
"Tioga","0","20","Pennsylvania","6/15/20","19","1","42117","5.26"
"Union","2","88","Pennsylvania","6/15/20","73","15","42119","20.55"
"Venango","0","17","Pennsylvania","6/15/20","15","2","42121","13.33"
"Warren","0","5","Pennsylvania","6/15/20","5","0","42123","0"
"Washington","1","156","Pennsylvania","6/15/20","149","7","42125","4.7"
"Wayne","0","126","Pennsylvania","6/15/20","124","2","42127","1.61"
"Westmoreland","4","492","Pennsylvania","6/15/20","461","31","42129","6.72"
"Wyoming","0","36","Pennsylvania","6/15/20","35","1","42131","2.86"
"York","12","1169","Pennsylvania","6/15/20","1086","83","42133","7.64"
"","121","5890","Puerto Rico","6/15/20","5046","844",,"16.73"
"Bristol","1","240","Rhode Island","6/15/20","231","9","44001","3.9"
"Kent","3","1128","Rhode Island","6/15/20","1105","23","44003","2.08"
"Newport","1","277","Rhode Island","6/15/20","269","8","44005","2.97"
"Providence","58","12363","Rhode Island","6/15/20","11959","404","44007","3.38"
"Washington","0","516","Rhode Island","6/15/20","513","3","44009","0.58"
"Abbeville","2","70","South Carolina","6/15/20","58","12","45001","20.69"
"Aiken","3","234","South Carolina","6/15/20","212","22","45003","10.38"
"Allendale","0","40","South Carolina","6/15/20","39","1","45005","2.56"
"Anderson","10","347","South Carolina","6/15/20","280","67","45007","23.93"
"Bamberg","2","48","South Carolina","6/15/20","36","12","45009","33.33"
"Barnwell","0","55","South Carolina","6/15/20","54","1","45011","1.85"
"Beaufort","24","615","South Carolina","6/15/20","444","171","45013","38.51"
"Berkeley","18","406","South Carolina","6/15/20","282","124","45015","43.97"
"Calhoun","2","38","South Carolina","6/15/20","22","16","45017","72.73"
"Charleston","51","1165","South Carolina","6/15/20","811","354","45019","43.65"
"Cherokee","3","93","South Carolina","6/15/20","70","23","45021","32.86"
"Chester","2","123","South Carolina","6/15/20","109","14","45023","12.84"
"Chesterfield","6","292","South Carolina","6/15/20","250","42","45025","16.8"
"Clarendon","5","343","South Carolina","6/15/20","306","37","45027","12.09"
"Colleton","8","201","South Carolina","6/15/20","144","57","45029","39.58"
"Darlington","3","353","South Carolina","6/15/20","330","23","45031","6.97"
"Dillon","2","202","South Carolina","6/15/20","189","13","45033","6.88"
"Dorchester","9","276","South Carolina","6/15/20","216","60","45035","27.78"
"Edgefield","1","61","South Carolina","6/15/20","56","5","45037","8.93"
"Fairfield","3","231","South Carolina","6/15/20","211","20","45039","9.48"
"Florence","15","826","South Carolina","6/15/20","724","102","45041","14.09"
"Georgetown","12","181","South Carolina","6/15/20","94","87","45043","92.55"
"Greenville","119","3011","South Carolina","6/15/20","2175","836","45045","38.44"
"Greenwood","18","312","South Carolina","6/15/20","183","129","45047","70.49"
"Hampton","1","50","South Carolina","6/15/20","45","5","45049","11.11"
"Horry","74","1194","South Carolina","6/15/20","676","518","45051","76.63"
"Jasper","1","55","South Carolina","6/15/20","48","7","45053","14.58"
"Kershaw","9","448","South Carolina","6/15/20","384","64","45055","16.67"
"Lancaster","6","248","South Carolina","6/15/20","203","45","45057","22.17"
"Laurens","10","163","South Carolina","6/15/20","92","71","45059","77.17"
"Lee","1","236","South Carolina","6/15/20","229","7","45061","3.06"
"Lexington","44","1184","South Carolina","6/15/20","879","305","45063","34.7"
"Marion","3","105","South Carolina","6/15/20","84","21","45067","25"
"Marlboro","4","237","South Carolina","6/15/20","211","26","45069","12.32"
"McCormick","0","11","South Carolina","6/15/20","11","0","45065","0"
"Newberry","3","105","South Carolina","6/15/20","82","23","45071","28.05"
"Oconee","4","87","South Carolina","6/15/20","61","26","45073","42.62"
"Orangeburg","17","394","South Carolina","6/15/20","273","121","45075","44.32"
"Pickens","14","303","South Carolina","6/15/20","207","96","45077","46.38"
"Richland","66","2257","South Carolina","6/15/20","1794","463","45079","25.81"
"Saluda","2","166","South Carolina","6/15/20","154","12","45081","7.79"
"Spartanburg","26","992","South Carolina","6/15/20","813","179","45083","22.02"
"Sumter","23","633","South Carolina","6/15/20","472","161","45085","34.11"
"Union","1","47","South Carolina","6/15/20","41","6","45087","14.63"
"Williamsburg","4","289","South Carolina","6/15/20","260","29","45089","11.15"
"York","24","651","South Carolina","6/15/20","486","165","45091","33.95"
"Aurora","1","33","South Dakota","6/15/20","29","4","46003","13.79"
"Beadle","9","448","South Dakota","6/15/20","385","63","46005","16.36"
"Bennett","0","1","South Dakota","6/15/20","0","1","46007","1"
"Bon Homme","0","9","South Dakota","6/15/20","8","1","46009","12.5"
"Brookings","2","36","South Dakota","6/15/20","23","13","46011","56.52"
"Brown","2","313","South Dakota","6/15/20","299","14","46013","4.68"
"Brule","1","10","South Dakota","6/15/20","2","8","46015","400"
"Buffalo","4","53","South Dakota","6/15/20","25","28","46017","112"
"Charles Mix","2","32","South Dakota","6/15/20","20","12","46023","60"
"Clark","1","11","South Dakota","6/15/20","4","7","46025","175"
"Clay","4","66","South Dakota","6/15/20","35","31","46027","88.57"
"Codington","0","46","South Dakota","6/15/20","43","3","46029","6.98"
"Corson","1","11","South Dakota","6/15/20","4","7","46031","175"
"Custer","0","2","South Dakota","6/15/20","1","1","46033","100"
"Davison","0","33","South Dakota","6/15/20","30","3","46035","10"
"Day","0","13","South Dakota","6/15/20","13","0","46037","0"
"Deuel","0","1","South Dakota","6/15/20","1","0","46039","0"
"Dewey","0","2","South Dakota","6/15/20","1","1","46041","100"
"Douglas","0","4","South Dakota","6/15/20","4","0","46043","0"
"Edmunds","0","4","South Dakota","6/15/20","4","0","46045","0"
"Fall River","0","6","South Dakota","6/15/20","6","0","46047","0"
"Faulk","3","20","South Dakota","6/15/20","2","18","46049","900"
"Grant","0","13","South Dakota","6/15/20","13","0","46051","0"
"Gregory","0","1","South Dakota","6/15/20","1","0","46053","0"
"Hamlin","1","11","South Dakota","6/15/20","7","4","46057","57.14"
"Hand","0","6","South Dakota","6/15/20","5","1","46059","20"
"Hanson","0","3","South Dakota","6/15/20","3","0","46061","0"
"Hughes","0","22","South Dakota","6/15/20","20","2","46065","10"
"Hutchinson","0","9","South Dakota","6/15/20","6","3","46067","50"
"Hyde","0","3","South Dakota","6/15/20","2","1","46069","50"
"Jackson","0","5","South Dakota","6/15/20","4","1","46071","25"
"Jerauld","0","40","South Dakota","6/15/20","40","0","46073","0"
"Kingsbury","0","5","South Dakota","6/15/20","5","0","46077","0"
"Lake","0","15","South Dakota","6/15/20","13","2","46079","15.38"
"Lawrence","0","12","South Dakota","6/15/20","12","0","46081","0"
"Lincoln","2","270","South Dakota","6/15/20","254","16","46083","6.3"
"Lyman","1","33","South Dakota","6/15/20","24","9","46085","37.5"
"Marshall","0","4","South Dakota","6/15/20","4","0","46091","0"
"McCook","0","8","South Dakota","6/15/20","6","2","46087","33.33"
"McPherson","0","3","South Dakota","6/15/20","2","1","46089","50"
"Meade","2","37","South Dakota","6/15/20","26","11","46093","42.31"
"Mellette","0","1","South Dakota","6/15/20","0","1","46095","1"
"Miner","0","3","South Dakota","6/15/20","3","0","46097","0"
"Minnehaha","11","3485","South Dakota","6/15/20","3409","76","46099","2.23"
"Moody","0","20","South Dakota","6/15/20","19","1","46101","5.26"
"Oglala Lakota","1","46","South Dakota","6/15/20","39","7","46102","17.95"
"Pennington","11","392","South Dakota","6/15/20","314","78","46103","24.84"
"Roberts","0","40","South Dakota","6/15/20","38","2","46109","5.26"
"Sanborn","0","13","South Dakota","6/15/20","13","0","46111","0"
"Spink","0","5","South Dakota","6/15/20","5","0","46115","0"
"Stanley","0","11","South Dakota","6/15/20","10","1","46117","10"
"Sully","0","1","South Dakota","6/15/20","1","0","46119","0"
"Todd","1","47","South Dakota","6/15/20","38","9","46121","23.68"
"Tripp","0","7","South Dakota","6/15/20","6","1","46123","16.67"
"Turner","0","25","South Dakota","6/15/20","25","0","46125","0"
"Union","2","113","South Dakota","6/15/20","100","13","46127","13"
"Walworth","0","5","South Dakota","6/15/20","5","0","46129","0"
"Yankton","0","58","South Dakota","6/15/20","58","0","46135","0"
"Ziebach","0","2","South Dakota","6/15/20","2","0","46137","0"
"Anderson","2","60","Tennessee","6/15/20","48","12","47001","25"
"Bedford","7","379","Tennessee","6/15/20","332","47","47003","14.16"
"Benton","0","8","Tennessee","6/15/20","8","0","47005","0"
"Bledsoe","0","614","Tennessee","6/15/20","614","0","47007","0"
"Blount","2","106","Tennessee","6/15/20","94","12","47009","12.77"
"Bradley","10","288","Tennessee","6/15/20","219","69","47011","31.51"
"Campbell","1","24","Tennessee","6/15/20","18","6","47013","33.33"
"Cannon","0","34","Tennessee","6/15/20","34","0","47015","0"
"Carroll","1","36","Tennessee","6/15/20","28","8","47017","28.57"
"Carter","0","20","Tennessee","6/15/20","19","1","47019","5.26"
"Cheatham","2","155","Tennessee","6/15/20","144","11","47021","7.64"
"Chester","0","12","Tennessee","6/15/20","12","0","47023","0"
"Claiborne","0","15","Tennessee","6/15/20","14","1","47025","7.14"
"Clay","0","11","Tennessee","6/15/20","9","2","47027","22.22"
"Cocke","1","26","Tennessee","6/15/20","21","5","47029","23.81"
"Coffee","2","94","Tennessee","6/15/20","82","12","47031","14.63"
"Crockett","0","18","Tennessee","6/15/20","16","2","47033","12.5"
"Cumberland","1","133","Tennessee","6/15/20","125","8","47035","6.4"
"Davidson","124","6818","Tennessee","6/15/20","5947","871","47037","14.65"
"Decatur","1","14","Tennessee","6/15/20","8","6","47039","75"
"DeKalb","0","41","Tennessee","6/15/20","40","1","47041","2.5"
"Dickson","2","138","Tennessee","6/15/20","125","13","47043","10.4"
"Dyer","5","99","Tennessee","6/15/20","67","32","47045","47.76"
"Fayette","3","177","Tennessee","6/15/20","155","22","47047","14.19"
"Fentress","0","14","Tennessee","6/15/20","12","2","47049","16.67"
"Franklin","1","63","Tennessee","6/15/20","54","9","47051","16.67"
"Gibson","1","69","Tennessee","6/15/20","64","5","47053","7.81"
"Giles","1","23","Tennessee","6/15/20","18","5","47055","27.78"
"Grainger","1","20","Tennessee","6/15/20","16","4","47057","25"
"Greene","0","53","Tennessee","6/15/20","52","1","47059","1.92"
"Grundy","1","36","Tennessee","6/15/20","32","4","47061","12.5"
"Hamblen","2","75","Tennessee","6/15/20","58","17","47063","29.31"
"Hamilton","98","1731","Tennessee","6/15/20","1042","689","47065","66.12"
"Hancock","0","1","Tennessee","6/15/20","2","-1","47067","-50"
"Hardeman","1","220","Tennessee","6/15/20","211","9","47069","4.27"
"Hardin","1","37","Tennessee","6/15/20","31","6","47071","19.35"
"Hawkins","0","34","Tennessee","6/15/20","34","0","47073","0"
"Haywood","0","37","Tennessee","6/15/20","36","1","47075","2.78"
"Henderson","1","19","Tennessee","6/15/20","15","4","47077","26.67"
"Henry","0","35","Tennessee","6/15/20","32","3","47079","9.38"
"Hickman","0","62","Tennessee","6/15/20","62","0","47081","0"
"Houston","0","10","Tennessee","6/15/20","8","2","47083","25"
"Humphreys","0","18","Tennessee","6/15/20","17","1","47085","5.88"
"Jackson","0","20","Tennessee","6/15/20","19","1","47087","5.26"
"Jefferson","2","45","Tennessee","6/15/20","29","16","47089","55.17"
"Johnson","0","25","Tennessee","6/15/20","22","3","47091","13.64"
"Knox","11","560","Tennessee","6/15/20","481","79","47093","16.42"
"Lake","-21","691","Tennessee","6/15/20","835","-144","47095","-17.25"
"Lauderdale","1","65","Tennessee","6/15/20","60","5","47097","8.33"
"Lawrence","4","65","Tennessee","6/15/20","40","25","47099","62.5"
"Lewis","0","6","Tennessee","6/15/20","4","2","47101","50"
"Lincoln","2","47","Tennessee","6/15/20","32","15","47103","46.88"
"Loudon","4","199","Tennessee","6/15/20","170","29","47105","17.06"
"Macon","4","207","Tennessee","6/15/20","181","26","47111","14.36"
"Madison","1","184","Tennessee","6/15/20","179","5","47113","2.79"
"Marion","1","49","Tennessee","6/15/20","45","4","47115","8.89"
"Marshall","1","41","Tennessee","6/15/20","36","5","47117","13.89"
"Maury","7","163","Tennessee","6/15/20","116","47","47119","40.52"
"McMinn","2","168","Tennessee","6/15/20","153","15","47107","9.8"
"McNairy","1","31","Tennessee","6/15/20","24","7","47109","29.17"
"Meigs","0","29","Tennessee","6/15/20","27","2","47121","7.41"
"Monroe","1","86","Tennessee","6/15/20","76","10","47123","13.16"
"Montgomery","5","339","Tennessee","6/15/20","301","38","47125","12.62"
"Moore","0","5","Tennessee","6/15/20","5","0","47127","0"
"Morgan","0","20","Tennessee","6/15/20","19","1","47129","5.26"
"Obion","1","63","Tennessee","6/15/20","56","7","47131","12.5"
"Out of TN","5","463","Tennessee","6/15/20","426","37","80047","8.69"
"Overton","0","38","Tennessee","6/15/20","35","3","47133","8.57"
"Perry","0","27","Tennessee","6/15/20","24","3","47135","12.5"
"Pickett","0","4","Tennessee","6/15/20","4","0","47137","0"
"Polk","1","29","Tennessee","6/15/20","23","6","47139","26.09"
"Putnam","8","610","Tennessee","6/15/20","552","58","47141","10.51"
"Rhea","3","239","Tennessee","6/15/20","221","18","47143","8.14"
"Roane","2","33","Tennessee","6/15/20","21","12","47145","57.14"
"Robertson","12","649","Tennessee","6/15/20","567","82","47147","14.46"
"Rutherford","36","1775","Tennessee","6/15/20","1522","253","47149","16.62"
"Scott","0","14","Tennessee","6/15/20","14","0","47151","0"
"Sequatchie","0","22","Tennessee","6/15/20","21","1","47153","4.76"
"Sevier","17","248","Tennessee","6/15/20","129","119","47155","92.25"
"Shelby","136","6954","Tennessee","6/15/20","6005","949","47157","15.8"
"Smith","1","41","Tennessee","6/15/20","37","4","47159","10.81"
"Stewart","0","16","Tennessee","6/15/20","15","1","47161","6.67"
"Sullivan","1","70","Tennessee","6/15/20","62","8","47163","12.9"
"Sumner","17","1105","Tennessee","6/15/20","987","118","47165","11.96"
"Tipton","6","520","Tennessee","6/15/20","480","40","47167","8.33"
"Trousdale","9","1458","Tennessee","6/15/20","1397","61","47169","4.37"
"Unicoi","0","53","Tennessee","6/15/20","52","1","47171","1.92"
"Union","1","8","Tennessee","6/15/20","4","4","47173","100"
"Van Buren","0","5","Tennessee","6/15/20","4","1","47175","25"
"Warren","0","33","Tennessee","6/15/20","31","2","47177","6.45"
"Washington","1","90","Tennessee","6/15/20","86","4","47179","4.65"
"Wayne","0","64","Tennessee","6/15/20","64","0","47181","0"
"Weakley","1","30","Tennessee","6/15/20","26","4","47183","15.38"
"White","1","48","Tennessee","6/15/20","43","5","47185","11.63"
"Williamson","10","703","Tennessee","6/15/20","630","73","47187","11.59"
"Wilson","6","518","Tennessee","6/15/20","477","41","47189","8.6"
"Anderson","2","102","Texas","6/15/20","88","14","48001","15.91"
"Andrews","0","28","Texas","6/15/20","27","1","48003","3.7"
"Angelina","10","309","Texas","6/15/20","237","72","48005","30.38"
"Aransas","0","6","Texas","6/15/20","5","1","48007","20"
"Archer","0","3","Texas","6/15/20","2","1","48009","50"
"Armstrong","0","2","Texas","6/15/20","3","-1","48011","-33.33"
"Atascosa","0","42","Texas","6/15/20","42","0","48013","0"
"Austin","1","34","Texas","6/15/20","29","5","48015","17.24"
"Bailey","1","34","Texas","6/15/20","26","8","48017","30.77"
"Bandera","0","7","Texas","6/15/20","6","1","48019","16.67"
"Bastrop","6","295","Texas","6/15/20","255","40","48021","15.69"
"Baylor","0","1","Texas","6/15/20","1","0","48023","0"
"Bee","1","31","Texas","6/15/20","22","9","48025","40.91"
"Bell","26","629","Texas","6/15/20","446","183","48027","41.03"
"Bexar","155","4393","Texas","6/15/20","3311","1082","48029","32.68"
"Blanco","0","11","Texas","6/15/20","11","0","48031","0"
"Bosque","0","7","Texas","6/15/20","7","0","48035","0"
"Bowie","5","372","Texas","6/15/20","336","36","48037","10.71"
"Brazoria","-18","864","Texas","6/15/20","990","-126","48039","-12.73"
"Brazos","25","803","Texas","6/15/20","626","177","48041","28.27"
"Brewster","1","11","Texas","6/15/20","1","10","48043","1000"
"Briscoe","0","1","Texas","6/15/20","1","0","48045","0"
"Brooks","0","2","Texas","6/15/20","1","1","48047","100"
"Brown","0","60","Texas","6/15/20","59","1","48049","1.69"
"Burleson","1","41","Texas","6/15/20","32","9","48051","28.12"
"Burnet","1","62","Texas","6/15/20","54","8","48053","14.81"
"Caldwell","10","147","Texas","6/15/20","77","70","48055","90.91"
"Calhoun","1","46","Texas","6/15/20","39","7","48057","17.95"
"Callahan","0","13","Texas","6/15/20","10","3","48059","30"
"Cameron","35","1138","Texas","6/15/20","892","246","48061","27.58"
"Camp","2","108","Texas","6/15/20","92","16","48063","17.39"
"Carson","0","6","Texas","6/15/20","6","0","48065","0"
"Cass","0","34","Texas","6/15/20","31","3","48067","9.68"
"Castro","1","42","Texas","6/15/20","35","7","48069","20"
"Chambers","4","109","Texas","6/15/20","79","30","48071","37.97"
"Cherokee","0","54","Texas","6/15/20","52","2","48073","3.85"
"Childress","1","6","Texas","6/15/20","2","4","48075","200"
"Clay","0","5","Texas","6/15/20","5","0","48077","0"
"Cochran","0","1","Texas","6/15/20","1","0","48079","0"
"Coke","0","4","Texas","6/15/20","1","3","48081","300"
"Coleman","0","3","Texas","6/15/20","3","0","48083","0"
"Collin","31","1667","Texas","6/15/20","1447","220","48085","15.2"
"Collingsworth","0","5","Texas","6/15/20","5","0","48087","0"
"Colorado","1","34","Texas","6/15/20","24","10","48089","41.67"
"Comal","6","159","Texas","6/15/20","117","42","48091","35.9"
"Comanche","0","12","Texas","6/15/20","12","0","48093","0"
"Concho","0","1","Texas","6/15/20","1","0","48095","0"
"Cooke","0","23","Texas","6/15/20","20","3","48097","15"
"Coryell","2","300","Texas","6/15/20","289","11","48099","3.81"
"Cottle","0","4","Texas","6/15/20","4","0","48101","0"
"Crane","1","32","Texas","6/15/20","27","5","48103","18.52"
"Crockett","1","5","Texas","6/15/20","1","4","48105","400"
"Crosby","0","4","Texas","6/15/20","3","1","48107","33.33"
"Dallam","1","35","Texas","6/15/20","27","8","48111","29.63"
"Dallas","313","14537","Texas","6/15/20","12347","2190","48113","17.74"
"Dawson","0","45","Texas","6/15/20","45","0","48115","0"
"Deaf Smith","5","212","Texas","6/15/20","176","36","48117","20.45"
"Delta","0","2","Texas","6/15/20","2","0","48119","0"
"Denton","34","1736","Texas","6/15/20","1500","236","48121","15.73"
"DeWitt","1","28","Texas","6/15/20","18","10","48123","55.56"
"Dickens","0","2","Texas","6/15/20","1","1","48125","100"
"Dimmit","0","1","Texas","6/15/20","1","0","48127","0"
"Donley","0","28","Texas","6/15/20","27","1","48129","3.7"
"Duval","0","5","Texas","6/15/20","5","0","48131","0"
"Eastland","0","7","Texas","6/15/20","7","0","48133","0"
"Ector","7","238","Texas","6/15/20","187","51","48135","27.27"
"El Paso","76","3911","Texas","6/15/20","3376","535","48141","15.85"
"Ellis","9","448","Texas","6/15/20","388","60","48139","15.46"
"Erath","1","36","Texas","6/15/20","26","10","48143","38.46"
"Falls","1","17","Texas","6/15/20","11","6","48145","54.55"
"Fannin","2","54","Texas","6/15/20","43","11","48147","25.58"
"Fayette","1","44","Texas","6/15/20","38","6","48149","15.79"
"Fisher","0","2","Texas","6/15/20","2","0","48151","0"
"Floyd","0","16","Texas","6/15/20","16","0","48153","0"
"Fort Bend","38","2385","Texas","6/15/20","2117","268","48157","12.66"
"Franklin","1","27","Texas","6/15/20","19","8","48159","42.11"
"Freestone","1","15","Texas","6/15/20","11","4","48161","36.36"
"Frio","5","79","Texas","6/15/20","46","33","48163","71.74"
"Gaines","1","14","Texas","6/15/20","8","6","48165","75"
"Galveston","37","1255","Texas","6/15/20","994","261","48167","26.26"
"Garza","0","6","Texas","6/15/20","6","0","48169","0"
"Gillespie","0","6","Texas","6/15/20","5","1","48171","20"
"Glasscock","0","2","Texas","6/15/20","1","1","48173","100"
"Goliad","0","7","Texas","6/15/20","7","0","48175","0"
"Gonzales","2","166","Texas","6/15/20","151","15","48177","9.93"
"Gray","1","111","Texas","6/15/20","104","7","48179","6.73"
"Grayson","9","438","Texas","6/15/20","377","61","48181","16.18"
"Gregg","3","278","Texas","6/15/20","257","21","48183","8.17"
"Grimes","5","274","Texas","6/15/20","241","33","48185","13.69"
"Guadalupe","3","171","Texas","6/15/20","147","24","48187","16.33"
"Hale","3","85","Texas","6/15/20","61","24","48189","39.34"
"Hall","0","2","Texas","6/15/20","2","0","48191","0"
"Hamilton","0","11","Texas","6/15/20","9","2","48193","22.22"
"Hansford","0","21","Texas","6/15/20","20","1","48195","5"
"Hardeman","0","4","Texas","6/15/20","3","1","48197","33.33"
"Hardin","1","146","Texas","6/15/20","142","4","48199","2.82"
"Harris","338","17282","Texas","6/15/20","14918","2364","48201","15.85"
"Harrison","2","270","Texas","6/15/20","256","14","48203","5.47"
"Hartley","0","13","Texas","6/15/20","12","1","48205","8.33"
"Haskell","0","4","Texas","6/15/20","3","1","48207","33.33"
"Hays","41","673","Texas","6/15/20","385","288","48209","74.81"
"Hemphill","0","1","Texas","6/15/20","1","0","48211","0"
"Henderson","2","80","Texas","6/15/20","68","12","48213","17.65"
"Hidalgo","45","1050","Texas","6/15/20","733","317","48215","43.25"
"Hill","1","36","Texas","6/15/20","29","7","48217","24.14"
"Hockley","0","28","Texas","6/15/20","27","1","48219","3.7"
"Hood","1","35","Texas","6/15/20","31","4","48221","12.9"
"Hopkins","2","41","Texas","6/15/20","30","11","48223","36.67"
"Houston","1","156","Texas","6/15/20","151","5","48225","3.31"
"Howard","1","18","Texas","6/15/20","9","9","48227","100"
"Hudspeth","1","13","Texas","6/15/20","4","9","48229","225"
"Hunt","9","185","Texas","6/15/20","121","64","48231","52.89"
"Hutchinson","0","45","Texas","6/15/20","44","1","48233","2.27"
"Irion","0","1","Texas","6/15/20","1","0","48235","0"
"Jack","0","4","Texas","6/15/20","4","0","48237","0"
"Jackson","0","21","Texas","6/15/20","19","2","48239","10.53"
"Jasper","0","32","Texas","6/15/20","30","2","48241","6.67"
"Jefferson","88","1242","Texas","6/15/20","627","615","48245","98.09"
"Jim Hogg","0","4","Texas","6/15/20","4","0","48247","0"
"Jim Wells","1","18","Texas","6/15/20","13","5","48249","38.46"
"Johnson","4","232","Texas","6/15/20","202","30","48251","14.85"
"Jones","-1","631","Texas","6/15/20","637","-6","48253","-0.94"
"Karnes","0","4","Texas","6/15/20","4","0","48255","0"
"Kaufman","9","330","Texas","6/15/20","269","61","48257","22.68"
"Kendall","0","36","Texas","6/15/20","33","3","48259","9.09"
"Kerr","0","20","Texas","6/15/20","20","0","48265","0"
"Kimble","0","1","Texas","6/15/20","1","0","48267","0"
"Kinney","0","1","Texas","6/15/20","1","0","48271","0"
"Kleberg","0","20","Texas","6/15/20","18","2","48273","11.11"
"Knox","0","1","Texas","6/15/20","1","0","48275","0"
"La Salle","0","4","Texas","6/15/20","4","0","48283","0"
"Lamar","2","165","Texas","6/15/20","154","11","48277","7.14"
"Lamb","0","18","Texas","6/15/20","17","1","48279","5.88"
"Lampasas","0","9","Texas","6/15/20","9","0","48281","0"
"Lavaca","0","22","Texas","6/15/20","19","3","48285","15.79"
"Lee","1","35","Texas","6/15/20","26","9","48287","34.62"
"Leon","0","11","Texas","6/15/20","11","0","48289","0"
"Liberty","3","127","Texas","6/15/20","103","24","48291","23.3"
"Limestone","1","39","Texas","6/15/20","32","7","48293","21.88"
"Lipscomb","0","7","Texas","6/15/20","5","2","48295","40"
"Live Oak","0","9","Texas","6/15/20","9","0","48297","0"
"Llano","0","4","Texas","6/15/20","3","1","48299","33.33"
"Lubbock","16","857","Texas","6/15/20","747","110","48303","14.73"
"Lynn","2","19","Texas","6/15/20","8","11","48305","137.5"
"Madison","1","20","Texas","6/15/20","10","10","48313","100"
"Marion","1","21","Texas","6/15/20","17","4","48315","23.53"
"Martin","0","4","Texas","6/15/20","3","1","48317","33.33"
"Mason","0","33","Texas","6/15/20","32","1","48319","3.12"
"Matagorda","1","81","Texas","6/15/20","77","4","48321","5.19"
"Maverick","4","160","Texas","6/15/20","133","27","48323","20.3"
"McCulloch","0","3","Texas","6/15/20","3","0","48307","0"
"McLennan","5","163","Texas","6/15/20","129","34","48309","26.36"
"Medina","1","221","Texas","6/15/20","216","5","48325","2.31"
"Midland","7","201","Texas","6/15/20","155","46","48329","29.68"
"Milam","1","44","Texas","6/15/20","35","9","48331","25.71"
"Mills","0","1","Texas","6/15/20","1","0","48333","0"
"Mitchell","0","2","Texas","6/15/20","1","1","48335","100"
"Montague","0","9","Texas","6/15/20","9","0","48337","0"
"Montgomery","30","1300","Texas","6/15/20","1090","210","48339","19.27"
"Moore","3","873","Texas","6/15/20","852","21","48341","2.46"
"Morris","1","31","Texas","6/15/20","27","4","48343","14.81"
"Motley","0","1","Texas","6/15/20","1","0","48345","0"
"Nacogdoches","3","324","Texas","6/15/20","304","20","48347","6.58"
"Navarro","3","87","Texas","6/15/20","66","21","48349","31.82"
"Newton","0","6","Texas","6/15/20","6","0","48351","0"
"Nolan","-1","4","Texas","6/15/20","9","-5","48353","-55.56"
"Nueces","7","336","Texas","6/15/20","289","47","48355","16.26"
"Ochiltree","0","53","Texas","6/15/20","51","2","48357","3.92"
"Oldham","0","4","Texas","6/15/20","4","0","48359","0"
"Orange","1","106","Texas","6/15/20","100","6","48361","6"
"Palo Pinto","0","14","Texas","6/15/20","13","1","48363","7.69"
"Panola","1","221","Texas","6/15/20","214","7","48365","3.27"
"Parker","3","112","Texas","6/15/20","92","20","48367","21.74"
"Parmer","4","120","Texas","6/15/20","89","31","48369","34.83"
"Pecos","0","107","Texas","6/15/20","105","2","48371","1.9"
"Polk","1","65","Texas","6/15/20","61","4","48373","6.56"
"Potter","4","2785","Texas","6/15/20","2756","29","48375","1.05"
"Presidio","0","2","Texas","6/15/20","2","0","48377","0"
"Rains","0","5","Texas","6/15/20","4","1","48379","25"
"Randall","3","751","Texas","6/15/20","728","23","48381","3.16"
"Reagan","0","2","Texas","6/15/20","2","0","48383","0"
"Real","0","1","Texas","6/15/20","1","0","48385","0"
"Red River","2","93","Texas","6/15/20","79","14","48387","17.72"
"Reeves","1","12","Texas","6/15/20","8","4","48389","50"
"Refugio","0","5","Texas","6/15/20","3","2","48391","66.67"
"Roberts","0","2","Texas","6/15/20","2","0","48393","0"
"Robertson","0","17","Texas","6/15/20","16","1","48395","6.25"
"Rockwall","4","233","Texas","6/15/20","202","31","48397","15.35"
"Runnels","0","2","Texas","6/15/20","3","-1","48399","-33.33"
"Rusk","9","128","Texas","6/15/20","64","64","48401","100"
"Sabine","0","15","Texas","6/15/20","15","0","48403","0"
"San Augustine","1","55","Texas","6/15/20","45","10","48405","22.22"
"San Jacinto","0","20","Texas","6/15/20","17","3","48407","17.65"
"San Patricio","0","41","Texas","6/15/20","39","2","48409","5.13"
"San Saba","0","2","Texas","6/15/20","1","1","48411","100"
"Schleicher","0","1","Texas","6/15/20","0","1","48413","1"
"Scurry","0","28","Texas","6/15/20","26","2","48415","7.69"
"Shackelford","0","1","Texas","6/15/20","1","0","48417","0"
"Shelby","2","230","Texas","6/15/20","213","17","48419","7.98"
"Sherman","0","28","Texas","6/15/20","28","0","48421","0"
"Smith","7","271","Texas","6/15/20","223","48","48423","21.52"
"Somervell","0","2","Texas","6/15/20","0","2","48425","1"
"Starr","10","127","Texas","6/15/20","59","68","48427","115.25"
"Stephens","0","5","Texas","6/15/20","4","1","48429","25"
"Swisher","0","21","Texas","6/15/20","18","3","48437","16.67"
"Tarrant","169","7334","Texas","6/15/20","6150","1184","48439","19.25"
"Taylor","1","255","Texas","6/15/20","246","9","48441","3.66"
"Terry","0","13","Texas","6/15/20","13","0","48445","0"
"Throckmorton","0","1","Texas","6/15/20","1","0","48447","0"
"Titus","12","714","Texas","6/15/20","629","85","48449","13.51"
"Tom Green","8","164","Texas","6/15/20","111","53","48451","47.75"
"Travis","121","4545","Texas","6/15/20","3697","848","48453","22.94"
"Trinity","0","22","Texas","6/15/20","20","2","48455","10"
"Tyler","0","16","Texas","6/15/20","16","0","48457","0"
"Upshur","1","38","Texas","6/15/20","31","7","48459","22.58"
"Upton","0","1","Texas","6/15/20","0","1","48461","1"
"Uvalde","1","26","Texas","6/15/20","18","8","48463","44.44"
"Val Verde","2","36","Texas","6/15/20","25","11","48465","44"
"Van Zandt","1","46","Texas","6/15/20","39","7","48467","17.95"
"Victoria","4","199","Texas","6/15/20","170","29","48469","17.06"
"Walker","4","1878","Texas","6/15/20","1851","27","48471","1.46"
"Waller","3","90","Texas","6/15/20","72","18","48473","25"
"Ward","0","4","Texas","6/15/20","1","3","48475","300"
"Washington","2","218","Texas","6/15/20","207","11","48477","5.31"
"Webb","12","675","Texas","6/15/20","594","81","48479","13.64"
"Wharton","3","94","Texas","6/15/20","76","18","48481","23.68"
"Wheeler","0","15","Texas","6/15/20","15","0","48483","0"
"Wichita","2","99","Texas","6/15/20","87","12","48485","13.79"
"Wilbarger","0","7","Texas","6/15/20","7","0","48487","0"
"Willacy","3","59","Texas","6/15/20","37","22","48489","59.46"
"Williamson","37","960","Texas","6/15/20","698","262","48491","37.54"
"Wilson","1","52","Texas","6/15/20","45","7","48493","15.56"
"Winkler","0","4","Texas","6/15/20","3","1","48495","33.33"
"Wise","1","56","Texas","6/15/20","52","4","48497","7.69"
"Wood","1","53","Texas","6/15/20","49","4","48499","8.16"
"Yoakum","1","9","Texas","6/15/20","3","6","48501","200"
"Young","1","15","Texas","6/15/20","6","9","48503","150"
"Zapata","0","15","Texas","6/15/20","12","3","48505","25"
"Zavala","0","13","Texas","6/15/20","12","1","48507","8.33"
"Bear River","35","1009","Utah","6/15/20","767","242","00000","31.55"
"Central Utah","4","77","Utah","6/15/20","51","26","00000","50.98"
"Davis","15","672","Utah","6/15/20","564","108","49011","19.15"
"Salt Lake","167","7468","Utah","6/15/20","6296","1172","49035","18.61"
"San Juan","4","363","Utah","6/15/20","333","30","49037","9.01"
"Southeast Utah","0","29","Utah","6/15/20","26","3","00000","11.54"
"Southwest Utah","27","827","Utah","6/15/20","637","190","00000","29.83"
"Summit","1","447","Utah","6/15/20","437","10","49043","2.29"
"Tooele","3","170","Utah","6/15/20","150","20","49045","13.33"
"TriCounty","1","30","Utah","6/15/20","22","8","00000","36.36"
"Utah","49","2654","Utah","6/15/20","2310","344","49049","14.89"
"Wasatch","3","351","Utah","6/15/20","332","19","49051","5.72"
"Weber-Morgan","16","511","Utah","6/15/20","397","114","00000","28.72"
"Addison","0","66","Vermont","6/15/20","65","1","50001","1.54"
"Bennington","0","67","Vermont","6/15/20","66","1","50003","1.52"
"Caledonia","0","16","Vermont","6/15/20","16","0","50005","0"
"Chittenden","6","570","Vermont","6/15/20","528","42","50007","7.95"
"Essex","0","3","Vermont","6/15/20","3","0","50009","0"
"Franklin","0","102","Vermont","6/15/20","100","2","50011","2"
"Grand Isle","0","8","Vermont","6/15/20","7","1","50013","14.29"
"Lamoille","0","29","Vermont","6/15/20","29","0","50015","0"
"Orange","0","9","Vermont","6/15/20","9","0","50017","0"
"Orleans","0","13","Vermont","6/15/20","13","0","50019","0"
"Rutland","0","59","Vermont","6/15/20","57","2","50021","3.51"
"Washington","0","41","Vermont","6/15/20","39","2","50023","5.13"
"Windham","0","85","Vermont","6/15/20","83","2","50025","2.41"
"Windsor","0","55","Vermont","6/15/20","55","0","50027","0"
"","0","72","Virgin Islands","6/15/20","71","1",,"1.41"
"Accomack","2","996","Virginia","6/15/20","983","13","51001","1.32"
"Albemarle","5","290","Virginia","6/15/20","255","35","51003","13.73"
"Alexandria","8","2160","Virginia","6/15/20","2102","58","51510","2.76"
"Alleghany","0","28","Virginia","6/15/20","26","2","51005","7.69"
"Amelia","1","39","Virginia","6/15/20","32","7","51007","21.88"
"Amherst","0","27","Virginia","6/15/20","27","0","51009","0"
"Appomattox","0","34","Virginia","6/15/20","33","1","51011","3.03"
"Arlington","13","2346","Virginia","6/15/20","2256","90","51013","3.99"
"Augusta","1","146","Virginia","6/15/20","136","10","51015","7.35"
"Bedford","2","91","Virginia","6/15/20","79","12","51019","15.19"
"Botetourt","1","47","Virginia","6/15/20","40","7","51023","17.5"
"Bristol","0","4","Virginia","6/15/20","4","0","51520","0"
"Brunswick","1","46","Virginia","6/15/20","41","5","51025","12.2"
"Buchanan","0","18","Virginia","6/15/20","18","0","51027","0"
"Buckingham","6","521","Virginia","6/15/20","481","40","51029","8.32"
"Buena Vista","0","12","Virginia","6/15/20","13","-1","51530","-7.69"
"Campbell","1","25","Virginia","6/15/20","20","5","51031","25"
"Caroline","3","111","Virginia","6/15/20","93","18","51033","19.35"
"Carroll","5","173","Virginia","6/15/20","141","32","51035","22.7"
"Charles City","1","32","Virginia","6/15/20","28","4","51036","14.29"
"Charlotte","0","30","Virginia","6/15/20","28","2","51037","7.14"
"Charlottesville","2","154","Virginia","6/15/20","139","15","51540","10.79"
"Chesapeake","11","672","Virginia","6/15/20","596","76","51550","12.75"
"Chesterfield","47","2194","Virginia","6/15/20","1866","328","51041","17.58"
"Clarke","0","38","Virginia","6/15/20","35","3","51043","8.57"
"Colonial Heights","2","115","Virginia","6/15/20","101","14","51570","13.86"
"Covington","0","4","Virginia","6/15/20","4","0","51580","0"
"Craig","0","6","Virginia","6/15/20","6","0","51045","0"
"Culpeper","2","783","Virginia","6/15/20","767","16","51047","2.09"
"Cumberland","1","49","Virginia","6/15/20","45","4","51049","8.89"
"Danville","1","66","Virginia","6/15/20","60","6","51590","10"
"Dinwiddie","2","110","Virginia","6/15/20","98","12","51053","12.24"
"Emporia","1","98","Virginia","6/15/20","89","9","51595","10.11"
"Essex","0","53","Virginia","6/15/20","53","0","51057","0"
"Fairfax","70","13092","Virginia","6/15/20","12603","489","51059","3.88"
"Fairfax City","0","67","Virginia","6/15/20","69","-2","51600","-2.9"
"Falls Church","0","56","Virginia","6/15/20","56","0","51610","0"
"Fauquier","3","386","Virginia","6/15/20","363","23","51061","6.34"
"Floyd","0","10","Virginia","6/15/20","8","2","51063","25"
"Fluvanna","1","102","Virginia","6/15/20","95","7","51065","7.37"
"Franklin","0","43","Virginia","6/15/20","40","3","51067","7.5"
"Franklin City","0","44","Virginia","6/15/20","42","2","51620","4.76"
"Frederick","4","435","Virginia","6/15/20","409","26","51069","6.36"
"Fredericksburg","2","211","Virginia","6/15/20","196","15","51630","7.65"
"Galax","8","205","Virginia","6/15/20","147","58","51640","39.46"
"Giles","0","6","Virginia","6/15/20","5","1","51071","20"
"Gloucester","1","38","Virginia","6/15/20","33","5","51073","15.15"
"Goochland","1","116","Virginia","6/15/20","107","9","51075","8.41"
"Grayson","2","66","Virginia","6/15/20","54","12","51077","22.22"
"Greene","0","45","Virginia","6/15/20","44","1","51079","2.27"
"Greensville","13","344","Virginia","6/15/20","255","89","51081","34.9"
"Halifax","1","37","Virginia","6/15/20","32","5","51083","15.62"
"Hampton","2","241","Virginia","6/15/20","227","14","51650","6.17"
"Hanover","4","374","Virginia","6/15/20","347","27","51085","7.78"
"Harrisonburg","3","856","Virginia","6/15/20","833","23","51660","2.76"
"Henrico","23","2289","Virginia","6/15/20","2128","161","51087","7.57"
"Henry","5","202","Virginia","6/15/20","169","33","51089","19.53"
"Highland","0","3","Virginia","6/15/20","3","0","51091","0"
"Hopewell","3","141","Virginia","6/15/20","118","23","51670","19.49"
"Isle of Wight","2","156","Virginia","6/15/20","145","11","51093","7.59"
"James City","2","233","Virginia","6/15/20","217","16","51095","7.37"
"King and Queen","0","24","Virginia","6/15/20","24","0","51097","0"
"King George","1","88","Virginia","6/15/20","78","10","51099","12.82"
"King William","0","33","Virginia","6/15/20","32","1","51101","3.12"
"Lancaster","0","11","Virginia","6/15/20","10","1","51103","10"
"Lee","0","9","Virginia","6/15/20","10","-1","51105","-10"
"Lexington","0","8","Virginia","6/15/20","8","0","51678","0"
"Loudoun","37","3404","Virginia","6/15/20","3147","257","51107","8.17"
"Louisa","1","99","Virginia","6/15/20","94","5","51109","5.32"
"Lunenburg","1","21","Virginia","6/15/20","17","4","51111","23.53"
"Lynchburg","1","92","Virginia","6/15/20","88","4","51680","4.55"
"Madison","0","42","Virginia","6/15/20","41","1","51113","2.44"
"Manassas","9","1314","Virginia","6/15/20","1248","66","51683","5.29"
"Manassas Park","4","384","Virginia","6/15/20","359","25","51685","6.96"
"Martinsville","1","54","Virginia","6/15/20","50","4","51690","8"
"Mathews","0","5","Virginia","6/15/20","5","0","51115","0"
"Mecklenburg","1","229","Virginia","6/15/20","224","5","51117","2.23"
"Middlesex","0","14","Virginia","6/15/20","14","0","51119","0"
"Montgomery","0","95","Virginia","6/15/20","94","1","51121","1.06"
"Nelson","0","18","Virginia","6/15/20","17","1","51125","5.88"
"New Kent","0","46","Virginia","6/15/20","44","2","51127","4.55"
"Newport News","8","381","Virginia","6/15/20","322","59","51700","18.32"
"Norfolk","11","668","Virginia","6/15/20","589","79","51710","13.41"
"Northampton","1","262","Virginia","6/15/20","255","7","51131","2.75"
"Northumberland","0","27","Virginia","6/15/20","25","2","51133","8"
"Norton","0","2","Virginia","6/15/20","2","0","51720","0"
"Nottoway","2","67","Virginia","6/15/20","50","17","51135","34"
"Orange","2","131","Virginia","6/15/20","117","14","51137","11.97"
"Page","1","252","Virginia","6/15/20","245","7","51139","2.86"
"Patrick","1","32","Virginia","6/15/20","28","4","51141","14.29"
"Petersburg","3","191","Virginia","6/15/20","167","24","51730","14.37"
"Pittsylvania","3","70","Virginia","6/15/20","50","20","51143","40"
"Poquoson","0","12","Virginia","6/15/20","9","3","51735","33.33"
"Portsmouth","6","386","Virginia","6/15/20","343","43","51740","12.54"
"Powhatan","1","51","Virginia","6/15/20","47","4","51145","8.51"
"Prince Edward","3","170","Virginia","6/15/20","151","19","51147","12.58"
"Prince George","2","167","Virginia","6/15/20","150","17","51149","11.33"
"Prince William","47","6608","Virginia","6/15/20","6278","330","51153","5.26"
"Pulaski","0","30","Virginia","6/15/20","28","2","51155","7.14"
"Radford","0","8","Virginia","6/15/20","7","1","51750","14.29"
"Rappahannock","0","17","Virginia","6/15/20","15","2","51157","13.33"
"Richmond","0","292","Virginia","6/15/20","293","-1","51159","-0.34"
"Richmond City","26","1832","Virginia","6/15/20","1651","181","51760","10.96"
"Roanoke","2","134","Virginia","6/15/20","122","12","51161","9.84"
"Roanoke City","7","250","Virginia","6/15/20","199","51","51770","25.63"
"Rockbridge","0","19","Virginia","6/15/20","20","-1","51163","-5"
"Rockingham","6","629","Virginia","6/15/20","589","40","51165","6.79"
"Russell","0","8","Virginia","6/15/20","8","0","51167","0"
"Salem","1","44","Virginia","6/15/20","40","4","51775","10"
"Scott","0","8","Virginia","6/15/20","7","1","51169","14.29"
"Shenandoah","4","511","Virginia","6/15/20","484","27","51171","5.58"
"Smyth","1","20","Virginia","6/15/20","15","5","51173","33.33"
"Southampton","0","155","Virginia","6/15/20","153","2","51175","1.31"
"Spotsylvania","19","837","Virginia","6/15/20","707","130","51177","18.39"
"Stafford","11","893","Virginia","6/15/20","815","78","51179","9.57"
"Staunton","0","60","Virginia","6/15/20","58","2","51790","3.45"
"Suffolk","3","345","Virginia","6/15/20","325","20","51800","6.15"
"Surry","0","13","Virginia","6/15/20","10","3","51181","30"
"Sussex","1","183","Virginia","6/15/20","175","8","51183","4.57"
"Tazewell","0","9","Virginia","6/15/20","10","-1","51185","-10"
"Virginia Beach","13","899","Virginia","6/15/20","810","89","51810","10.99"
"Warren","2","231","Virginia","6/15/20","220","11","51187","5"
"Washington","0","58","Virginia","6/15/20","57","1","51191","1.75"
"Waynesboro","1","54","Virginia","6/15/20","49","5","51820","10.2"
"Westmoreland","1","87","Virginia","6/15/20","82","5","51193","6.1"
"Williamsburg","1","50","Virginia","6/15/20","46","4","51830","8.7"
"Winchester","4","265","Virginia","6/15/20","235","30","51840","12.77"
"Wise","0","27","Virginia","6/15/20","27","0","51195","0"
"Wythe","1","42","Virginia","6/15/20","36","6","51197","16.67"
"York","1","93","Virginia","6/15/20","86","7","51199","8.14"
"Adams","2","93","Washington","6/15/20","79","14","53001","17.72"
"Asotin","0","20","Washington","6/15/20","19","1","53003","5.26"
"Benton","30","1171","Washington","6/15/20","959","212","53005","22.11"
"Chelan","2","273","Washington","6/15/20","262","11","53007","4.2"
"Clallam","0","29","Washington","6/15/20","27","2","53009","7.41"
"Clark","8","620","Washington","6/15/20","566","54","53011","9.54"
"Columbia","0","1","Washington","6/15/20","1","0","53013","0"
"Cowlitz","3","109","Washington","6/15/20","86","23","53015","26.74"
"Douglas","1","183","Washington","6/15/20","178","5","53017","2.81"
"Ferry","0","1","Washington","6/15/20","1","0","53019","0"
"Franklin","29","946","Washington","6/15/20","746","200","53021","26.81"
"Grant","7","264","Washington","6/15/20","218","46","53025","21.1"
"Grays Harbor","0","20","Washington","6/15/20","19","1","53027","5.26"
"Island","0","182","Washington","6/15/20","182","0","53029","0"
"Jefferson","0","32","Washington","6/15/20","31","1","53031","3.23"
"King","41","8785","Washington","6/15/20","8496","289","53033","3.4"
"Kitsap","2","178","Washington","6/15/20","165","13","53035","7.88"
"Kittitas","0","92","Washington","6/15/20","90","2","53037","2.22"
"Klickitat","2","46","Washington","6/15/20","35","11","53039","31.43"
"Lewis","0","39","Washington","6/15/20","37","2","53041","5.41"
"Lincoln","0","2","Washington","6/15/20","2","0","53043","0"
"Mason","0","40","Washington","6/15/20","38","2","53045","5.26"
"Okanogan","0","58","Washington","6/15/20","56","2","53047","3.57"
"Pacific","0","12","Washington","6/15/20","9","3","53049","33.33"
"Pend Oreille","0","3","Washington","6/15/20","3","0","53051","0"
"Pierce","15","2143","Washington","6/15/20","2040","103","53053","5.05"
"San Juan","0","15","Washington","6/15/20","15","0","53055","0"
"Skagit","2","463","Washington","6/15/20","450","13","53057","2.89"
"Skamania","0","3","Washington","6/15/20","3","0","53059","0"
"Snohomish","16","3152","Washington","6/15/20","3039","113","53061","3.72"
"Spokane","11","833","Washington","6/15/20","753","80","53063","10.62"
"Stevens","0","15","Washington","6/15/20","13","2","53065","15.38"
"Thurston","3","190","Washington","6/15/20","170","20","53067","11.76"
"Wahkiakum","0","4","Washington","6/15/20","4","0","53069","0"
"Walla Walla","1","120","Washington","6/15/20","116","4","53071","3.45"
"Whatcom","5","453","Washington","6/15/20","419","34","53073","8.11"
"Whitman","1","27","Washington","6/15/20","20","7","53075","35"
"Yakima","112","5450","Washington","6/15/20","4665","785","53077","16.83"
"Barbour","0","10","West Virginia","6/15/20","8","2","54001","25"
"Berkeley","7","395","West Virginia","6/15/20","347","48","54003","13.83"
"Boone","0","18","West Virginia","6/15/20","15","3","54005","20"
"Braxton","0","3","West Virginia","6/15/20","2","1","54007","50"
"Brooke","0","6","West Virginia","6/15/20","5","1","54009","20"
"Cabell","1","75","West Virginia","6/15/20","70","5","54011","7.14"
"Calhoun","0","2","West Virginia","6/15/20","2","0","54013","0"
"Clay","0","10","West Virginia","6/15/20","7","3","54015","42.86"
"Fayette","0","54","West Virginia","6/15/20","54","0","54019","0"
"Gilmer","0","10","West Virginia","6/15/20","10","0","54021","0"
"Grant","0","16","West Virginia","6/15/20","14","2","54023","14.29"
"Greenbrier","3","30","West Virginia","6/15/20","9","21","54025","233.33"
"Hampshire","1","39","West Virginia","6/15/20","33","6","54027","18.18"
"Hancock","0","20","West Virginia","6/15/20","20","0","54029","0"
"Hardy","0","40","West Virginia","6/15/20","40","0","54031","0"
"Harrison","1","48","West Virginia","6/15/20","40","8","54033","20"
"Jackson","0","141","West Virginia","6/15/20","140","1","54035","0.71"
"Jefferson","1","209","West Virginia","6/15/20","204","5","54037","2.45"
"Kanawha","1","247","West Virginia","6/15/20","242","5","54039","2.07"
"Lewis","0","8","West Virginia","6/15/20","8","0","54041","0"
"Lincoln","0","5","West Virginia","6/15/20","5","0","54043","0"
"Logan","0","21","West Virginia","6/15/20","20","1","54045","5"
"Marion","0","53","West Virginia","6/15/20","53","0","54049","0"
"Marshall","1","37","West Virginia","6/15/20","32","5","54051","15.62"
"Mason","0","15","West Virginia","6/15/20","15","0","54053","0"
"McDowell","0","6","West Virginia","6/15/20","6","0","54047","0"
"Mercer","0","14","West Virginia","6/15/20","13","1","54055","7.69"
"Mineral","0","51","West Virginia","6/15/20","50","1","54057","2"
"Mingo","0","12","West Virginia","6/15/20","9","3","54059","33.33"
"Monongalia","1","145","West Virginia","6/15/20","141","4","54061","2.84"
"Monroe","0","9","West Virginia","6/15/20","8","1","54063","12.5"
"Morgan","0","19","West Virginia","6/15/20","19","0","54065","0"
"Nicholas","0","7","West Virginia","6/15/20","7","0","54067","0"
"Ohio","1","57","West Virginia","6/15/20","50","7","54069","14"
"Pendleton","0","13","West Virginia","6/15/20","13","0","54071","0"
"Pleasants","0","4","West Virginia","6/15/20","4","0","54073","0"
"Pocahontas","0","21","West Virginia","6/15/20","21","0","54075","0"
"Preston","0","24","West Virginia","6/15/20","24","0","54077","0"
"Putnam","0","42","West Virginia","6/15/20","40","2","54079","5"
"Raleigh","1","26","West Virginia","6/15/20","18","8","54081","44.44"
"Randolph","1","140","West Virginia","6/15/20","134","6","54083","4.48"
"Ritchie","0","2","West Virginia","6/15/20","1","1","54085","100"
"Roane","0","11","West Virginia","6/15/20","10","1","54087","10"
"Summers","0","1","West Virginia","6/15/20","1","0","54089","0"
"Taylor","0","10","West Virginia","6/15/20","9","1","54091","11.11"
"Tucker","0","5","West Virginia","6/15/20","6","-1","54093","-16.67"
"Tyler","0","3","West Virginia","6/15/20","3","0","54095","0"
"Upshur","0","7","West Virginia","6/15/20","7","0","54097","0"
"Wayne","0","106","West Virginia","6/15/20","103","3","54099","2.91"
"Wetzel","0","9","West Virginia","6/15/20","9","0","54103","0"
"Wirt","0","4","West Virginia","6/15/20","4","0","54105","0"
"Wood","0","56","West Virginia","6/15/20","53","3","54107","5.66"
"Wyoming","0","5","West Virginia","6/15/20","3","2","54109","66.67"
"Adams","0","8","Wisconsin","6/15/20","5","3","55001","60"
"Ashland","0","3","Wisconsin","6/15/20","3","0","55003","0"
"Barron","1","25","Wisconsin","6/15/20","20","5","55005","25"
"Bayfield","0","3","Wisconsin","6/15/20","3","0","55007","0"
"Brown","13","2469","Wisconsin","6/15/20","2377","92","55009","3.87"
"Buffalo","0","7","Wisconsin","6/15/20","6","1","55011","16.67"
"Burnett","0","2","Wisconsin","6/15/20","1","1","55013","100"
"Calumet","1","86","Wisconsin","6/15/20","81","5","55015","6.17"
"Chippewa","0","62","Wisconsin","6/15/20","59","3","55017","5.08"
"Clark","1","51","Wisconsin","6/15/20","42","9","55019","21.43"
"Columbia","1","56","Wisconsin","6/15/20","46","10","55021","21.74"
"Crawford","0","27","Wisconsin","6/15/20","26","1","55023","3.85"
"Dane","16","968","Wisconsin","6/15/20","856","112","55025","13.08"
"Dodge","3","424","Wisconsin","6/15/20","400","24","55027","6"
"Door","0","39","Wisconsin","6/15/20","39","0","55029","0"
"Douglas","0","20","Wisconsin","6/15/20","20","0","55031","0"
"Dunn","0","29","Wisconsin","6/15/20","29","0","55033","0"
"Eau Claire","2","137","Wisconsin","6/15/20","124","13","55035","10.48"
"Florence","0","2","Wisconsin","6/15/20","2","0","55037","0"
"Fond du Lac","4","269","Wisconsin","6/15/20","239","30","55039","12.55"
"Forest","0","34","Wisconsin","6/15/20","33","1","55041","3.03"
"Grant","1","107","Wisconsin","6/15/20","98","9","55043","9.18"
"Green","1","75","Wisconsin","6/15/20","71","4","55045","5.63"
"Green Lake","0","24","Wisconsin","6/15/20","23","1","55047","4.35"
"Iowa","0","17","Wisconsin","6/15/20","17","0","55049","0"
"Iron","0","2","Wisconsin","6/15/20","2","0","55051","0"
"Jackson","0","21","Wisconsin","6/15/20","20","1","55053","5"
"Jefferson","4","160","Wisconsin","6/15/20","130","30","55055","23.08"
"Juneau","0","25","Wisconsin","6/15/20","23","2","55057","8.7"
"Kenosha","10","1357","Wisconsin","6/15/20","1286","71","55059","5.52"
"Kewaunee","0","37","Wisconsin","6/15/20","36","1","55061","2.78"
"La Crosse","8","123","Wisconsin","6/15/20","70","53","55063","75.71"
"Lafayette","1","43","Wisconsin","6/15/20","33","10","55065","30.3"
"Langlade","0","6","Wisconsin","6/15/20","8","-2","55067","-25"
"Lincoln","0","8","Wisconsin","6/15/20","7","1","55069","14.29"
"Manitowoc","1","47","Wisconsin","6/15/20","40","7","55071","17.5"
"Marathon","3","82","Wisconsin","6/15/20","64","18","55073","28.12"
"Marinette","1","40","Wisconsin","6/15/20","36","4","55075","11.11"
"Marquette","1","9","Wisconsin","6/15/20","5","4","55077","80"
"Menominee","0","4","Wisconsin","6/15/20","3","1","55078","33.33"
"Milwaukee","98","9588","Wisconsin","6/15/20","8900","688","55079","7.73"
"Monroe","2","33","Wisconsin","6/15/20","19","14","55081","73.68"
"Oconto","0","45","Wisconsin","6/15/20","42","3","55083","7.14"
"Oneida","0","16","Wisconsin","6/15/20","13","3","55085","23.08"
"Outagamie","9","343","Wisconsin","6/15/20","277","66","55087","23.83"
"Ozaukee","1","193","Wisconsin","6/15/20","184","9","55089","4.89"
"Pepin","0","1","Wisconsin","6/15/20","1","0","55091","0"
"Pierce","1","57","Wisconsin","6/15/20","50","7","55093","14"
"Polk","1","37","Wisconsin","6/15/20","33","4","55095","12.12"
"Portage","6","79","Wisconsin","6/15/20","35","44","55097","125.71"
"Price","0","2","Wisconsin","6/15/20","2","0","55099","0"
"Racine","11","1991","Wisconsin","6/15/20","1911","80","55101","4.19"
"Richland","0","14","Wisconsin","6/15/20","14","0","55103","0"
"Rock","7","754","Wisconsin","6/15/20","707","47","55105","6.65"
"Rusk","1","10","Wisconsin","6/15/20","5","5","55107","100"
"Sauk","0","85","Wisconsin","6/15/20","83","2","55111","2.41"
"Sawyer","0","9","Wisconsin","6/15/20","8","1","55113","12.5"
"Shawano","1","64","Wisconsin","6/15/20","57","7","55115","12.28"
"Sheboygan","6","158","Wisconsin","6/15/20","114","44","55117","38.6"
"St. Croix","1","111","Wisconsin","6/15/20","106","5","55109","4.72"
"Taylor","0","5","Wisconsin","6/15/20","2","3","55119","150"
"Trempealeau","3","64","Wisconsin","6/15/20","42","22","55121","52.38"
"Vernon","0","24","Wisconsin","6/15/20","21","3","55123","14.29"
"Vilas","0","8","Wisconsin","6/15/20","8","0","55125","0"
"Walworth","4","471","Wisconsin","6/15/20","440","31","55127","7.05"
"Washburn","0","3","Wisconsin","6/15/20","3","0","55129","0"
"Washington","2","294","Wisconsin","6/15/20","279","15","55131","5.38"
"Waukesha","13","915","Wisconsin","6/15/20","823","92","55133","11.18"
"Waupaca","3","79","Wisconsin","6/15/20","58","21","55135","36.21"
"Waushara","1","16","Wisconsin","6/15/20","10","6","55137","60"
"Winnebago","19","532","Wisconsin","6/15/20","397","135","55139","34.01"
"Wood","2","23","Wisconsin","6/15/20","11","12","55141","109.09"
"Albany","0","27","Wyoming","6/15/20","26","1","56001","3.85"
"Big Horn","0","11","Wyoming","6/15/20","8","3","56003","37.5"
"Campbell","1","45","Wyoming","6/15/20","35","10","56005","28.57"
"Carbon","1","22","Wyoming","6/15/20","16","6","56007","37.5"
"Converse","0","24","Wyoming","6/15/20","24","0","56009","0"
"Crook","0","6","Wyoming","6/15/20","5","1","56011","20"
"Fremont","2","308","Wyoming","6/15/20","297","11","56013","3.7"
"Goshen","0","5","Wyoming","6/15/20","5","0","56015","0"
"Hot Springs","0","12","Wyoming","6/15/20","12","0","56017","0"
"Johnson","0","18","Wyoming","6/15/20","18","0","56019","0"
"Laramie","1","196","Wyoming","6/15/20","188","8","56021","4.26"
"Lincoln","0","15","Wyoming","6/15/20","15","0","56023","0"
"Natrona","0","87","Wyoming","6/15/20","87","0","56025","0"
"Niobrara","0","2","Wyoming","6/15/20","2","0","56027","0"
"Park","0","5","Wyoming","6/15/20","2","3","56029","150"
"Platte","0","1","Wyoming","6/15/20","1","0","56031","0"
"Sheridan","0","19","Wyoming","6/15/20","18","1","56033","5.56"
"Sublette","0","3","Wyoming","6/15/20","3","0","56035","0"
"Sweetwater","1","40","Wyoming","6/15/20","33","7","56037","21.21"
"Teton","1","105","Wyoming","6/15/20","100","5","56039","5"
"Uinta","9","88","Wyoming","6/15/20","25","63","56041","252"
"Washakie","0","39","Wyoming","6/15/20","39","0","56043","0"
"Weston","0","1","Wyoming","6/15/20","1","0","56045","0"
